date,open,high,close,low,volume,price_change,p_change,ma5,ma10,ma20,v_ma5,v_ma10,v_ma20,turnover
2018-04-17,15.05,15.15,14.86,14.83,15656.38,-0.19,-1.26,15.094,15.215,15.015,23916.15,37419.28,38044.85,0.39
2018-04-16,15.0,15.16,15.03,14.85,23389.68,-0.07,-0.46,15.164,15.326,14.987,25595.14,43591.52,37943.03,0.58
2018-04-13,15.6,15.82,15.11,15.05,32211.25,-0.28,-1.82,15.164,15.423,14.941,27936.32,50084.95,37537.85,0.8
2018-04-12,15.02,15.5,15.4,15.02,30206.94,0.31,2.05,15.16,15.407,14.901,31511.45,50141.95,36488.34,0.75
2018-04-11,15.28,15.34,15.07,15.05,18116.48,-0.12,-0.79,15.182,15.341,14.858,42812.26,50045.64,35913.19,0.45
2018-04-10,15.1,15.22,15.21,14.94,24051.37,0.17,1.13,15.336,15.245,14.831,50922.42,50235.13,36093.5,0.6
2018-04-09,15.04,15.19,15.03,14.78,35095.56,-0.07,-0.46,15.488,15.104,14.793,61587.9,51476.35,35723.26,0.87
2018-04-04,15.55,15.66,15.09,15.04,50086.88,-0.56,-3.58,15.682,15.071,14.755,72233.57,49557.67,34693.09,1.24
2018-04-03,15.7,16.53,15.51,15.46,86711.0,-0.37,-2.33,15.654,15.036,14.708,68772.46,48705.12,32883.13,2.15
2018-04-02,15.99,16.04,15.84,15.65,58667.28,-0.15,-0.94,15.5,14.967,14.653,57279.02,43171.26,30088.12,1.45
2018-03-30,16.05,16.53,15.97,15.71,77378.77,-0.11,-0.68,15.154,14.815,14.562,49547.85,38670.41,27810.54,1.92
2018-03-29,14.98,16.35,16.0,14.76,88323.94,1.05,7.02,14.72,14.647,14.46,41364.8,32294.55,24751.83,2.19
2018-03-28,14.7,15.06,14.95,14.52,32781.29,0.21,1.43,14.46,14.458,14.365,26881.76,24990.75,21238.7,0.81
2018-03-27,14.23,14.78,14.74,14.22,29243.8,0.63,4.46,14.418,14.394,14.316,28637.78,22834.72,20275.61,0.72
2018-03-26,13.75,14.11,14.11,13.3,20011.45,0.32,2.32,14.434,14.374,14.274,29063.51,21780.74,19782.19,0.5
2018-03-23,14.3,14.4,13.8,13.67,36463.54,-0.9,-6.12,14.476,14.417,14.268,27792.97,21951.86,20036.14,0.9
2018-03-22,14.69,14.92,14.7,14.55,15908.71,-0.03,-0.2,14.574,14.482,14.256,23224.29,19970.18,18834.54,0.39
2018-03-21,14.74,15.24,14.74,14.65,41561.42,-0.09,-0.61,14.456,14.438,14.199,23099.74,19828.51,18726.38,1.03
2018-03-20,14.12,14.94,14.82,14.12,31372.42,0.53,3.71,14.37,14.38,14.131,17031.66,17061.14,17081.76,0.78
2018-03-19,14.28,14.51,14.32,14.25,13658.77,0.04,0.28,14.314,14.339,14.059,14497.98,17004.98,16293.12,0.34
2018-03-16,14.2,14.45,14.29,14.16,13620.11,0.17,1.2,14.358,14.308,14.007,16110.74,16950.66,16210.46,0.34
2018-03-15,14.3,14.35,14.11,13.95,15286.0,-0.21,-1.47,14.39,14.272,13.947,16716.07,17209.11,16713.31,0.38
2018-03-14,14.48,14.52,14.31,14.3,11221.0,-0.19,-1.31,14.42,14.271,13.914,16557.27,17486.64,16767.63,0.28
2018-03-13,14.59,14.68,14.54,14.42,18704.0,0.02,0.14,14.39,14.237,13.858,17090.62,17716.5,17488.22,0.46
2018-03-12,14.46,14.78,14.54,14.46,21722.59,0.09,0.62,14.364,14.174,13.783,19511.99,17783.64,18666.89,0.54
2018-03-09,14.26,14.48,14.45,14.24,16646.74,0.19,1.33,14.258,14.119,13.761,17790.58,18120.42,19127.56,0.41
2018-03-08,14.2,14.34,14.26,14.08,14492.02,0.11,0.78,14.154,14.03,13.762,17702.16,17698.91,20894.22,0.36
2018-03-07,14.4,14.4,14.16,14.13,13887.74,-0.25,-1.74,14.122,13.959,13.803,18416.02,17624.25,21925.18,0.34
2018-03-06,14.08,14.47,14.41,14.05,30810.84,0.41,2.93,14.084,13.881,13.886,18342.37,17102.38,22725.99,0.76
2018-03-05,13.97,14.1,14.01,13.92,13115.56,0.08,0.57,13.984,13.778,13.967,16055.29,15581.26,21857.23,0.33
2018-03-02,14.0,14.13,13.93,13.87,16204.62,-0.18,-1.28,13.98,13.706,14.063,18450.26,15470.27,22294.25,0.4
2018-03-01,13.83,14.15,14.1,13.83,18061.33,0.13,0.93,13.906,13.621,14.172,17695.66,16217.52,22874.5,0.45
2018-02-28,13.86,14.1,13.97,13.81,13519.51,0.05,0.36,13.796,13.556,14.271,16832.48,16048.62,23874.92,0.34
2018-02-27,14.06,14.15,13.91,13.9,19375.42,-0.08,-0.57,13.678,13.478,14.397,15862.38,17259.95,24109.47,0.48
2018-02-26,13.62,14.0,13.99,13.59,25090.4,0.43,3.17,13.572,13.392,14.523,15107.24,19550.14,23691.53,0.62
2018-02-23,13.53,13.63,13.56,13.48,12431.62,0.01,0.07,13.432,13.402,14.64,12490.28,20134.7,23067.67,0.31
2018-02-22,13.55,13.6,13.55,13.45,13745.44,0.17,1.27,13.336,13.494,14.771,14739.37,24089.54,23065.86,0.34
2018-02-14,13.45,13.45,13.38,13.31,8669.01,-0.01,-0.07,13.316,13.647,14.903,15264.76,26226.1,23426.69,0.21
2018-02-13,13.39,13.66,13.38,13.3,15599.71,0.11,0.83,13.278,13.891,15.056,18657.53,28349.6,23730.79,0.39
2018-02-12,13.08,13.43,13.29,13.08,12005.6,0.26,2.0,13.212,14.156,15.208,23993.05,28133.2,23702.18,0.3
2018-02-09,13.17,13.23,13.08,12.88,23677.11,-0.35,-2.61,13.372,14.419,15.361,27779.13,29118.24,24114.26,0.59
2018-02-08,13.09,13.46,13.45,13.09,16372.35,0.28,2.13,13.652,14.722,15.546,33439.71,29531.48,23694.88,0.41
2018-02-07,13.28,13.4,13.19,12.82,25632.88,0.14,1.07,13.978,14.985,15.709,37187.45,31701.23,23480.35,0.64
2018-02-06,13.76,13.78,13.05,13.0,42277.3,-1.02,-7.25,14.504,15.316,15.888,38041.68,30958.98,23055.08,1.05
2018-02-05,14.25,14.34,14.09,14.0,30936.02,-0.39,-2.69,15.1,15.653,16.086,32273.35,27832.92,21915.44,0.77
2018-02-02,15.09,15.2,14.48,14.46,51980.0,-0.56,-3.72,15.466,15.877,16.232,30457.35,26000.64,21246.28,1.29
2018-02-01,15.8,15.86,15.08,14.97,35111.05,-0.71,-4.5,15.792,16.047,16.364,25623.26,22042.19,20326.51,0.87
2018-01-31,16.05,16.16,15.82,15.78,29904.02,-0.19,-1.19,15.992,16.159,16.448,26215.0,20627.28,19314.26,0.74
2018-01-30,15.99,16.09,16.03,15.88,13435.66,0.12,0.75,16.128,16.221,16.5,23876.29,19111.97,18487.77,0.33
2018-01-29,16.08,16.15,15.92,15.89,21856.01,-0.19,-1.18,16.206,16.259,16.543,23392.49,19271.16,18538.59,0.54
2018-01-26,16.09,16.2,16.11,15.94,27809.55,0.03,0.19,16.288,16.302,16.587,21543.93,19110.28,17927.41,0.69
2018-01-25,16.5,16.53,16.08,16.07,38069.77,-0.41,-2.49,16.302,16.37,16.616,18461.11,17858.28,17272.31,0.94
2018-01-24,16.43,16.53,16.5,16.2,18210.46,0.07,0.43,16.326,16.432,16.652,15039.56,15259.48,16674.85,0.45
2018-01-23,16.32,16.46,16.42,16.2,11016.66,0.09,0.55,16.314,16.459,16.661,14347.65,15151.18,16690.92,0.27
2018-01-22,16.16,16.37,16.33,16.08,12613.21,0.16,0.99,16.312,16.518,16.662,15149.84,15997.97,16829.15,0.31
2018-01-19,16.21,16.31,16.18,16.09,12395.47,-0.03,-0.18,16.316,16.586,16.661,16676.62,16491.91,16732.27,0.31
2018-01-18,16.47,16.48,16.2,16.16,20962.02,-0.22,-1.34,16.438,16.681,16.664,17255.44,18610.84,16848.0,0.52
2018-01-17,16.39,16.59,16.44,16.28,14750.9,0.0,0.0,16.538,16.736,16.663,15479.39,18001.24,16609.81,0.37
2018-01-16,16.35,16.55,16.41,16.31,15027.59,0.06,0.37,16.604,16.778,16.67,15954.71,17863.58,16411.47,0.37
2018-01-15,16.8,16.85,16.35,16.25,20247.14,-0.44,-2.62,16.724,16.826,16.679,16846.09,17806.02,16315.49,0.5
2018-01-12,16.71,16.92,16.79,16.6,15289.56,0.08,0.48,16.856,16.871,16.693,16307.2,16744.55,15934.61,0.38
2018-01-11,16.81,16.81,16.7,16.62,12081.77,-0.08,-0.48,16.924,16.862,16.684,19966.24,16686.35,15930.44,0.3
2018-01-10,16.91,16.98,16.77,16.71,17127.51,-0.24,-1.41,16.934,16.872,16.686,20523.08,18090.22,16369.51,0.42
2018-01-09,16.9,17.15,17.01,16.85,19484.49,0.02,0.12,16.952,16.863,16.666,19772.44,18230.65,15995.83,0.48
2018-01-08,17.05,17.16,17.01,16.91,17552.67,-0.15,-0.87,16.928,16.805,16.643,18765.94,17660.33,15570.16,0.44
2018-01-05,16.77,17.2,17.13,16.7,33584.75,0.39,2.33,16.886,16.735,16.611,17181.9,16972.62,15192.13,0.83
2018-01-04,16.86,16.92,16.75,16.7,14865.98,-0.11,-0.65,16.8,16.647,16.573,13406.46,15085.17,14539.07,0.37
2018-01-03,16.9,16.96,16.86,16.82,13374.31,-0.03,-0.18,16.81,16.589,16.539,15657.37,15218.39,14350.66,0.33
2018-01-02,16.8,16.95,16.89,16.75,14452.0,0.1,0.6,16.774,16.561,16.492,16688.86,14959.36,14540.55,0.36
2017-12-29,16.69,16.85,16.8,16.65,9632.44,0.11,0.66,16.682,16.532,16.464,16554.72,14824.96,14545.92,0.24
2017-12-28,16.77,16.87,16.7,16.61,14707.56,-0.1,-0.59,16.584,16.515,16.445,16763.35,15124.67,15170.39,0.36
2017-12-27,16.7,16.95,16.8,16.6,26120.52,0.12,0.72,16.494,16.505,16.42,16763.88,15174.53,15012.49,0.65
2017-12-26,16.45,16.7,16.68,16.32,18531.76,0.24,1.46,16.368,16.499,16.394,14779.42,14648.79,14410.2,0.46
2017-12-25,16.34,16.49,16.43,16.3,13781.33,0.11,0.67,16.348,16.469,16.374,13229.87,13761.01,14172.23,0.34
2017-12-22,16.3,16.47,16.31,16.2,10675.56,0.08,0.49,16.382,16.48,16.362,13095.19,13479.99,14833.69,0.26
2017-12-21,16.19,16.33,16.25,16.02,14710.23,0.09,0.56,16.446,16.486,16.348,13485.99,13411.63,15453.03,0.36
2017-12-20,16.58,16.63,16.17,16.14,16198.23,-0.41,-2.47,16.516,16.499,16.319,13585.17,13992.98,15774.77,0.4
2017-12-19,16.66,16.7,16.58,16.5,10784.0,-0.01,-0.06,16.63,16.489,16.312,14518.16,13482.93,15741.65,0.27
2017-12-18,16.7,16.95,16.6,16.47,13107.93,-0.04,-0.24,16.59,16.423,16.285,14292.15,14121.73,16076.3,0.32
2017-12-15,16.6,16.76,16.63,16.52,12629.56,0.03,0.18,16.578,16.395,16.264,13864.79,14266.89,16773.97,0.31
2017-12-14,16.7,16.77,16.6,16.52,15206.15,-0.15,-0.9,16.526,16.375,16.239,13337.28,15216.11,18051.53,0.38
2017-12-13,16.31,16.77,16.74,16.31,20863.17,0.39,2.38,16.482,16.334,16.247,14400.78,14850.45,18205.92,0.52
2017-12-12,16.56,16.56,16.38,16.34,9653.95,-0.15,-0.91,16.348,16.288,16.243,12447.7,14171.6,18218.84,0.24
2017-12-11,16.44,16.56,16.54,16.39,10971.11,0.15,0.92,16.256,16.279,16.264,13951.3,14583.44,19146.91,0.27
2017-12-08,16.45,16.52,16.37,16.31,9992.0,0.0,0.0,16.212,16.244,16.279,14669.0,16187.39,19787.3,0.25
2017-12-07,15.98,16.62,16.38,15.96,20523.68,0.32,1.99,16.224,16.209,16.313,17094.94,17494.43,20398.72,0.51
2017-12-06,15.91,16.12,16.07,15.89,11097.77,0.16,1.01,16.186,16.138,16.343,15300.12,17556.56,20586.17,0.28
2017-12-05,16.31,16.31,15.92,15.8,17171.95,-0.4,-2.45,16.228,16.135,16.391,15895.5,18000.37,21381.26,0.43
2017-12-04,16.44,16.5,16.32,16.24,14559.59,-0.11,-0.67,16.302,16.146,16.454,15215.59,18030.87,22492.5,0.36
2017-12-01,16.23,16.6,16.43,16.21,22121.71,0.25,1.54,16.276,16.133,16.486,17705.78,19281.06,23072.94,0.55
2017-11-30,16.27,16.35,16.19,16.11,11549.59,-0.09,-0.55,16.194,16.103,16.506,17893.92,20886.95,23661.38,0.29
2017-11-29,16.31,16.49,16.28,16.05,14074.64,-0.01,-0.06,16.09,16.16,16.551,19813.0,21561.38,24304.33,0.35
2017-11-28,16.15,16.43,16.29,16.12,13772.4,0.09,0.56,16.042,16.198,16.598,20105.24,22266.07,25363.79,0.34
2017-11-27,16.06,16.54,16.19,15.84,27010.58,0.19,1.19,15.99,16.248,16.633,20846.16,23710.37,26769.55,0.67
2017-11-24,15.67,16.14,16.02,15.65,23062.38,0.36,2.3,15.99,16.313,16.679,20856.33,23387.21,31500.98,0.57
2017-11-23,16.04,16.08,15.67,15.65,21145.01,-0.37,-2.31,16.012,16.416,16.803,23879.99,23303.02,32115.19,0.52
2017-11-22,16.01,16.11,16.04,16.0,15535.84,0.0,0.0,16.23,16.547,16.957,23309.76,23615.77,33071.31,0.39
2017-11-21,16.11,16.25,16.03,15.95,17477.0,-0.16,-0.99,16.354,16.647,17.102,24426.9,24762.15,34707.27,0.43
2017-11-20,16.13,16.2,16.19,15.78,27061.42,0.07,0.43,16.506,16.762,17.232,26574.57,26954.13,35508.64,0.67
2017-11-17,16.82,16.82,16.13,16.1,38180.68,-0.63,-3.76,16.636,16.838,17.364,25918.09,26864.82,35753.0,0.95
2017-11-16,16.7,16.84,16.76,16.66,18293.88,0.1,0.6,16.82,16.908,17.499,22726.05,26435.81,35538.75,0.45
2017-11-15,16.77,16.84,16.66,16.65,21121.54,-0.14,-0.83,16.864,16.941,17.6,23921.78,27047.28,38034.97,0.52
2017-11-14,16.89,16.89,16.79,16.66,28215.33,-0.05,-0.3,16.94,16.998,17.69,25097.4,28461.52,39482.83,0.7
2017-11-13,17.06,17.06,16.84,16.78,23779.0,-0.2,-1.17,17.018,17.018,17.783,27333.69,29828.73,40202.85,0.59
2017-11-10,16.95,17.1,17.05,16.88,22220.49,0.1,0.59,17.04,17.044,17.869,27811.55,39614.76,43440.44,0.55
2017-11-09,17.08,17.1,16.98,16.91,24272.54,-0.06,-0.35,16.996,17.189,17.975,30145.57,40927.36,46813.92,0.6
2017-11-08,17.21,17.28,17.04,17.01,26999.62,-0.14,-0.81,17.018,17.367,18.095,30172.79,42526.85,50154.06,0.67
2017-11-07,16.95,17.2,17.18,16.9,39396.79,0.23,1.36,17.056,17.557,18.207,31825.64,44652.38,58382.84,0.98
2017-11-06,16.84,17.02,16.95,16.61,26168.31,0.12,0.71,17.018,17.701,18.35,32323.78,44063.16,67678.29,0.65
2017-11-03,17.08,17.14,16.83,16.76,33890.57,-0.26,-1.52,17.048,17.89,18.428,51417.97,44641.19,69724.09,0.84
2017-11-02,17.25,17.27,17.09,16.96,24408.66,-0.14,-0.81,17.382,18.089,18.477,51709.15,44641.69,69211.43,0.6
2017-11-01,17.02,17.3,17.23,17.02,35263.85,0.24,1.41,17.716,18.258,18.505,54880.91,49022.66,68872.4,0.87
2017-10-31,17.1,17.25,16.99,16.84,41887.49,-0.11,-0.64,18.058,18.381,18.523,57479.13,50504.14,67759.96,1.04
2017-10-30,17.62,17.79,17.1,17.0,121639.27,-1.4,-7.57,18.384,18.548,18.552,55802.54,50576.97,66601.14,3.01
2017-10-27,18.71,18.82,18.5,18.48,35346.48,-0.26,-1.39,18.732,18.694,18.585,37864.41,47266.12,61351.01,0.88
2017-10-26,18.8,18.97,18.76,18.65,40267.44,-0.18,-0.95,18.796,18.76,18.545,37574.22,52700.48,61861.74,1.0
2017-10-25,18.59,18.97,18.94,18.47,48254.98,0.32,1.72,18.8,18.822,18.518,43164.41,57781.27,61335.27,1.2
2017-10-24,18.84,18.85,18.62,18.51,33504.55,-0.22,-1.17,18.704,18.856,18.484,43529.15,72113.3,60010.42,0.83
2017-10-23,18.82,18.85,18.84,18.63,31948.61,0.02,0.11,18.712,18.998,18.467,45351.4,91293.43,59788.99,0.79
2017-10-20,18.55,18.85,18.82,18.55,33895.53,0.04,0.21,18.656,18.965,18.445,56667.83,94807.0,59402.96,0.84
2017-10-19,18.44,18.92,18.78,18.38,68218.39,0.32,1.73,18.724,18.864,18.419,67826.74,93781.18,59232.23,1.69
2017-10-18,18.57,18.95,18.46,18.43,50078.69,-0.2,-1.07,18.844,18.751,18.392,72398.13,88722.14,57223.46,1.24
2017-10-17,18.57,18.7,18.66,18.4,42615.78,0.1,0.54,19.008,18.664,18.389,100697.45,85015.77,56016.05,1.06
2017-10-16,19.0,19.0,18.56,18.45,88530.78,-0.6,-3.13,19.284,18.556,18.369,137235.45,82625.31,55981.16,2.19
2017-10-13,19.35,19.66,19.16,19.08,89690.07,-0.22,-1.14,19.274,18.475,18.365,132946.16,75435.89,53352.46,2.22
2017-10-12,19.34,19.45,19.38,18.95,91075.34,0.1,0.52,19.004,18.33,18.324,119735.61,71023.0,51277.89,2.26
2017-10-11,20.0,20.6,19.28,19.2,191575.3,-0.76,-3.79,18.658,18.213,18.282,105046.15,64889.27,51077.13,4.75
2017-10-10,18.5,20.1,20.04,18.4,225305.78,1.53,8.27,18.32,18.112,18.225,69334.09,47907.54,43575.08,5.58
2017-10-09,17.98,18.58,18.51,17.92,67084.3,0.7,3.93,17.828,17.935,18.119,28015.17,28284.56,34086.84,1.66
2017-09-29,17.69,18.02,17.81,17.63,23637.33,0.16,0.91,17.676,17.924,18.082,17925.62,23998.93,32663.72,0.59
2017-09-28,17.57,17.74,17.65,17.51,17628.06,0.06,0.34,17.656,17.973,18.085,22310.39,24683.28,33258.02,0.44
2017-09-27,17.54,17.66,17.59,17.5,13015.0,0.01,0.06,17.768,18.032,18.098,24732.39,25724.78,34459.59,0.32
2017-09-26,17.71,17.77,17.58,17.51,18711.16,-0.17,-0.96,17.904,18.113,18.127,26480.99,27016.33,34924.18,0.46
2017-09-25,17.72,17.83,17.75,17.7,16636.53,0.04,0.23,18.042,18.182,18.153,28553.94,29337.01,35279.37,0.41
2017-09-22,18.16,18.2,17.71,17.7,45561.22,-0.5,-2.75,18.172,18.254,18.174,30072.24,31269.04,35926.87,1.13
2017-09-21,18.3,18.42,18.21,18.19,29738.02,-0.06,-0.33,18.29,18.318,18.183,27056.16,31532.78,34972.27,0.74
2017-09-20,18.2,18.34,18.27,18.2,21758.0,0.0,0.0,18.296,18.35,18.159,26717.16,37264.99,35357.38,0.54
2017-09-19,18.42,18.49,18.27,18.21,29075.95,-0.13,-0.71,18.322,18.337,18.149,27551.66,39242.62,35773.39,0.72
2017-09-18,18.31,18.44,18.4,18.25,24227.99,0.1,0.55,18.322,18.303,18.153,30120.08,39889.12,35370.0,0.6
2017-09-15,18.19,18.48,18.3,18.18,30480.85,0.06,0.33,18.336,18.239,18.151,32465.84,41328.5,35436.51,0.76
2017-09-14,18.4,18.4,18.24,18.2,28043.03,-0.16,-0.87,18.346,18.196,18.148,36009.39,41832.76,35285.78,0.7
2017-09-13,18.29,18.44,18.4,18.23,25930.5,0.13,0.71,18.404,18.163,18.157,47812.82,43194.4,35305.27,0.64
2017-09-12,18.48,18.51,18.27,18.21,41918.03,-0.2,-1.08,18.352,18.14,18.149,50933.58,42832.03,36153.65,1.04
2017-09-11,18.3,18.48,18.47,18.22,35956.81,0.12,0.65,18.284,18.123,18.163,49658.16,41221.73,35182.65,0.89
2017-09-08,18.51,18.59,18.35,18.21,48198.58,-0.18,-0.97,18.142,18.094,18.16,50191.17,40584.7,34782.37,1.19
2017-09-07,18.13,18.83,18.53,18.08,87060.17,0.39,2.15,18.046,18.048,18.151,47656.12,38411.76,34365.04,2.16
2017-09-06,17.94,18.29,18.14,17.86,41534.33,0.21,1.17,17.922,17.967,18.152,38575.99,33449.77,32371.09,1.03
2017-09-05,17.77,17.97,17.93,17.77,35540.9,0.17,0.96,17.928,17.961,18.193,34730.48,32304.17,32174.69,0.88
2017-09-04,17.87,17.91,17.76,17.71,38621.85,-0.11,-0.62,17.962,18.003,18.245,32785.3,30850.88,32238.38,0.96
2017-09-01,17.86,17.9,17.87,17.7,35523.36,-0.04,-0.22,18.046,18.062,18.295,30978.22,29544.51,31920.65,0.88
2017-08-31,18.0,18.0,17.91,17.7,41659.51,-0.26,-1.43,18.05,18.1,18.331,29167.39,28738.81,32146.89,1.03
2017-08-30,18.12,18.33,18.17,18.12,22306.76,0.07,0.39,18.012,18.15,18.384,28323.54,27416.14,32009.17,0.55
2017-08-29,18.25,18.37,18.1,18.09,25815.0,-0.08,-0.44,17.994,18.158,18.419,29877.85,29475.27,34011.57,0.64
2017-08-28,17.92,18.23,18.18,17.92,29586.49,0.29,1.62,18.044,18.202,18.481,28916.46,29143.57,37662.77,0.73
2017-08-25,17.73,18.08,17.89,17.66,26469.2,0.17,0.96,18.078,18.225,18.52,28110.8,28980.05,38366.17,0.66
2017-08-24,18.13,18.18,17.72,17.6,37440.26,-0.36,-1.99,18.15,18.254,18.566,28310.22,30318.32,40359.82,0.93
2017-08-23,18.37,18.37,18.08,18.05,30078.32,-0.27,-1.47,18.288,18.337,18.64,26508.74,31292.42,41736.53,0.75
2017-08-22,18.36,18.45,18.35,18.23,21008.04,0.04,0.22,18.322,18.424,18.693,29072.68,32045.22,43559.67,0.52
2017-08-21,18.26,18.45,18.35,18.21,25558.16,0.1,0.55,18.36,18.486,18.744,29370.68,33625.88,47577.56,0.63
2017-08-18,18.3,18.5,18.25,18.22,27466.34,-0.16,-0.87,18.372,18.527,18.776,29849.3,34296.8,51181.5,0.68
2017-08-17,18.26,18.48,18.41,18.17,28432.85,0.16,0.88,18.358,18.561,18.803,32326.42,35554.97,55735.43,0.7
2017-08-16,18.4,18.43,18.25,18.16,42898.01,-0.29,-1.56,18.386,18.617,18.832,36076.1,36602.19,61372.41,1.06
2017-08-15,18.47,18.57,18.54,18.24,22498.04,0.13,0.71,18.526,18.68,18.782,35017.76,38547.87,61050.24,0.56
2017-08-14,18.2,18.48,18.41,18.12,27951.26,0.23,1.26,18.612,18.76,18.708,37881.08,46181.98,62306.59,0.69
2017-08-11,18.41,18.47,18.18,18.03,39851.94,-0.37,-2.0,18.682,18.815,18.638,38744.29,47752.3,66230.79,0.99
2017-08-10,18.8,18.86,18.55,18.31,47181.26,-0.4,-2.11,18.764,18.878,18.643,38783.51,50401.32,66346.18,1.17
2017-08-09,19.28,19.28,18.95,18.87,37606.29,-0.02,-0.1,18.848,18.942,18.638,37128.28,52180.63,67055.63,0.93
2017-08-08,18.79,19.17,18.97,18.79,36814.64,0.21,1.12,18.834,18.961,18.588,42077.98,55074.13,67328.01,0.91
2017-08-07,18.45,18.78,18.76,18.3,32267.34,0.17,0.91,18.908,19.001,18.53,54482.88,61529.24,67629.81,0.8
2017-08-04,18.9,18.94,18.59,18.57,40048.03,-0.38,-2.0,18.948,19.024,18.493,56760.3,68066.2,68955.8,0.99
2017-08-03,18.94,19.07,18.97,18.69,38905.09,0.09,0.48,18.992,19.045,18.483,62019.13,75915.9,71061.18,0.96
2017-08-02,19.35,19.45,18.88,18.84,62354.8,-0.46,-2.38,19.036,19.046,18.455,67232.99,86142.63,74110.63,1.55
2017-08-01,18.96,19.65,19.34,18.8,98839.12,0.38,2.0,19.088,18.883,18.406,68070.28,83552.61,73693.67,2.45
2017-07-31,18.8,19.01,18.96,18.67,43654.44,0.15,0.8,19.094,18.656,18.33,68575.6,78431.2,71173.34,1.08
2017-07-28,19.15,19.16,18.81,18.6,66342.19,-0.38,-1.98,19.1,18.461,18.279,79372.1,84709.29,73330.66,1.64
2017-07-27,19.11,19.33,19.19,18.7,64974.38,0.05,0.26,19.098,18.407,18.228,89812.66,82291.04,72823.29,1.61
2017-07-26,19.39,19.49,19.14,18.91,66541.27,-0.23,-1.19,19.056,18.333,18.163,105052.26,81930.63,74501.34,1.65
2017-07-25,18.97,19.56,19.37,18.73,101365.74,0.38,2.0,18.678,18.214,18.099,99034.93,79581.89,81494.43,2.51
2017-07-24,18.82,19.36,18.99,18.6,97636.92,0.19,1.01,18.218,18.058,17.967,88286.79,73730.37,79321.91,2.42
2017-07-21,18.84,19.13,18.8,18.58,118545.01,-0.18,-0.95,17.822,17.961,17.854,90046.48,69845.4,78153.94,2.94
2017-07-20,17.33,18.98,18.98,17.3,141172.38,1.73,10.03,17.716,17.921,17.743,74769.42,66206.46,76165.34,3.5
2017-07-19,17.09,17.3,17.25,16.91,36454.6,0.18,1.05,17.61,17.863,17.64,58809.01,62078.63,72014.27,0.9
2017-07-18,16.88,17.15,17.07,16.75,47625.06,0.06,0.35,17.75,17.928,17.636,60128.85,63834.74,72183.39,1.18
2017-07-17,18.28,18.28,17.01,17.0,106435.37,-1.26,-6.9,17.898,18.004,17.639,59173.95,63915.47,71943.88,2.64
2017-07-14,18.45,18.59,18.27,18.16,42159.67,-0.18,-0.98,18.1,18.097,17.645,49644.31,61952.03,69843.68,1.04
2017-07-13,17.97,18.47,18.45,17.84,61370.33,0.5,2.79,18.126,18.048,17.6,57643.51,63355.54,69094.53,1.52
2017-07-12,17.76,17.99,17.95,17.62,43053.84,0.14,0.79,18.116,17.993,17.552,65348.26,67072.04,68723.51,1.07
2017-07-11,18.04,18.21,17.81,17.8,42850.54,-0.21,-1.17,18.106,17.984,17.517,67540.63,83406.97,67859.15,1.06
2017-07-10,18.41,18.56,18.02,18.01,58787.19,-0.38,-2.06,18.11,17.876,17.495,68657.0,84913.45,67732.82,1.46
2017-07-07,18.31,18.83,18.4,18.23,82155.65,0.0,0.0,18.094,17.746,17.462,74259.75,86462.48,67768.69,2.04
2017-07-06,17.88,18.56,18.4,17.65,99894.1,0.5,2.79,17.97,17.564,17.404,69067.57,86124.21,65098.82,2.48
2017-07-05,17.84,17.99,17.9,17.64,54015.68,0.07,0.39,17.87,17.417,17.342,68795.81,81949.9,61882.85,1.34
2017-07-04,18.05,18.05,17.83,17.66,48432.37,-0.11,-0.61,17.862,17.343,17.309,99273.31,80532.04,61380.46,1.2
2017-07-03,17.78,18.35,17.94,17.67,86800.97,0.16,0.9,17.642,17.274,17.26,101169.91,79972.29,60272.5,2.15
2017-06-30,17.75,17.85,17.78,17.61,56194.71,-0.12,-0.67,17.398,17.193,17.203,98665.21,77735.33,57332.19,1.39
2017-06-29,17.77,17.97,17.9,17.64,98535.34,0.04,0.22,17.158,17.151,17.151,103180.85,74833.52,56362.25,2.44
2017-06-28,16.73,18.28,17.86,16.67,206403.17,1.13,6.75,16.964,17.111,17.092,95103.99,70374.98,53171.83,5.12
2017-06-27,16.74,16.96,16.73,16.65,57915.34,0.01,0.06,16.824,17.049,17.053,61790.77,52311.34,44587.51,1.44
2017-06-26,16.58,16.74,16.72,16.53,74277.47,0.14,0.84,16.906,17.113,17.076,58774.67,50552.18,42900.81,1.84
2017-06-23,16.9,16.97,16.58,16.29,78772.95,-0.35,-2.07,16.988,17.178,17.107,56805.45,49074.89,40821.25,1.95
2017-06-22,17.18,17.32,16.93,16.91,58151.04,-0.23,-1.34,17.144,17.244,17.146,46486.18,44073.44,38204.24,1.44
2017-06-21,17.2,17.2,17.16,17.04,39837.06,0.02,0.12,17.258,17.266,17.163,45645.96,41815.79,37200.93,0.99
2017-06-20,17.15,17.21,17.14,17.07,42834.82,0.01,0.06,17.274,17.274,17.194,42831.9,42228.88,36512.59,1.06
2017-06-19,17.24,17.31,17.13,16.9,64431.38,-0.23,-1.32,17.32,17.245,17.246,42329.69,40572.72,35367.69,1.6
2017-06-16,17.5,17.5,17.36,17.32,27176.61,-0.14,-0.8,17.368,17.212,17.299,41344.34,36929.05,33512.97,0.67
2017-06-15,17.25,17.55,17.5,17.22,53949.95,0.26,1.51,17.344,17.15,17.361,41660.69,37890.97,33923.73,1.34
2017-06-14,17.3,17.37,17.24,17.14,25766.73,-0.13,-0.75,17.274,17.072,17.412,37985.62,35968.68,33067.79,0.64
2017-06-13,17.31,17.41,17.37,17.16,40323.77,0.0,0.0,17.274,17.056,17.461,41625.85,36863.68,32936.05,1.0
2017-06-12,17.23,17.58,17.37,17.23,59504.63,0.13,0.75,17.17,17.038,17.499,38815.75,35249.44,31864.47,1.47
2017-06-09,17.19,17.25,17.24,17.04,28758.36,0.09,0.53,17.056,17.036,17.541,32513.77,32567.6,30809.32,0.71
2017-06-08,17.26,17.31,17.15,17.12,35574.61,-0.09,-0.52,16.956,17.047,17.601,34121.26,32335.05,31248.02,0.88
2017-06-07,16.78,17.27,17.24,16.78,43967.9,0.39,2.31,16.87,17.06,17.707,33951.74,32586.08,30434.43,1.09
2017-06-06,16.79,16.95,16.85,16.68,26273.25,0.05,0.3,16.838,17.114,17.803,32101.51,30796.3,29027.93,0.65
2017-06-05,16.7,16.93,16.8,16.64,27994.71,0.06,0.36,16.906,17.246,17.92,31683.13,30162.67,28651.13,0.69
2017-06-02,16.64,16.86,16.74,16.32,36795.82,0.02,0.12,17.016,17.386,18.052,32621.43,30096.89,28430.1,0.91
2017-06-01,17.11,17.11,16.72,16.7,34727.04,-0.36,-2.11,17.138,17.572,18.185,30548.85,29956.49,27708.09,0.86
2017-05-31,17.41,17.46,17.08,17.07,34716.73,-0.11,-0.64,17.25,17.751,18.328,31220.41,30166.89,27299.02,0.86
2017-05-26,17.32,17.48,17.19,17.12,24181.37,-0.16,-0.92,17.39,17.866,18.449,29491.09,29008.41,26674.81,0.6
2017-05-25,17.38,17.45,17.35,16.9,32686.17,0.0,0.0,17.586,17.959,18.559,28642.21,28479.49,27214.7,0.81
2017-05-24,17.27,17.48,17.35,17.1,26432.94,0.07,0.41,17.756,18.045,18.656,27572.34,29051.04,27155.33,0.66
2017-05-23,17.64,17.8,17.28,17.2,38084.83,-0.5,-2.81,18.006,18.155,18.751,29364.13,30160.99,27386.37,0.94
2017-05-22,18.18,18.28,17.78,17.76,26070.15,-0.39,-2.15,18.252,18.354,18.846,29113.38,28282.78,27707.52,0.65
2017-05-19,18.19,18.28,18.17,18.03,19936.95,-0.03,-0.17,18.342,18.492,18.95,28525.73,27259.56,29569.86,0.49
2017-05-18,18.37,18.52,18.2,18.12,27336.85,-0.4,-2.15,18.332,18.594,19.027,28316.77,27139.58,31615.7,0.68
2017-05-17,18.47,18.74,18.6,18.35,35391.88,0.09,0.49,18.334,18.718,19.118,30529.73,26763.31,34336.11,0.88
2017-05-16,18.21,18.54,18.51,17.9,36831.07,0.28,1.54,18.304,18.798,19.223,30957.84,25459.7,35111.68,0.91
2017-05-15,18.23,18.45,18.23,18.09,23131.92,0.11,0.61,18.456,18.905,19.378,27452.18,24431.15,34563.29,0.57
2017-05-12,18.2,18.31,18.12,18.01,18892.15,-0.09,-0.49,18.642,19.031,19.573,25993.38,24341.21,35305.21,0.47
2017-05-11,18.25,18.31,18.21,17.86,38401.62,-0.24,-1.3,18.856,19.159,19.776,25962.38,25949.9,35495.66,0.95
2017-05-10,19.28,19.28,18.45,18.2,37532.43,-0.82,-4.25,19.102,19.267,19.968,22996.89,25259.62,35669.59,0.93
2017-05-09,19.14,19.31,19.27,19.01,19302.77,0.11,0.57,19.292,19.346,20.171,19961.56,24611.76,35464.37,0.48
2017-05-08,19.19,19.37,19.16,19.08,15837.92,-0.03,-0.16,19.354,19.338,20.332,21410.12,27132.25,35917.89,0.39
2017-05-05,19.29,19.42,19.19,19.18,18737.18,-0.25,-1.29,19.42,19.407,20.494,22689.04,31880.16,38482.36,0.46
2017-05-04,19.35,19.63,19.44,19.24,23574.14,0.04,0.21,19.462,19.459,20.674,25937.41,36091.83,40311.31,0.58
2017-05-03,19.64,19.64,19.4,19.28,22355.78,-0.18,-0.92,19.432,19.518,20.847,27522.35,41908.9,44833.49,0.55
2017-05-02,19.51,19.77,19.58,19.46,26545.59,0.09,0.46,19.4,19.648,21.084,29261.96,44763.66,45578.03,0.66
2017-04-28,19.31,19.5,19.49,19.25,22232.5,0.09,0.46,19.322,19.85,21.31,32854.38,44695.43,46396.34,0.55
2017-04-27,19.27,19.4,19.4,19.01,34979.06,0.11,0.57,19.394,20.115,21.583,41071.27,46269.22,46726.28,0.87
2017-04-26,19.35,19.6,19.29,19.01,31498.84,0.05,0.26,19.456,20.392,21.858,46246.24,45041.42,46236.43,0.78
2017-04-25,19.29,19.63,19.24,19.2,31053.82,0.05,0.26,19.604,20.669,22.151,56295.45,46079.55,46134.35,0.77
2017-04-24,19.84,19.84,19.19,19.11,44507.7,-0.66,-3.33,19.896,20.996,22.445,60265.36,46316.98,46411.82,1.1
2017-04-21,19.77,20.37,19.85,19.77,63316.94,0.14,0.71,20.378,21.326,22.748,56536.47,44703.52,47170.4,1.57
2017-04-20,19.95,20.23,19.71,19.56,60853.91,-0.32,-1.6,20.836,21.58,23.015,51467.17,45084.56,48242.35,1.51
2017-04-19,20.58,20.68,20.03,19.75,81744.89,-0.67,-3.24,21.328,21.888,23.25,43836.6,44530.8,46030.39,2.03
2017-04-18,21.62,21.83,20.7,20.39,50903.34,-0.9,-4.17,21.734,22.175,23.464,35863.65,47758.07,42731.19,1.26
2017-04-17,22.05,22.05,21.6,21.52,25863.29,-0.54,-2.44,22.096,22.52,23.641,32368.61,46392.41,41215.72,0.64
2017-04-14,22.13,22.18,22.14,21.61,37970.4,-0.03,-0.14,22.274,22.769,23.789,32870.57,48097.26,41129.27,0.94
2017-04-13,22.01,22.26,22.17,22.0,22701.06,0.11,0.5,22.324,23.051,23.898,38701.95,47183.33,40666.03,0.56
2017-04-12,22.51,22.51,22.06,22.01,41880.15,-0.45,-2.0,22.448,23.324,24.012,45225.01,47431.44,40516.07,1.04
2017-04-11,22.36,22.55,22.51,22.2,33428.14,0.02,0.09,22.616,23.632,24.141,59652.5,46189.15,39263.35,0.83
2017-04-10,22.39,22.55,22.49,22.25,28373.09,0.1,0.45,22.944,23.894,24.241,60416.21,46506.66,38406.6,0.7
2017-04-07,22.72,22.84,22.39,22.2,67127.29,-0.4,-1.75,23.264,24.169,24.346,63323.95,49637.28,37966.62,1.66
2017-04-06,22.86,23.12,22.79,22.7,55316.36,-0.11,-0.48,23.778,24.45,24.459,55664.72,51400.14,36097.47,1.37
2017-04-05,23.02,23.5,22.9,22.66,114017.61,-1.25,-5.18,24.2,24.612,24.569,49637.88,47529.97,34478.92,2.83
2017-03-31,24.12,24.34,24.15,23.86,37246.69,0.06,0.25,24.648,24.753,24.676,32725.8,37704.3,30587.72,0.92
2017-03-30,24.94,25.0,24.09,24.03,42911.81,-0.87,-3.49,24.844,24.762,24.707,32597.1,36039.03,29628.56,1.06
2017-03-29,25.02,25.09,24.96,24.79,28831.12,0.06,0.24,25.074,24.808,24.734,35950.62,34161.29,28799.19,0.71
2017-03-28,25.1,25.14,24.9,24.78,25182.17,-0.24,-0.95,25.122,24.745,24.718,47135.57,34148.73,28128.69,0.62
2017-03-27,25.13,25.4,25.14,24.91,29457.19,0.01,0.04,25.024,24.7,24.697,45422.06,33600.69,27574.68,0.73
2017-03-24,25.24,25.27,25.13,24.82,36603.23,-0.11,-0.44,24.858,24.649,24.666,42682.8,32337.56,27284.85,0.91
2017-03-23,25.37,25.52,25.24,24.77,59679.37,0.04,0.16,24.68,24.587,24.648,39480.96,30306.55,26796.43,1.48
2017-03-22,24.4,25.58,25.2,24.33,84755.89,0.79,3.24,24.542,24.522,24.622,32371.96,26295.95,25723.23,2.1
2017-03-21,24.29,24.48,24.41,24.2,16614.64,0.1,0.41,24.368,24.468,24.584,21161.88,20794.8,22446.11,0.41
2017-03-20,24.21,24.35,24.31,24.12,15760.88,0.07,0.29,24.376,24.526,24.584,21779.31,21427.86,23258.39,0.39
2017-03-17,24.5,24.64,24.24,24.2,20594.0,-0.31,-1.26,24.44,24.599,24.589,21992.31,23471.14,24400.42,0.51
2017-03-16,24.37,24.6,24.55,24.31,24134.37,0.22,0.9,24.494,24.651,24.585,21132.15,23218.09,25437.22,0.6
2017-03-15,24.41,24.44,24.33,24.16,28705.53,-0.12,-0.49,24.502,24.66,24.584,20219.95,23437.09,25751.52,0.71
2017-03-14,24.6,24.76,24.45,24.41,19701.79,-0.18,-0.73,24.568,24.691,24.598,20427.72,22108.65,25821.5,0.49
2017-03-13,24.45,24.68,24.63,24.32,16825.86,0.12,0.49,24.676,24.694,24.613,21076.4,21548.68,26933.52,0.42
2017-03-10,24.59,24.69,24.51,24.45,16293.19,-0.08,-0.33,24.758,24.683,24.629,24949.96,22232.14,28805.51,0.4
2017-03-09,24.61,24.78,24.59,24.41,19573.39,-0.07,-0.28,24.808,24.709,24.66,25304.03,23286.31,30448.54,0.49
2017-03-08,25.05,25.08,24.66,24.62,29744.39,-0.33,-1.32,24.818,24.721,24.672,26654.22,25150.5,31684.63,0.74
2017-03-07,25.04,25.15,24.99,24.83,22945.19,-0.05,-0.2,24.814,24.699,24.692,23789.57,24097.41,30944.07,0.57
2017-03-06,24.76,25.15,25.04,24.7,36193.64,0.28,1.13,24.712,24.641,24.693,22020.96,25088.91,30608.11,0.9
2017-03-03,24.56,24.78,24.76,24.38,18063.56,0.12,0.49,24.608,24.578,24.678,19514.32,25329.7,29405.61,0.45
2017-03-02,24.76,24.88,24.64,24.6,26324.32,0.0,0.0,24.61,24.518,24.659,21268.58,27656.34,28842.47,0.65
2017-03-01,24.55,24.68,24.64,24.42,15421.16,0.16,0.65,24.624,24.508,24.654,23646.78,28065.95,28007.04,0.38
2017-02-28,24.39,24.69,24.48,24.39,14102.1,-0.04,-0.16,24.584,24.505,24.647,24405.24,29534.34,28040.46,0.35
2017-02-27,24.77,24.92,24.52,24.48,23660.45,-0.25,-1.01,24.57,24.532,24.641,28156.87,32318.36,27755.55,0.59
2017-02-24,24.64,24.82,24.77,24.62,26834.85,0.06,0.24,24.548,24.574,24.637,31145.08,35378.87,27206.17,0.67
2017-02-23,24.45,24.73,24.71,24.32,38215.35,0.27,1.1,24.426,24.611,24.62,34044.11,37610.77,26781.05,0.95
2017-02-22,24.39,24.47,24.44,24.2,19213.44,0.03,0.12,24.392,24.622,24.593,32485.11,38218.76,25319.65,0.48
2017-02-21,24.36,24.45,24.41,24.16,32860.25,0.0,0.0,24.426,24.684,24.568,34663.45,37790.74,24836.23,0.81
2017-02-20,24.15,24.42,24.41,23.89,38601.51,0.25,1.03,24.494,24.744,24.552,36479.84,36127.3,24007.37,0.96
2017-02-17,24.6,24.65,24.16,24.13,41330.0,-0.38,-1.55,24.6,24.777,24.52,39612.67,33481.51,24264.84,1.02
2017-02-16,24.58,24.66,24.54,24.34,30420.35,-0.07,-0.28,24.796,24.8,24.545,41177.43,30028.61,23279.77,0.75
2017-02-15,24.75,24.91,24.61,24.57,30105.13,-0.14,-0.57,24.852,24.799,24.571,43952.42,27948.14,22911.31,0.75
2017-02-14,24.89,24.98,24.75,24.55,41942.22,-0.19,-0.76,24.942,24.788,24.594,40918.03,26546.57,22945.87,1.04
2017-02-13,25.04,25.13,24.94,24.67,54265.64,-0.2,-0.8,24.994,24.749,24.632,35774.75,23192.74,22561.74,1.34
2017-02-10,24.7,25.26,25.14,24.54,49153.79,0.32,1.29,24.954,24.7,24.683,27350.36,19033.46,21449.13,1.22
2017-02-09,25.08,25.1,24.82,24.65,44295.31,-0.24,-0.96,24.804,24.628,24.713,18879.79,15951.34,20861.44,1.1
2017-02-08,24.98,25.09,25.06,24.75,14933.21,0.05,0.2,24.746,24.564,24.744,11943.85,12420.54,20148.21,0.37
2017-02-07,24.78,25.1,25.01,24.59,16225.82,0.27,1.09,24.634,24.452,24.772,12175.1,11881.72,22173.33,0.4
2017-02-06,24.49,24.82,24.74,24.4,12143.65,0.35,1.44,24.504,24.359,24.805,10610.72,11887.45,24872.36,0.3
2017-02-03,24.6,24.6,24.39,24.36,6800.95,-0.14,-0.57,24.446,24.263,24.823,10716.56,15048.16,26062.8,0.17
2017-01-26,24.58,24.6,24.53,24.43,9615.64,0.03,0.12,24.452,24.29,24.868,13022.89,16530.93,29113.36,0.24
2017-01-25,24.25,24.63,24.5,24.25,16089.45,0.14,0.57,24.382,24.343,24.884,12897.22,17874.49,29900.37,0.4
2017-01-24,24.53,24.56,24.36,24.35,8403.9,-0.09,-0.37,24.27,24.399,24.892,11588.34,19345.17,29971.1,0.21
2017-01-23,24.56,24.64,24.45,24.29,12672.88,0.03,0.12,24.214,24.515,24.913,13164.18,21930.74,30898.23,0.31
2017-01-20,24.1,24.5,24.42,24.03,18332.58,0.24,0.99,24.08,24.665,24.915,19379.76,23864.81,31173.23,0.45
2017-01-19,23.94,24.25,24.18,23.91,8987.28,0.24,1.0,24.128,24.798,24.937,20038.97,25771.55,31188.24,0.22
2017-01-18,24.18,24.2,23.94,23.91,9545.07,-0.14,-0.58,24.304,24.924,24.972,22851.75,27875.89,32048.51,0.24
2017-01-17,23.79,24.17,24.08,23.79,16283.09,0.3,1.26,24.528,25.092,25.013,27102.01,32464.95,33652.97,0.4
2017-01-16,24.59,24.68,23.78,23.09,43750.8,-0.88,-3.57,24.816,25.25,25.019,30697.3,37857.27,33469.81,1.08
2017-01-13,25.17,25.17,24.66,24.6,21628.61,-0.4,-1.6,25.25,25.383,25.028,28349.85,37077.44,31752.66,0.54
2017-01-12,25.09,25.32,25.06,24.98,23051.2,0.0,0.0,25.468,25.446,24.989,31504.13,41695.79,31510.17,0.57
2017-01-11,25.45,25.55,25.06,24.99,30796.33,-0.46,-1.8,25.544,25.425,24.929,32900.03,41926.26,31151.48,0.76
2017-01-10,25.95,25.98,25.52,25.3,34259.57,-0.43,-1.66,25.656,25.385,24.886,37827.88,40597.03,30622.21,0.85
2017-01-09,25.67,25.99,25.95,25.36,32013.52,0.2,0.78,25.684,25.311,24.807,45017.23,39865.71,30633.4,0.79
2017-01-06,25.42,25.78,25.75,25.41,37400.01,0.31,1.22,25.516,25.165,24.742,45805.03,38481.65,30336.79,0.93
2017-01-05,25.5,25.88,25.44,25.34,30030.7,-0.18,-0.7,25.424,25.076,24.67,51887.46,36604.93,29324.62,0.74
2017-01-04,25.57,26.2,25.62,25.46,55435.62,-0.04,-0.16,25.306,25.019,24.628,50952.5,36221.13,28746.45,1.37
2017-01-03,25.18,25.75,25.66,25.03,70206.3,0.55,2.19,25.114,24.934,24.565,43366.18,34840.99,26682.76,1.74
2016-12-30,25.25,25.44,25.11,25.0,35952.51,-0.18,-0.71,24.938,24.788,24.506,34714.2,29082.36,24245.05,0.89
2016-12-29,24.71,25.4,25.29,24.48,67812.15,0.44,1.77,24.814,24.673,24.477,31158.27,26427.89,24093.59,1.68
2016-12-28,24.65,24.95,24.85,24.61,25355.92,0.19,0.77,24.728,24.531,24.463,21322.4,21324.56,22342.46,0.63
2016-12-27,24.81,24.91,24.66,24.6,17504.0,-0.12,-0.48,24.732,24.432,24.456,21489.76,20376.69,22331.55,0.43
2016-12-26,24.63,24.82,24.78,24.32,26946.41,0.29,1.18,24.754,24.387,24.458,26315.8,20647.4,23090.2,0.67
2016-12-23,24.89,24.94,24.49,24.3,18172.89,-0.37,-1.49,24.638,24.302,24.466,23450.52,21401.08,23062.76,0.45
2016-12-22,25.12,25.17,24.86,24.65,18632.76,-0.01,-0.04,24.532,24.319,24.479,21697.5,22191.92,23559.09,0.46
2016-12-21,24.85,25.04,24.87,24.7,26192.73,0.1,0.4,24.334,24.264,24.463,21326.72,22044.32,24585.06,0.65
2016-12-20,24.22,24.84,24.77,24.06,41634.23,0.57,2.35,24.132,24.237,24.463,19263.63,21271.78,24804.5,1.03
2016-12-19,23.99,24.24,24.2,23.86,12619.98,0.24,1.0,24.02,24.195,24.467,14978.99,18524.53,23986.69,0.31
2016-12-16,23.93,24.1,23.96,23.85,9407.81,0.09,0.38,23.966,24.224,24.495,19351.64,19407.74,24855.62,0.23
2016-12-15,23.95,24.1,23.87,23.77,16778.85,0.01,0.04,24.106,24.28,24.542,22686.35,21759.29,25348.11,0.42
2016-12-14,24.13,24.22,23.86,23.83,15877.27,-0.35,-1.45,24.194,24.395,24.607,22761.91,23360.36,26355.24,0.39
2016-12-13,24.09,24.26,24.21,23.71,20211.03,0.28,1.17,24.342,24.479,24.661,23279.93,24286.4,26845.28,0.5
2016-12-12,24.69,24.69,23.93,23.85,34483.25,-0.73,-2.96,24.37,24.528,24.699,22070.07,25533.0,26926.82,0.85
2016-12-09,24.4,24.79,24.66,24.35,26081.34,0.35,1.44,24.482,24.63,24.753,19463.84,24724.45,27105.74,0.65
2016-12-08,24.58,24.58,24.31,24.26,17156.68,-0.29,-1.18,24.454,24.639,24.752,20832.24,24926.25,26859.25,0.43
2016-12-07,24.36,24.61,24.6,24.28,18467.33,0.24,0.98,24.596,24.661,24.773,23958.8,27125.81,27652.53,0.46
2016-12-06,24.45,24.54,24.35,24.33,14161.75,-0.12,-0.49,24.616,24.688,24.764,25292.87,28337.22,27927.04,0.35
2016-12-05,24.42,24.52,24.49,24.2,21452.08,-0.02,-0.08,24.686,24.739,24.768,28995.93,29448.86,28341.87,0.53
2016-12-02,25.02,25.15,24.52,24.5,32923.34,-0.5,-2.0,24.778,24.766,24.759,29985.06,30303.5,28248.2,0.82
2016-12-01,24.76,25.04,25.02,24.65,32789.51,0.33,1.34,24.824,24.803,24.762,29020.26,28936.93,27272.7,0.81
2016-11-30,24.62,24.8,24.7,24.55,25137.69,0.0,0.0,24.726,24.818,24.74,30292.81,29350.13,26884.37,0.62
2016-11-29,24.9,25.2,24.7,24.68,32677.02,-0.25,-1.0,24.76,24.842,24.731,31381.56,29404.15,26508.53,0.81
2016-11-28,24.83,25.0,24.95,24.76,26397.75,0.2,0.81,24.792,24.87,24.738,29901.79,28320.65,26244.72,0.65
2016-11-25,24.53,24.78,24.75,24.4,28099.34,0.21,0.86,24.754,24.875,24.723,30621.94,29487.04,25612.62,0.7
2016-11-24,24.93,24.93,24.53,24.51,39152.27,-0.34,-1.37,24.782,24.865,24.706,28853.59,28792.25,24802.66,0.97
2016-11-23,24.95,25.24,24.87,24.79,30581.44,0.01,0.04,24.91,24.885,24.708,28407.44,28179.26,23865.9,0.76
2016-11-22,24.85,24.9,24.86,24.71,25278.15,0.09,0.36,24.924,24.84,24.704,27426.74,27516.86,23877.79,0.63
2016-11-21,25.04,25.09,24.76,24.68,29998.51,-0.1,-0.4,24.948,24.797,24.699,26739.51,27234.88,23473.81,0.74
2016-11-18,25.18,25.18,24.89,24.85,19257.57,-0.28,-1.11,24.996,24.751,24.707,28352.14,26192.91,23346.63,0.48
2016-11-17,25.03,25.2,25.17,24.74,36921.55,0.22,0.88,24.948,24.72,24.694,28730.91,25608.48,23411.13,0.92
2016-11-16,25.01,25.19,24.94,24.68,25677.93,-0.05,-0.2,24.86,24.661,24.67,27951.07,24418.61,22583.0,0.64
2016-11-15,25.0,25.07,24.98,24.82,21841.99,-0.01,-0.04,24.756,24.619,24.659,27606.98,23612.92,23744.16,0.54
2016-11-14,24.65,25.01,25.0,24.61,38061.64,0.33,1.34,24.646,24.606,24.644,27730.26,24168.79,23792.56,0.94
2016-11-11,24.77,24.77,24.65,24.52,21151.46,-0.08,-0.32,24.506,24.57,24.616,24033.67,21738.19,23867.86,0.52
2016-11-10,24.56,24.74,24.73,24.48,33022.35,0.31,1.27,24.492,24.547,24.591,22486.04,20813.07,23527.57,0.82
2016-11-09,24.44,24.5,24.42,24.1,23957.48,0.0,0.0,24.462,24.53,24.571,20886.15,19552.54,22739.7,0.59
2016-11-08,24.38,24.51,24.43,24.27,22458.35,0.13,0.54,24.482,24.567,24.563,19618.85,20238.71,22093.29,0.56
2016-11-07,24.7,24.7,24.3,24.26,19578.73,-0.27,-1.1,24.566,24.601,24.557,20607.32,19712.73,22075.38,0.49
2016-11-04,24.59,24.68,24.58,24.44,13413.31,0.0,0.0,24.634,24.663,24.552,19442.71,20500.35,22022.83,0.33
2016-11-03,24.49,24.72,24.58,24.36,25022.86,0.04,0.16,24.602,24.667,24.508,19140.11,21213.78,21875.36,0.62
2016-11-02,24.81,24.89,24.52,24.5,17621.0,-0.32,-1.29,24.598,24.679,24.468,18218.93,20747.4,21681.66,0.44
2016-11-01,24.65,24.86,24.85,24.42,27400.71,0.21,0.85,24.652,24.699,24.421,20858.56,23875.4,21435.83,0.68
2016-10-31,24.5,24.74,24.64,24.46,13755.69,0.22,0.9,24.636,24.681,24.363,18818.14,23416.33,21520.23,0.34
2016-10-28,24.56,24.7,24.42,24.4,11900.27,-0.13,-0.53,24.692,24.662,24.314,21557.99,25997.53,21886.45,0.29
2016-10-27,24.8,24.89,24.56,24.44,20416.97,-0.24,-0.97,24.732,24.635,24.303,23287.45,26242.08,21926.29,0.51
2016-10-26,24.84,25.05,24.79,24.7,30819.18,0.02,0.08,24.76,24.611,24.295,23275.87,25926.87,21920.98,0.76
2016-10-25,25.04,25.05,24.77,24.61,17198.57,-0.14,-0.56,24.746,24.559,24.276,26892.23,23947.87,21063.16,0.43
2016-10-24,24.51,25.0,24.92,24.51,27454.95,0.31,1.26,24.726,24.512,24.254,28014.52,24438.03,20908.32,0.68
2016-10-21,24.76,24.85,24.62,24.47,20547.6,-0.08,-0.32,24.632,24.44,24.231,30437.07,23545.31,20217.8,0.51
2016-10-20,24.78,24.87,24.7,24.61,20359.03,-0.02,-0.08,24.538,24.348,24.211,29196.7,22536.93,19785.61,0.5
2016-10-19,24.7,25.15,24.72,24.6,48901.02,0.04,0.16,24.462,24.257,24.202,28577.87,22615.93,20053.88,1.21
2016-10-18,24.4,24.74,24.67,24.37,22809.98,0.2,0.82,24.372,24.143,24.162,21003.5,18996.26,19050.89,0.57
2016-10-17,24.18,24.77,24.45,24.1,39567.73,0.35,1.45,24.298,24.044,24.154,20861.55,19624.14,18796.11,0.98
2016-10-14,24.27,24.3,24.15,23.97,14345.72,-0.17,-0.7,24.248,23.966,24.168,16653.54,17775.37,17773.06,0.36
2016-10-13,24.28,24.43,24.32,24.2,17264.9,0.04,0.17,24.158,23.971,24.197,15877.17,17610.51,18835.44,0.43
2016-10-12,24.24,24.34,24.27,24.11,11029.18,-0.04,-0.17,24.052,23.979,24.217,16653.99,17915.1,19490.53,0.27
2016-10-11,24.32,24.32,24.3,24.0,22100.2,0.11,0.46,23.914,23.993,24.218,16989.01,18178.46,20023.05,0.55
2016-10-10,23.8,24.27,24.2,23.75,18527.7,0.5,2.11,23.79,23.996,24.216,18386.74,17378.61,20164.62,0.46
2016-09-30,23.58,23.89,23.7,23.58,10463.88,-0.08,-0.34,23.684,24.022,24.214,18897.19,16890.3,20450.6,0.26
2016-09-29,23.55,23.85,23.79,23.43,21148.99,0.23,0.98,23.784,24.074,24.251,19343.85,17034.28,21932.92,0.52
2016-09-28,23.76,23.76,23.58,23.42,12704.28,-0.07,-0.3,23.906,24.147,24.29,19176.2,17491.83,22606.02,0.31
2016-09-27,23.66,23.86,23.68,23.28,29088.84,0.02,0.09,24.072,24.181,24.347,19367.9,19105.52,26556.89,0.72
2016-09-26,24.19,24.19,23.67,23.61,21079.98,-0.48,-1.99,24.202,24.264,24.447,16370.49,17968.08,29091.2,0.52
2016-09-23,24.4,24.46,24.2,24.13,12697.15,-0.2,-0.82,24.36,24.369,24.514,14883.41,17770.76,32121.68,0.31
2016-09-22,24.49,24.67,24.4,24.36,20310.76,0.0,0.0,24.364,24.422,24.543,14724.71,20060.38,32484.81,0.5
2016-09-21,24.37,24.53,24.41,24.26,13662.79,0.05,0.2,24.388,24.455,24.56,15807.45,21065.97,32911.03,0.34
2016-09-20,24.53,24.53,24.33,24.21,14101.77,-0.13,-0.53,24.29,24.443,24.569,18843.13,21867.64,34714.69,0.35
2016-09-19,24.2,24.5,24.46,24.2,13644.59,0.26,1.07,24.326,24.436,24.6,19565.67,22950.63,35341.15,0.34
2016-09-14,24.39,24.4,24.22,24.1,11903.66,-0.29,-1.18,24.378,24.405,24.623,20658.1,24010.91,37258.0,0.3
2016-09-13,24.02,24.52,24.52,23.95,25724.45,0.61,2.55,24.48,24.427,24.68,25396.04,26831.56,40305.0,0.64
2016-09-12,24.15,24.25,23.92,23.88,28841.17,-0.59,-2.41,24.522,24.432,24.701,26324.49,27720.22,41840.88,0.71
2016-09-09,24.73,24.8,24.51,24.5,17714.49,-0.21,-0.85,24.596,24.512,24.752,24892.14,34008.25,43852.67,0.44
2016-09-08,24.8,24.95,24.72,24.52,19106.74,0.01,0.04,24.546,24.63,24.754,26335.58,40214.32,45944.22,0.47
2016-09-07,24.7,25.04,24.73,24.6,35593.37,0.0,0.0,24.432,24.658,24.715,27363.71,46472.6,46350.24,0.88
2016-09-06,24.29,24.75,24.73,24.03,30366.69,0.44,1.81,24.374,24.663,24.695,28267.07,44909.25,46204.59,0.75
2016-09-05,24.38,24.55,24.29,24.23,21679.42,0.03,0.12,24.342,24.664,24.673,29115.95,44756.08,47001.59,0.54
2016-09-02,24.32,24.51,24.26,24.18,24931.69,0.12,0.5,24.428,24.695,24.665,43124.37,47561.75,47298.14,0.62
2016-09-01,24.43,24.67,24.15,24.13,24247.38,-0.28,-1.15,24.714,24.763,24.644,54093.05,47731.67,47787.6,0.6
2016-08-31,24.5,24.66,24.44,24.0,40110.18,-0.11,-0.45,24.884,24.84,24.621,65581.5,50505.09,47901.26,0.99
2016-08-30,24.63,24.92,24.57,24.51,34611.06,-0.15,-0.61,24.952,24.933,24.582,61551.42,53778.45,47753.14,0.86
2016-08-29,25.39,25.58,24.72,24.63,91721.53,-0.95,-3.7,24.986,24.969,24.515,60396.22,55961.54,46959.95,2.27
2016-08-26,25.16,25.75,25.69,25.02,79775.09,0.69,2.76,24.962,24.991,24.43,51999.13,53697.08,43629.9,1.98
2016-08-25,24.76,25.36,25.0,24.45,81689.63,0.21,0.85,24.812,24.877,24.296,41370.28,51674.13,40727.53,2.02
2016-08-24,24.78,24.98,24.78,24.67,19959.78,0.0,0.0,24.796,24.771,24.204,35428.69,46227.87,38603.84,0.49
2016-08-23,24.56,24.88,24.74,24.45,28835.08,0.17,0.69,24.914,24.727,24.139,46005.48,47499.93,41273.96,0.71
2016-08-22,25.07,25.28,24.6,24.56,49736.06,-0.35,-1.4,24.952,24.681,24.132,51526.85,49247.1,42441.56,1.23
2016-08-19,25.0,25.09,24.94,24.75,26630.86,0.01,0.04,25.02,24.634,24.112,55395.04,47034.54,41370.06,0.66
2016-08-18,25.3,25.48,24.92,24.9,51981.65,-0.44,-1.74,24.942,24.525,24.064,61977.98,47843.54,41934.87,1.29
2016-08-17,24.9,25.46,25.37,24.75,72843.73,0.42,1.68,24.746,24.401,24.018,57027.05,45297.42,41460.57,1.81
2016-08-16,24.89,25.27,24.93,24.79,56441.95,-0.01,-0.04,24.54,24.23,23.947,48994.38,41727.83,39848.39,1.4
2016-08-15,24.55,25.11,24.94,24.34,69076.99,0.39,1.59,24.41,24.06,23.909,46967.35,37958.37,39532.57,1.71
2016-08-12,23.95,24.68,24.55,23.92,59545.57,0.56,2.33,24.248,23.869,23.894,38674.04,33562.71,39263.7,1.48
2016-08-11,24.33,24.43,23.94,23.82,27227.01,-0.39,-1.6,24.108,23.714,23.884,33709.09,29780.92,38358.52,0.67
2016-08-10,24.28,24.51,24.34,24.2,32680.38,0.06,0.25,24.056,23.637,23.919,33567.79,30979.82,39024.83,0.81
2016-08-09,24.13,24.51,24.28,24.02,46306.82,0.15,0.62,23.92,23.55,23.951,34461.28,35047.99,40667.38,1.15
2016-08-08,23.76,24.14,24.13,23.7,27610.4,0.26,1.09,23.71,23.582,23.978,28949.39,35636.02,43511.36,0.68
2016-08-05,23.88,23.92,23.85,23.58,34720.86,0.17,0.72,23.49,23.589,23.967,28451.39,35705.58,44729.19,0.86
2016-08-04,23.59,23.9,23.68,23.41,26520.5,0.02,0.09,23.32,23.603,23.973,25852.75,36026.21,45624.19,0.66
2016-08-03,23.21,23.67,23.66,23.08,37147.83,0.45,1.94,23.218,23.635,23.981,28391.84,37623.71,47817.69,0.92
2016-08-02,23.04,23.26,23.23,23.01,18747.34,0.2,0.87,23.18,23.664,23.983,35634.69,37968.95,48855.44,0.46
2016-08-01,22.81,23.15,23.03,22.81,25120.42,0.07,0.3,23.454,23.757,23.998,42322.66,41106.77,50424.17,0.62
2016-07-29,23.18,23.28,23.0,22.91,21727.68,-0.18,-0.78,23.688,23.919,24.018,42959.78,44964.69,51642.55,0.54
2016-07-28,23.47,23.6,23.17,22.73,39215.92,-0.3,-1.28,23.886,24.053,24.02,46199.66,46936.11,52101.71,0.97
2016-07-27,24.65,24.7,23.47,23.37,73362.11,-1.13,-4.59,24.052,24.2,24.016,46855.58,47069.84,51693.04,1.82
2016-07-26,24.24,24.75,24.6,24.09,52187.17,0.41,1.7,24.148,24.352,24.001,40303.21,46286.78,51832.45,1.29
2016-07-25,23.98,24.2,24.2,23.91,28306.0,0.21,0.88,24.06,24.373,23.915,39890.89,51386.7,52872.5,0.7
2016-07-22,23.99,24.18,23.99,23.96,37927.09,0.0,0.0,24.15,24.345,23.833,46969.61,53752.81,54216.24,0.94
2016-07-21,23.99,24.18,24.0,23.89,42495.54,0.06,0.25,24.22,24.342,23.739,47672.56,55222.18,54776.31,1.05
2016-07-20,24.02,24.26,23.95,23.89,40600.24,-0.13,-0.54,24.348,24.327,23.643,47284.1,58011.68,55049.26,1.01
2016-07-19,24.49,24.7,24.16,23.8,50125.56,-0.5,-2.03,24.556,24.301,23.564,52270.35,59741.94,54359.5,1.24
2016-07-18,24.3,24.78,24.65,23.9,63699.61,0.3,1.23,24.686,24.238,23.464,62882.52,59741.57,53241.23,1.58
2016-07-15,24.69,24.74,24.34,24.25,41441.87,-0.29,-1.18,24.54,24.117,23.349,60536.0,58320.4,51299.28,1.11
2016-07-14,24.98,25.03,24.64,24.49,40553.24,-0.29,-1.16,24.464,23.986,23.246,62771.8,57267.3,51786.12,1.08
2016-07-13,25.0,25.44,24.99,24.63,65531.47,0.19,0.77,24.306,23.832,23.114,68739.25,56316.23,51842.28,1.75
2016-07-12,23.83,25.2,24.81,23.73,103186.4,0.87,3.63,24.046,23.649,22.986,67213.52,57378.12,50220.36,2.76
2016-07-11,23.92,24.5,23.92,23.8,51967.04,-0.02,-0.08,23.79,23.456,22.852,56600.62,54358.3,46561.93,1.39
2016-07-08,23.99,24.18,23.96,23.7,52620.85,0.12,0.5,23.694,23.321,22.762,56104.8,54679.68,46509.36,1.41
2016-07-07,23.7,24.28,23.85,23.67,70390.5,0.15,0.63,23.508,23.135,22.75,51762.8,54330.44,44889.65,1.88
2016-07-06,23.5,23.91,23.69,23.4,57902.82,0.15,0.64,23.358,22.959,22.743,43893.21,52086.83,42544.39,1.55
2016-07-05,23.59,23.64,23.53,23.3,50121.9,0.09,0.38,23.252,22.826,22.743,47542.72,48977.07,41237.71,1.34
2016-07-04,23.0,23.45,23.44,22.92,49487.94,0.41,1.78,23.122,22.689,22.772,52115.97,46740.9,40667.18,1.32
2016-07-01,23.02,23.2,23.03,22.95,30910.84,-0.06,-0.26,22.948,22.581,22.793,53254.56,44278.15,39527.65,0.83
2016-06-30,23.31,23.35,23.1,22.9,31042.54,-0.08,-0.34,22.762,22.505,22.835,56898.09,46304.93,39605.08,0.83
2016-06-29,22.85,23.57,23.16,22.85,76150.36,0.29,1.27,22.56,22.395,22.877,60280.46,47368.34,40456.41,2.03
2016-06-28,22.48,22.96,22.88,22.34,72988.18,0.3,1.33,22.4,22.323,22.861,50411.43,43062.59,37750.02,1.95
2016-06-27,21.98,22.6,22.57,21.98,55180.88,0.47,2.13,22.256,22.248,22.867,41365.82,38765.57,35041.82,1.47
2016-06-24,22.14,22.25,22.1,21.68,49128.49,0.0,0.0,22.214,22.203,22.901,35301.74,38339.04,33858.69,1.31
2016-06-23,22.27,22.35,22.09,21.89,47954.39,-0.27,-1.21,22.248,22.364,22.954,35711.78,35448.85,33184.3,1.28
2016-06-22,22.1,22.38,22.36,22.1,26805.2,0.19,0.86,22.23,22.526,22.996,34456.22,33001.94,31677.56,0.72
2016-06-21,22.49,22.64,22.16,22.06,27760.14,-0.2,-0.89,22.246,22.659,23.047,35713.76,33498.35,31436.93,0.74
2016-06-20,22.28,22.37,22.36,22.06,24860.47,0.07,0.31,22.24,22.854,23.097,36165.32,34593.46,30938.0,0.66
2016-06-17,22.03,22.59,22.27,22.03,51178.69,0.26,1.18,22.192,23.005,23.127,41376.34,34777.15,30624.09,1.37
2016-06-16,22.6,22.6,22.0,21.91,41676.59,-0.45,-2.0,22.48,23.164,23.161,35185.93,32905.22,29864.75,1.11
2016-06-15,21.99,22.61,22.44,21.85,33092.89,0.31,1.4,22.822,23.358,23.273,31547.66,33544.48,30557.66,0.88
2016-06-14,22.29,22.43,22.13,21.96,30017.98,0.02,0.09,23.072,23.399,23.331,31282.93,32437.45,31115.4,0.8
2016-06-13,23.43,23.43,22.12,22.1,50915.56,-1.6,-6.75,23.468,23.485,23.367,33021.6,31318.06,30973.65,1.36
2016-06-08,23.78,23.82,23.71,23.48,20226.62,-0.01,-0.04,23.818,23.598,23.403,28177.95,29378.34,30023.45,0.54
2016-06-07,23.7,23.88,23.71,23.46,23485.27,0.01,0.04,23.848,23.543,23.367,30624.51,30919.75,30803.3,0.63
2016-06-06,24.12,24.18,23.69,23.59,31769.24,-0.42,-1.74,23.894,23.466,23.331,35541.3,30353.19,30897.88,0.85
2016-06-03,23.89,24.24,24.11,23.89,38711.31,0.25,1.05,23.726,23.435,23.291,33591.97,29375.51,31384.94,1.03
2016-06-02,23.83,23.9,23.87,23.54,26697.31,0.02,0.08,23.502,23.34,23.288,29614.53,27282.53,32487.46,0.71
2016-06-01,23.95,24.02,23.86,23.72,32459.41,-0.04,-0.17,23.378,23.248,23.327,30578.74,26471.03,33554.61,0.87
2016-05-31,23.0,23.94,23.94,22.99,48069.24,1.03,4.5,23.238,23.157,23.359,31214.99,26824.29,35501.99,1.28
2016-05-30,22.97,23.2,22.85,22.11,22022.58,-0.14,-0.61,23.038,23.188,23.412,25165.07,27570.84,36602.8,0.59
2016-05-27,23.15,23.19,22.99,22.9,18824.1,-0.27,-1.16,23.144,23.263,23.497,25159.05,29793.35,36906.78,0.5
2016-05-26,23.1,23.35,23.25,22.82,31518.36,0.09,0.39,23.178,23.248,23.566,24950.53,30629.24,37539.88,0.84
2016-05-25,23.01,23.5,23.16,23.01,35640.66,0.24,1.05,23.118,23.208,23.649,22363.32,30668.56,38417.05,0.95
2016-05-24,23.45,23.45,22.94,22.8,17819.66,-0.43,-1.84,23.076,23.19,23.808,22433.6,30686.86,38438.93,0.48
2016-05-23,23.18,23.48,23.38,23.16,21992.47,0.2,0.86,23.338,23.196,23.972,29976.62,31442.57,41382.52,0.59
2016-05-20,22.98,23.24,23.16,22.85,17781.49,0.22,0.96,23.382,23.147,24.178,34427.65,33394.38,42547.27,0.47
2016-05-19,23.12,23.28,22.95,22.86,18582.33,0.01,0.04,23.318,23.236,24.418,36307.95,37692.38,43434.88,0.5
2016-05-18,23.81,23.99,22.95,22.7,35992.03,-1.3,-5.36,23.298,23.406,24.656,38973.79,40638.18,45693.37,0.96
2016-05-17,23.59,24.59,24.25,23.4,55534.76,0.64,2.71,23.304,23.56,24.89,38940.12,44179.69,46386.12,1.48
2016-05-16,22.85,23.62,23.6,22.71,44247.62,0.77,3.37,23.054,23.635,25.087,32908.53,45634.76,47897.8,1.18
2016-05-13,22.9,23.3,22.84,22.67,27183.0,0.04,0.17,22.912,23.73,25.266,32361.11,44020.22,50132.67,0.73
2016-05-12,22.5,23.01,22.85,22.3,31911.56,-0.1,-0.44,23.154,23.884,25.428,39076.82,44450.53,51077.72,0.85
2016-05-11,23.11,23.28,22.98,22.78,35823.68,-0.03,-0.13,23.514,24.09,25.594,42302.57,46165.54,51069.55,0.96
2016-05-10,22.75,23.1,23.0,22.72,25376.79,0.11,0.48,23.816,24.426,25.755,49419.25,46191.0,51955.12,0.68
2016-05-09,23.83,23.83,22.89,22.78,41510.53,-1.18,-4.9,24.216,24.748,25.866,58360.99,51322.47,52397.66,1.11
2016-05-06,24.74,24.74,24.05,23.86,60761.53,-0.6,-2.43,24.548,25.208,26.01,55679.32,51700.15,51941.02,1.62
2016-05-05,24.44,24.69,24.65,24.36,48040.34,0.15,0.61,24.614,25.599,26.079,49824.23,49177.37,50339.24,1.28
2016-05-04,24.87,24.87,24.49,24.37,71407.08,-0.51,-2.04,24.666,25.905,26.073,50028.51,50748.55,49066.81,1.91
2016-05-03,24.9,25.17,25.0,24.55,70085.49,0.45,1.83,25.036,26.219,26.108,42962.75,48592.56,47081.55,1.87
2016-04-22,24.22,24.6,24.55,24.02,28102.15,0.16,0.66,25.28,26.538,26.138,44283.95,50160.83,44711.74,0.76
2016-04-21,24.72,25.12,24.38,24.38,31486.1,-0.52,-2.09,25.868,26.801,26.174,47720.98,56245.12,44782.78,0.85
2016-04-20,26.58,26.59,24.91,24.5,49061.72,-1.42,-5.39,26.584,26.972,26.241,48530.51,57704.92,45095.24,1.33
2016-04-19,26.37,26.47,26.34,26.1,36078.29,0.13,0.5,27.144,27.097,26.29,51468.59,55973.56,44607.65,0.98
2016-04-18,26.73,26.79,26.22,26.01,76691.49,-1.29,-4.69,27.402,27.083,26.291,54222.36,57719.25,45199.1,2.07
2016-04-15,28.0,28.0,27.49,27.08,45287.32,-0.47,-1.68,27.796,26.983,26.258,56037.72,53472.84,43363.11,1.23
2016-04-14,27.88,28.1,27.96,27.65,35533.72,0.26,0.94,27.734,26.812,26.113,64769.25,52181.88,42674.15,0.96
2016-04-13,27.8,28.09,27.71,27.67,63752.15,0.11,0.4,27.36,26.559,25.901,66879.34,51501.12,41828.16,1.72
2016-04-12,28.08,28.08,27.63,27.28,49847.14,-0.56,-1.99,27.05,26.241,25.705,60478.52,47385.06,39566.5,1.35
2016-04-11,27.32,28.29,28.19,27.14,85768.25,1.01,3.72,26.764,25.997,25.508,61216.13,45570.53,38446.36,2.32
2016-04-08,25.82,27.87,27.18,25.8,88944.99,1.1,4.22,26.17,25.737,25.241,50907.96,39262.64,34774.21,2.41
2016-04-07,26.47,26.54,26.09,25.8,46084.15,-0.08,-0.31,25.89,25.546,25.031,39594.51,33320.45,31112.42,1.25
2016-04-06,25.9,26.27,26.16,25.9,31748.05,-0.06,-0.23,25.758,25.509,24.905,36122.9,32485.56,29863.5,0.86
2016-04-05,25.01,26.4,26.2,25.01,53535.21,0.98,3.89,25.432,25.483,24.794,34291.61,33241.74,29796.21,1.45
2016-04-01,25.6,25.71,25.22,24.78,34227.41,-0.59,-2.29,25.23,25.499,24.69,29924.94,32678.94,28206.69,0.93
2016-03-31,25.69,26.05,25.78,25.5,32377.74,0.36,1.42,25.304,25.532,24.62,27617.31,33253.38,27752.45,0.88
2016-03-30,24.62,25.5,25.43,24.62,28726.1,0.91,3.71,25.202,25.414,24.567,27046.38,33166.43,28317.91,0.78
2016-03-29,25.2,25.35,24.53,24.2,22591.6,-0.65,-2.58,25.26,25.243,24.508,28848.22,32155.2,28572.48,0.61
2016-03-28,25.9,26.03,25.19,25.12,31701.83,-0.38,-1.49,25.534,25.168,24.429,32191.86,31747.93,28894.82,0.86
2016-03-25,25.1,25.66,25.59,25.02,22689.29,0.31,1.23,25.768,25.018,24.297,35432.95,31322.19,29647.71,0.61
2016-03-24,25.45,25.75,25.27,25.27,29523.09,-0.5,-1.94,25.76,24.745,24.213,38889.44,30285.79,30128.19,0.8
2016-03-23,25.8,26.09,25.72,25.26,37735.29,-0.17,-0.66,25.626,24.516,24.155,39286.47,28904.39,30533.57,1.02
2016-03-22,26.2,26.37,25.9,25.86,39309.8,-0.45,-1.71,25.226,24.301,24.208,35462.18,27241.45,29817.34,1.06
2016-03-21,25.73,26.36,26.36,25.61,47907.29,0.81,3.17,24.802,24.105,24.241,31304.01,26350.69,29597.48,1.3
2016-03-18,24.64,25.65,25.55,24.61,39971.72,0.95,3.86,24.268,23.88,24.289,27211.43,23734.44,29400.43,1.08
2016-03-17,23.77,24.62,24.6,23.77,31508.26,0.87,3.67,23.73,23.708,24.357,21682.15,22251.53,28522.88,0.85
2016-03-16,23.81,24.0,23.72,23.35,18613.82,-0.03,-0.13,23.406,23.72,24.477,18522.32,23469.4,28244.31,0.5
2016-03-15,23.69,23.97,23.78,23.55,18518.95,0.1,0.42,23.376,23.773,24.651,19020.72,24989.77,28585.67,0.5
2016-03-14,23.01,24.11,23.69,23.01,27444.41,0.83,3.63,23.408,23.69,24.797,21397.38,26041.71,29246.72,0.74
2016-03-11,22.91,23.09,22.86,22.7,12325.29,-0.12,-0.52,23.492,23.576,24.899,20257.46,27973.23,29716.77,0.33
2016-03-10,23.6,23.7,22.98,22.92,15709.11,-0.62,-2.63,23.686,23.68,25.081,22820.9,29970.59,29765.07,0.43
2016-03-09,23.44,24.2,23.57,23.02,21105.83,-0.36,-1.5,24.034,23.794,25.267,28416.48,32162.74,30148.21,0.57
2016-03-08,24.12,24.13,23.94,22.67,30402.26,-0.18,-0.75,24.17,24.115,25.393,30958.82,32393.24,29872.36,0.82
2016-03-07,23.89,24.65,24.11,23.88,21744.79,0.28,1.18,23.972,24.377,25.491,30686.04,32844.27,29710.25,0.59
2016-03-04,24.36,24.69,23.83,23.23,25142.53,-0.84,-3.4,23.66,24.697,25.54,35689.0,35066.41,29663.12,0.68
2016-03-03,24.32,25.38,24.72,24.22,43687.01,0.43,1.77,23.674,25.005,25.594,37120.28,34794.24,29585.51,1.19
2016-03-02,22.96,24.4,24.25,22.91,33817.51,1.31,5.71,23.554,25.233,25.549,35909.0,33019.23,29327.64,0.92
2016-03-01,22.55,22.99,22.95,22.06,29038.37,0.42,1.86,24.06,25.528,25.596,33827.66,32181.57,29841.33,0.79
2016-02-29,23.83,23.88,22.55,21.5,46759.6,-1.28,-5.37,24.782,25.904,25.752,35002.5,32451.74,29947.45,1.28
2016-02-26,24.5,24.68,23.9,23.64,32298.92,-0.21,-0.87,25.734,26.221,26.073,34443.81,31460.31,28706.39,0.88
2016-02-25,26.9,26.98,24.12,24.11,37630.61,-2.67,-9.97,26.336,26.482,26.318,32468.19,29559.55,29761.41,1.03
2016-02-24,26.4,26.85,26.78,26.3,23410.81,0.18,0.68,26.912,26.74,26.58,30129.45,28133.67,29273.03,0.64
2016-02-23,27.48,27.48,26.56,26.3,34912.55,-0.75,-2.75,26.996,26.671,26.771,30535.48,27351.48,29127.33,0.95
2016-02-22,27.21,27.86,27.31,27.01,43966.17,0.4,1.49,27.026,26.604,27.005,29900.98,26576.23,28960.97,1.2
2016-02-19,26.8,27.28,26.91,26.66,22420.82,-0.09,-0.33,26.708,26.383,27.164,28476.8,24259.83,28565.87,0.61
2016-02-18,27.42,28.08,27.0,26.92,25936.92,-0.19,-0.7,26.628,26.182,27.328,26650.9,24376.78,28894.44,0.71
2016-02-17,26.58,27.22,27.2,26.4,25440.94,0.48,1.8,26.568,25.864,27.529,26137.89,25636.04,28807.86,0.69
2016-02-16,25.8,27.0,26.71,25.72,31740.04,1.0,3.89,26.346,25.664,27.649,24167.48,27501.09,28484.08,0.87
2016-02-15,25.51,25.93,25.72,25.16,36845.28,-0.79,-2.98,26.182,25.599,27.824,23251.47,27443.16,28541.85,1.01
2016-02-05,26.92,26.92,26.51,26.5,13291.33,-0.17,-0.64,26.058,25.925,28.003,20042.86,25952.48,28596.34,0.36
2016-02-04,26.11,27.1,26.7,26.06,23371.85,0.59,2.26,25.736,26.154,28.268,22102.66,29963.27,30858.88,0.64
2016-02-03,25.4,26.43,26.09,25.4,15588.88,0.19,0.73,25.16,26.42,28.498,25134.2,30412.39,29969.9,0.43
2016-02-02,25.15,26.15,25.89,25.15,27160.02,0.79,3.15,24.982,26.87,28.922,30834.71,30903.18,30358.79,0.74
2016-02-01,25.1,25.44,25.1,24.87,20802.24,0.2,0.8,25.016,27.405,29.339,31634.85,31345.71,32414.81,0.57
2016-01-29,23.3,25.13,24.9,23.3,23590.29,1.08,4.53,25.792,27.945,29.764,31862.1,32871.92,32722.49,0.64
2016-01-28,24.98,25.8,23.82,23.61,38529.56,-1.43,-5.66,26.572,28.474,30.335,37823.89,33412.11,33899.85,1.05
2016-01-27,26.16,26.6,25.2,23.5,44091.43,-0.86,-3.3,27.68,29.193,31.026,35690.57,31979.68,33186.77,1.2
2016-01-26,28.66,28.66,26.06,26.06,31160.75,-2.9,-10.01,28.758,29.633,31.67,30971.65,29467.07,32032.56,0.85
2016-01-25,28.8,29.2,28.98,28.01,21938.48,0.21,0.73,29.794,30.048,32.247,31056.57,29640.54,32042.59,0.6
2016-01-22,29.16,29.88,28.8,26.81,53399.21,-0.51,-1.74,30.098,30.08,32.728,33881.73,31240.2,32282.42,1.46
2016-01-21,30.58,30.79,29.36,29.27,27862.99,-1.22,-3.99,30.376,30.381,33.2,29000.34,31754.49,30710.97,0.76
2016-01-20,30.96,31.2,30.59,30.35,20496.8,-0.65,-2.08,30.706,30.575,33.624,28268.78,29527.41,31399.12,0.56
2016-01-19,30.0,31.48,31.24,29.7,31585.35,0.74,2.43,30.508,30.973,34.034,27962.5,29814.41,31985.46,0.86
2016-01-18,29.92,30.85,30.5,29.27,36064.3,0.45,1.5,30.302,31.273,34.458,28224.51,33483.91,32697.47,0.98
2016-01-15,30.7,31.3,30.19,29.5,28992.24,-0.85,-2.74,30.062,31.583,34.901,28598.66,32573.06,33621.85,0.79
2016-01-14,29.29,31.3,31.01,29.08,24205.21,1.37,4.62,30.386,32.196,35.336,34508.64,34387.59,34483.87,0.66
2016-01-13,30.5,30.78,29.6,29.5,18965.39,-0.59,-1.95,30.444,32.859,35.675,30786.04,34393.86,34835.26,0.52
2016-01-12,29.2,30.25,30.21,29.2,32895.41,0.93,3.18,31.438,33.706,36.053,31666.31,34598.06,35191.13,0.9
2016-01-11,31.49,31.8,29.3,29.25,37935.05,-2.49,-7.83,32.244,34.445,36.372,38743.3,34444.63,34828.26,1.04
2016-01-08,32.49,33.7,31.81,31.0,58542.14,0.37,1.18,33.104,35.375,36.707,36547.45,33324.64,34665.79,1.6
2016-01-07,34.0,34.1,31.3,31.21,5592.2,-3.27,-9.46,34.006,36.019,36.979,34266.54,29667.45,33641.48,0.15
2016-01-06,34.19,34.92,34.57,34.18,23366.77,0.37,1.08,35.274,36.672,37.28,38001.68,33270.83,35809.05,0.64
2016-01-05,33.3,35.82,34.24,32.2,68280.34,0.54,1.6,35.974,37.094,37.463,37529.8,34156.52,37808.24,1.86
2016-01-04,36.3,36.49,33.6,33.39,26955.82,-2.73,-7.51,36.646,37.643,37.742,30145.97,31911.04,41631.33,0.74
2015-12-31,37.7,37.75,36.32,35.84,47137.55,-1.29,-3.43,37.646,38.218,37.895,30101.83,34670.64,42497.0,1.29
2015-12-30,38.01,38.28,37.64,37.48,24267.92,-0.43,-1.13,38.032,38.475,37.968,25068.36,34580.16,42002.2,0.66
2015-12-29,37.65,38.09,38.07,36.81,21007.37,0.45,1.2,38.07,38.491,37.977,28539.98,35276.66,42931.61,0.57
2015-12-28,38.87,39.29,37.6,37.5,31361.17,-1.02,-2.64,38.214,38.399,37.971,30783.24,35784.2,44341.57,0.86
2015-12-25,38.3,38.82,38.6,37.8,26735.13,0.37,0.97,38.64,38.299,37.94,33676.12,35211.88,46578.93,0.73
2015-12-24,37.99,38.28,38.25,37.18,21970.22,0.43,1.14,38.79,38.039,37.79,39239.45,36006.94,47822.72,0.6
2015-12-23,38.8,39.25,37.83,37.66,41625.99,-0.95,-2.45,38.918,37.939,37.767,44091.95,37615.51,49253.32,1.14
2015-12-22,39.55,39.6,38.79,38.38,32223.69,-0.92,-2.32,38.912,37.888,37.812,42013.35,38347.27,52686.55,0.88
2015-12-21,39.34,40.05,39.73,38.63,45825.59,0.38,0.97,38.584,37.831,37.739,40785.17,41459.96,52965.98,1.25
2015-12-18,39.06,40.0,39.35,38.98,54551.74,0.47,1.21,37.958,37.841,37.626,36747.63,51351.62,54690.06,1.49
2015-12-17,37.78,39.66,38.89,37.78,46232.73,1.12,2.96,37.288,37.571,37.506,32774.43,50323.37,54101.1,1.26
2015-12-16,37.6,38.17,37.8,37.31,31232.99,0.68,1.83,36.96,37.46,37.399,31139.07,49424.25,54487.72,0.85
2015-12-15,37.0,37.8,37.15,36.52,26082.78,0.63,1.73,36.864,37.462,37.305,34681.2,50586.55,55424.47,0.71
2015-12-14,35.99,36.96,36.6,35.44,25637.92,0.61,1.7,37.078,37.542,37.292,42134.76,52898.94,56908.91,0.7
2015-12-11,37.02,37.54,36.0,35.1,34685.72,-1.22,-3.28,37.724,37.58,37.324,65955.6,57945.97,59137.38,0.95
2015-12-10,37.21,37.6,37.25,36.87,38055.94,-0.05,-0.13,37.854,37.54,37.406,67872.31,59638.5,62896.61,1.04
2015-12-09,37.76,38.26,37.32,36.7,48943.63,-0.77,-2.02,37.96,37.594,37.478,67709.43,60891.13,65100.03,1.34
2015-12-08,39.5,39.5,38.22,38.01,63350.59,-1.6,-4.02,38.06,37.735,37.542,66491.9,67025.83,69554.35,1.73
2015-12-07,36.3,40.2,39.83,36.08,144742.12,3.17,8.65,38.006,37.646,37.63,63663.12,64471.99,77796.54,3.95
2015-12-04,37.7,37.97,36.65,36.38,44269.29,-1.11,-2.94,37.436,37.411,37.617,49936.35,58028.5,84326.9,1.21
2015-12-03,37.7,38.28,37.78,37.47,37241.54,-0.02,-0.05,37.226,37.44,37.584,51404.68,57878.84,82322.67,1.02
2015-12-02,37.65,38.43,37.82,34.77,42855.96,-0.12,-0.32,37.228,37.337,37.329,54072.83,59551.19,83541.47,1.17
2015-12-01,36.8,38.18,37.95,36.1,49206.68,0.98,2.65,37.41,37.147,37.006,67559.76,60262.39,85582.25,1.34
2015-11-30,35.56,37.2,36.98,35.1,76108.26,1.41,3.96,37.286,37.041,36.613,65280.86,60918.88,85416.67,2.08
2015-11-27,37.9,38.19,35.6,35.0,51610.95,-2.09,-5.54,37.386,37.067,36.213,66120.64,60328.79,84158.64,1.41
2015-11-26,38.49,38.8,37.79,37.57,50582.28,-0.94,-2.43,37.654,37.272,35.908,64352.99,66154.72,82777.07,1.38
2015-11-25,37.37,39.38,38.73,37.27,110290.62,1.38,3.69,37.446,37.362,35.473,65029.55,69308.93,81510.87,3.01
2015-11-24,37.5,38.09,37.33,37.1,37812.19,-0.16,-0.43,36.884,37.348,35.013,52965.02,72082.87,77545.27,1.03
2015-11-23,36.91,38.86,37.48,36.68,80307.18,0.55,1.49,36.796,37.613,34.641,56556.91,91121.1,77900.68,2.19
2015-11-20,36.57,37.15,36.94,36.23,42772.69,0.21,0.57,36.748,37.823,34.176,54536.94,110625.3,75188.04,1.18
2015-11-19,36.03,36.76,36.75,35.45,53965.09,0.8,2.23,36.89,37.727,33.734,67956.44,106766.51,75323.25,1.48
2015-11-18,36.95,37.0,35.92,35.79,49967.97,-0.86,-2.34,37.278,37.32,33.336,73588.31,107531.74,74409.02,1.37
2015-11-17,37.88,38.56,36.89,36.58,55771.6,-0.36,-0.97,37.812,36.865,32.869,91200.71,110902.1,73544.76,1.53
2015-11-16,36.48,37.39,37.24,36.2,70207.36,-0.39,-1.04,38.43,36.185,32.382,125685.29,109914.45,72951.38,1.93
2015-11-13,39.0,39.7,37.65,37.39,109870.2,-1.09,-2.81,38.898,35.359,31.981,166713.67,107988.48,71490.88,3.02
2015-11-12,39.42,39.79,38.69,38.41,82124.4,0.1,0.26,38.564,34.543,31.582,145576.57,99399.43,67736.58,2.26
2015-11-11,39.15,39.66,38.59,38.02,138029.98,-1.39,-3.48,37.362,33.584,31.119,141475.18,93712.82,66082.58,3.8
2015-11-10,39.2,40.6,39.98,38.43,228194.5,0.4,1.01,35.918,32.677,30.616,130603.5,83007.67,60899.85,6.27
2015-11-05,39.58,39.58,39.58,39.02,275349.25,3.6,10.01,33.94,31.669,29.986,94143.61,64680.27,51537.0,7.57
2015-11-04,35.98,35.98,35.98,35.98,4184.74,3.27,10.0,31.82,30.529,29.376,49263.29,39750.78,41194.11,0.12
2015-09-30,31.05,33.1,32.68,31.05,61617.43,1.33,4.24,30.522,29.74,28.937,53222.29,43879.99,44953.46,1.69
2015-09-29,29.6,32.77,31.37,29.37,83671.56,1.28,4.25,29.806,29.352,28.765,45950.45,41286.29,45107.09,2.3
2015-09-28,29.19,30.35,30.09,28.0,45895.08,1.11,3.83,29.436,28.873,28.716,35411.85,36187.43,44840.0,1.26
2015-09-25,29.25,30.4,28.98,28.92,50947.65,-0.47,-1.6,29.398,28.579,28.655,35216.93,35988.3,46142.95,1.4
2015-09-24,29.3,29.49,29.49,28.95,23979.71,0.4,1.38,29.238,28.602,28.556,30238.27,34993.29,49156.36,0.66
2015-09-23,29.4,29.51,29.1,28.8,25258.26,-0.41,-1.39,28.958,28.621,28.449,34537.7,36073.72,55829.95,0.69
2015-09-22,29.78,30.53,29.52,29.3,30978.53,-0.34,-1.14,28.898,28.654,28.504,36622.14,38452.35,58599.92,0.85
2015-09-21,27.81,30.17,29.9,27.81,44920.5,1.71,6.07,28.31,28.555,28.708,36963.01,38792.03,60405.39,1.24
2015-09-18,28.2,28.74,28.18,27.8,26054.35,-0.03,-0.11,27.76,28.303,28.994,36759.67,38393.72,61914.91,0.72
2015-09-17,28.95,29.37,28.09,27.88,45476.86,-0.69,-2.4,27.966,28.223,29.415,39748.3,42637.44,65088.32,1.25
2015-09-16,26.7,29.19,28.8,26.7,35680.44,2.23,8.39,28.284,28.134,29.821,37609.74,46026.92,71623.82,0.98
2015-09-15,27.0,27.75,26.58,26.16,32682.89,-0.58,-2.13,28.41,28.177,30.268,40282.57,48927.89,73472.07,0.9
2015-09-14,29.47,29.48,27.15,27.02,43903.83,-2.09,-7.15,28.8,28.559,30.791,40621.06,53492.57,76044.56,1.21
2015-09-11,29.21,29.8,29.21,28.5,40997.49,-0.43,-1.45,28.846,28.73,31.283,40027.77,56297.61,77208.9,1.13
2015-09-10,29.0,29.97,29.68,28.7,34784.05,0.23,0.78,28.48,28.51,31.652,45526.58,63319.43,78387.94,0.96
2015-09-09,28.61,30.35,29.43,28.3,49044.6,0.93,3.26,27.984,28.277,32.017,54444.11,75586.18,81685.54,1.35
2015-09-08,27.3,28.8,28.53,26.98,34375.31,1.13,4.12,27.944,28.354,32.431,57573.21,78747.49,86816.42,0.95
2015-09-07,27.0,28.5,27.38,27.0,40937.41,-0.07,-0.26,28.318,28.861,32.806,66364.09,82018.75,89706.52,1.13
2015-09-02,26.24,28.2,27.38,25.96,68491.52,0.14,0.51,28.614,29.685,33.133,72567.44,85436.1,89454.39,1.88
2015-09-01,29.49,29.49,27.2,26.7,79371.7,-2.04,-6.98,28.54,30.606,33.486,81112.28,87539.2,89671.69,2.18
2015-08-31,29.5,30.09,29.23,29.01,64690.11,-1.25,-4.1,28.57,31.508,33.924,96728.25,97220.71,91419.29,1.78
2015-08-28,29.19,31.0,30.4,29.06,78329.7,1.46,5.04,28.764,32.359,34.199,99921.76,98016.25,93397.19,2.15
2015-08-27,28.0,29.0,28.86,27.5,71954.17,1.73,6.38,29.404,33.022,34.35,97673.41,98596.54,93613.31,1.98
2015-08-26,27.98,29.55,27.01,26.15,111215.72,-0.29,-1.06,30.756,33.836,34.576,98304.77,98120.2,94273.29,3.06
2015-08-25,27.5,30.5,27.35,27.18,157451.56,-2.85,-9.44,32.672,34.794,35.004,93966.12,93456.44,93320.32,4.33
2015-08-24,32.0,32.37,30.2,30.2,80657.67,-3.36,-10.01,34.446,35.756,35.351,97713.17,87784.91,95192.94,2.22
2015-08-21,35.0,35.6,33.6,33.4,67087.91,-2.04,-5.72,35.954,36.508,35.555,96110.74,94885.35,98621.51,1.84
2015-08-20,35.9,37.4,35.62,35.61,75110.97,-0.92,-2.52,36.64,36.751,35.779,99519.68,97394.28,103452.46,2.07
2015-08-19,35.5,36.99,36.59,33.92,89522.51,0.39,1.08,36.916,36.581,35.952,97935.62,93472.68,109035.34,2.46
2015-08-18,37.95,39.37,36.22,35.75,176186.77,-1.51,-4.0,36.916,36.365,35.994,92946.76,91804.18,112501.2,4.84
2015-08-17,36.81,37.77,37.74,36.48,72645.54,0.71,1.92,37.066,36.34,36.067,77856.65,85617.88,110802.03,2.0
2015-08-14,37.28,37.99,37.03,36.75,84132.62,0.04,0.11,37.062,36.039,36.019,93659.95,88778.12,115190.2,2.31
2015-08-13,36.08,37.26,37.0,36.08,67190.68,0.41,1.12,36.862,35.677,36.049,95268.89,88630.08,119503.1,1.85
2015-08-12,36.51,37.79,36.59,36.31,64578.2,-0.37,-1.0,36.246,35.316,35.975,89009.75,90426.39,125672.36,1.78
2015-08-11,37.1,37.68,36.97,36.8,100736.21,-0.74,-1.96,35.814,35.213,35.91,90661.6,93184.2,134861.65,2.77
2015-08-10,36.26,38.0,37.72,35.8,151662.06,1.7,4.72,35.614,34.945,36.021,93379.1,102600.96,150073.81,4.17
2015-08-07,34.43,36.09,36.03,34.02,92177.29,2.12,6.25,35.016,34.601,36.314,83896.28,102357.67,172125.29,2.53
2015-08-06,33.75,34.78,33.92,33.4,35894.97,-0.5,-1.45,34.492,34.807,36.765,81991.27,109510.64,197439.64,0.99
2015-08-05,35.79,36.0,34.43,34.2,72837.48,-1.52,-4.23,34.386,35.322,37.168,91843.04,124597.99,220227.84,2.0
2015-08-04,34.4,35.99,35.97,34.38,114323.72,1.25,3.6,34.612,35.623,37.367,95706.79,133198.21,241983.21,3.14
2015-08-03,33.0,34.78,34.73,32.69,104247.96,1.32,3.95,34.276,35.793,37.703,111822.82,135986.18,237348.98,2.87
2015-07-31,33.0,33.96,33.41,32.73,82652.22,0.01,0.03,34.186,35.998,38.337,120819.06,141602.28,237584.23,2.27
2015-07-30,35.0,35.97,33.39,33.0,85153.8,-2.14,-6.02,35.122,36.421,39.305,137030.01,150376.13,233896.52,2.34
2015-07-29,34.61,35.88,35.56,33.0,92156.27,1.27,3.7,36.258,36.634,40.567,157352.95,160918.33,241461.96,2.53
2015-07-28,33.0,34.79,34.29,31.38,194903.86,0.01,0.03,36.634,36.606,41.454,170689.63,176539.09,244601.15,5.36
2015-07-27,36.66,37.7,34.28,34.28,149229.16,-3.81,-10.0,37.31,37.097,42.345,160149.54,197546.65,240242.49,4.1
2015-07-24,39.03,39.66,38.09,37.8,163706.98,-0.99,-2.53,37.81,38.026,43.23,162385.5,241892.91,238660.74,4.5
2015-07-23,37.41,39.46,39.07,37.22,186768.48,1.66,4.44,37.72,38.722,43.85,163722.25,285368.65,235674.58,5.14
2015-07-22,37.69,38.34,37.44,36.28,158839.69,-0.24,-0.64,37.01,39.014,44.531,164483.71,315857.68,233010.92,4.37
2015-07-21,35.8,38.19,37.67,35.3,142203.41,0.91,2.48,36.578,39.111,45.406,182388.55,350768.21,235473.69,3.91
2015-07-20,37.99,38.45,36.78,35.8,160408.94,-0.85,-2.26,36.884,39.612,46.038,234943.76,338711.77,236592.15,4.41
2015-07-17,35.86,38.36,37.64,35.6,170390.72,2.13,6.0,38.242,40.676,46.753,321400.31,333566.18,236405.55,4.68
2015-07-16,35.28,36.64,35.52,32.0,190575.81,0.24,0.68,39.724,42.189,47.355,407015.05,317416.9,234047.49,5.24
2015-07-15,37.5,37.5,35.28,35.28,248363.88,-3.92,-10.0,41.018,44.5,48.054,467231.65,322005.59,226923.81,6.83
2015-07-14,41.6,42.5,39.2,39.2,404979.47,-4.35,-9.99,41.644,46.302,48.802,519147.87,312663.21,218645.27,11.13
2015-07-13,43.0,46.99,43.57,40.8,592691.69,-1.48,-3.29,42.34,47.593,49.342,442479.78,282938.34,203614.68,16.3
2015-07-10,40.0,46.09,45.05,38.93,598464.38,3.08,7.34,43.11,48.433,49.766,345732.04,235428.57,179544.7,16.45
2015-07-09,34.57,42.25,41.99,34.57,491658.81,3.58,9.32,44.654,48.977,50.215,227818.76,185980.51,155246.41,13.52
2015-07-08,38.41,38.41,38.41,38.41,507945.0,-4.27,-10.01,47.982,50.048,50.797,176779.53,150164.16,135147.43,13.97
2015-07-07,42.68,42.68,42.68,42.68,21639.0,-4.74,-10.0,50.96,51.701,51.513,106178.56,120179.16,116062.4,0.59
2015-07-06,47.42,47.42,47.42,47.42,108953.0,-5.27,-10.0,52.846,52.463,52.108,123396.89,134472.53,123257.18,3.0
2015-07-03,52.77,52.77,52.77,52.77,8898.0,-5.86,-9.99,53.756,52.829,52.337,125125.1,139244.92,125632.08,0.24
2015-05-21,54.2,58.63,58.63,54.15,236462.66,5.33,10.0,53.3,52.52,52.214,144142.25,150678.08,132275.17,6.59
2015-05-20,52.11,55.3,53.3,52.09,154940.12,1.19,2.28,52.114,51.607,51.762,123548.78,131842.04,126500.44,4.32
2015-05-19,52.0,52.57,52.11,50.55,107730.69,0.14,0.27,52.442,51.302,51.53,134179.77,124627.33,125546.57,3.0
2015-05-18,50.8,52.68,51.97,49.66,117594.05,1.48,2.93,52.08,51.09,51.278,145548.17,124291.02,133309.13,3.28
2015-05-15,52.68,52.68,50.49,50.33,103983.73,-2.21,-4.19,51.902,51.099,51.242,153364.74,123660.82,134136.24,2.9
2015-05-14,54.49,54.5,52.7,52.36,133495.31,-2.24,-4.08,51.74,51.453,51.283,157213.9,124512.31,135811.38,3.72
2015-05-13,50.0,55.15,54.94,49.5,208095.05,4.64,9.22,51.1,51.546,51.2,140135.3,120130.7,135947.62,5.8
2015-05-12,50.98,50.98,50.3,49.26,164572.69,-0.78,-1.53,50.162,51.326,50.966,115074.9,111945.65,131438.4,4.59
2015-05-11,50.0,51.4,51.08,48.51,156676.92,1.4,2.82,50.1,51.753,51.011,103033.88,112041.84,129229.45,4.37
2015-05-08,49.56,50.5,49.68,47.88,123229.53,0.18,0.36,50.296,51.845,51.006,93956.91,112019.25,127268.92,3.43
2015-05-07,49.59,50.31,49.5,49.25,48102.3,-0.75,-1.49,51.166,51.908,51.108,91810.73,113872.27,127579.64,1.34
2015-05-06,50.7,50.8,50.25,48.8,82793.07,0.26,0.52,51.992,51.918,51.242,100126.09,121158.84,134202.75,2.31
2015-05-05,51.97,52.65,49.99,49.2,104367.57,-2.07,-3.98,52.49,51.757,51.332,108816.39,126465.81,138876.36,2.91
2015-05-04,54.89,54.9,52.06,51.83,111292.07,-1.97,-3.65,53.406,51.466,51.466,121049.79,142327.23,142327.23,3.1
2015-04-30,54.39,55.9,54.03,53.8,112498.62,0.4,0.75,53.394,51.4,51.4,130081.59,145775.59,145775.59,3.13
2015-04-29,52.99,54.5,53.63,51.5,89679.14,0.89,1.69,52.65,51.071,51.071,135933.82,149935.21,149935.21,2.5
2015-04-28,54.59,56.2,52.74,51.9,126244.56,-1.83,-3.35,51.844,50.706,50.706,142191.59,158543.22,158543.22,3.52
2015-04-27,53.3,57.1,54.57,53.3,165534.58,2.57,4.94,51.024,50.367,50.367,144115.23,163926.32,163926.32,4.61
2015-04-24,50.0,53.2,52.0,49.48,156451.03,1.69,3.36,49.526,49.526,49.526,163604.67,163604.67,163604.67,4.36
2015-04-23,49.6,51.29,50.31,48.35,141759.77,0.71,1.43,48.908,48.908,48.908,165393.09,165393.09,165393.09,3.95
2015-04-22,49.03,50.57,49.6,49.03,120967.99,0.96,1.97,48.44,48.44,48.44,173270.86,173270.86,173270.86,3.37
2015-04-21,46.88,49.12,48.64,46.51,135862.77,1.56,3.31,47.86,47.86,47.86,199422.29,199422.29,199422.29,3.79
2015-04-20,50.0,50.0,47.08,46.76,262981.81,-4.87,-9.37,47.08,47.08,47.08,262981.81,262981.81,262981.81,7.33
