date,open,high,close,low,volume,price_change,p_change,ma5,ma10,ma20,v_ma5,v_ma10,v_ma20,turnover
2018-04-17,7.0,7.0,6.37,6.27,716282.88,-0.6,-8.61,6.424,6.32,6.172,283044.37,204346.84,141255.98,8.39
2018-04-16,6.97,6.97,6.97,6.97,228672.34,0.63,9.94,6.392,6.296,6.167,166975.17,142486.25,109082.97,2.68
2018-04-13,6.21,6.45,6.33,6.2,237605.47,0.14,2.26,6.258,6.209,6.132,152848.59,133006.69,100720.03,2.78
2018-04-12,6.2,6.28,6.19,6.15,90436.98,-0.07,-1.12,6.232,6.164,6.13,124044.09,114922.2,92621.64,1.06
2018-04-11,6.24,6.32,6.26,6.1,142224.19,0.05,0.81,6.234,6.143,6.138,124334.21,112285.22,95224.59,1.67
2018-04-10,6.28,6.3,6.21,6.1,135936.86,-0.1,-1.58,6.216,6.107,6.147,125649.3,104342.63,99314.05,1.59
2018-04-09,6.33,6.36,6.3,5.99,158039.44,0.09,1.45,6.2,6.059,6.153,117997.32,103152.39,97034.35,1.85
2018-04-04,6.18,6.26,6.2,6.15,93582.98,-0.01,-0.16,6.16,6.04,6.154,113164.79,92474.35,94991.84,1.1
2018-04-03,6.1,6.22,6.2,5.97,91887.58,0.03,0.49,6.096,6.033,6.159,105800.31,89258.21,96103.35,1.08
2018-04-02,6.06,6.33,6.17,6.05,148799.64,0.04,0.65,6.052,6.025,6.167,100236.22,86701.95,100542.22,1.74
2018-03-30,6.02,6.14,6.13,6.0,97676.97,0.06,0.99,5.998,6.024,6.167,83035.95,78165.13,96605.67,1.14
2018-03-29,5.89,6.12,6.1,5.84,133876.8,0.22,3.74,5.918,6.037,6.169,88307.46,75679.69,95957.94,1.57
2018-03-28,5.95,6.02,5.88,5.88,56760.54,-0.08,-1.34,5.92,6.054,6.174,71783.91,68433.37,94761.52,0.67
2018-03-27,6.01,6.04,5.98,5.95,64067.15,0.08,1.36,5.97,6.095,6.193,72716.11,70321.09,97905.64,0.75
2018-03-26,5.68,5.9,5.9,5.68,62798.31,0.16,2.79,5.998,6.132,6.203,73167.69,78163.95,100994.35,0.74
2018-03-23,5.95,6.0,5.73,5.63,124034.51,-0.37,-6.07,6.05,6.187,6.226,73294.31,94285.47,105205.25,1.45
2018-03-22,6.11,6.15,6.11,6.07,51259.05,-0.02,-0.33,6.156,6.247,6.252,63051.92,90916.31,105891.81,0.6
2018-03-21,6.14,6.28,6.13,6.11,61421.53,0.01,0.16,6.188,6.268,6.254,65082.83,97509.33,107183.05,0.72
2018-03-20,6.11,6.14,6.12,6.08,66325.04,-0.04,-0.65,6.22,6.285,6.251,67926.07,102948.5,106973.55,0.78
2018-03-19,6.26,6.26,6.16,6.15,63431.41,-0.1,-1.6,6.266,6.308,6.245,83160.22,114382.48,108606.87,0.74
2018-03-16,6.26,6.33,6.26,6.25,72822.55,-0.01,-0.16,6.324,6.31,6.237,115276.64,115046.21,108844.69,0.85
2018-03-15,6.27,6.32,6.27,6.23,61413.63,-0.02,-0.32,6.338,6.3,6.216,118780.71,116236.19,112180.41,0.72
2018-03-14,6.31,6.34,6.29,6.28,75637.74,-0.06,-0.94,6.348,6.294,6.21,129935.82,121089.67,113885.5,0.89
2018-03-13,6.38,6.43,6.35,6.32,142495.78,-0.09,-1.4,6.35,6.291,6.202,137970.92,125490.19,119259.34,1.67
2018-03-12,6.35,6.54,6.45,6.27,224013.5,0.12,1.9,6.35,6.274,6.187,145604.73,123824.75,124873.36,2.62
2018-03-09,6.34,6.35,6.33,6.28,90342.89,0.0,0.0,6.296,6.265,6.197,114815.78,116125.02,124613.31,1.06
2018-03-08,6.31,6.36,6.32,6.28,117189.18,0.02,0.32,6.262,6.256,6.216,113691.68,120867.31,136195.89,1.37
2018-03-07,6.33,6.36,6.3,6.26,115813.24,-0.06,-0.94,6.24,6.239,6.241,112243.52,116856.78,152048.57,1.36
2018-03-06,6.19,6.38,6.35,6.12,180664.86,0.16,2.58,6.232,6.216,6.29,113009.47,110998.6,170771.04,2.12
2018-03-05,6.18,6.26,6.18,6.15,70068.72,0.02,0.33,6.198,6.182,6.332,102044.77,102831.25,196651.92,0.82
2018-03-02,6.13,6.25,6.16,6.11,84722.39,-0.05,-0.81,6.234,6.164,6.368,117434.27,102643.17,210419.81,0.99
2018-03-01,6.2,6.23,6.21,6.11,109948.39,-0.04,-0.64,6.25,6.132,6.402,128042.93,108124.62,227532.0,1.29
2018-02-28,6.13,6.35,6.26,6.1,119642.99,0.08,1.29,6.238,6.126,6.42,121470.04,106681.33,229787.89,1.4
2018-02-27,6.31,6.31,6.18,6.16,125841.38,-0.18,-2.83,6.2,6.112,6.44,108987.74,113028.48,231888.78,1.47
2018-02-26,6.37,6.42,6.36,6.21,147016.2,0.12,1.92,6.166,6.099,6.465,103617.74,125921.96,235728.81,1.72
2018-02-23,6.12,6.37,6.24,6.08,137765.7,0.1,1.63,6.094,6.129,6.477,87852.08,133101.59,235363.85,1.61
2018-02-22,6.1,6.21,6.15,6.08,77083.93,0.09,1.49,6.014,6.175,6.494,88206.3,151524.48,241270.32,0.9
2018-02-14,6.06,6.08,6.07,5.97,57231.49,0.06,1.0,6.014,6.243,6.523,91892.61,187240.35,244296.99,0.67
2018-02-13,6.01,6.18,6.01,6.01,98991.36,0.01,0.17,6.024,6.363,6.555,117069.22,230543.47,256426.91,1.16
2018-02-12,5.84,6.01,6.0,5.84,68187.91,0.15,2.56,6.032,6.481,6.602,148226.18,290472.59,271845.2,0.8
2018-02-09,5.89,5.99,5.84,5.7,139536.83,-0.3,-4.89,6.164,6.571,6.631,178351.1,318196.44,284095.57,1.63
2018-02-08,6.08,6.19,6.15,6.06,95515.46,0.04,0.66,6.336,6.671,6.68,214842.65,346939.38,301506.01,1.12
2018-02-07,6.2,6.29,6.12,5.85,183114.52,0.07,1.16,6.472,6.713,6.713,282588.09,352894.46,321622.83,2.15
2018-02-06,6.5,6.56,6.05,6.03,254776.19,-0.61,-9.16,6.702,6.767,6.754,344017.73,350749.07,341804.15,2.99
2018-02-05,6.51,6.68,6.66,6.5,218812.5,-0.06,-0.89,6.93,6.831,6.81,432718.99,345535.65,375130.61,2.56
2018-02-02,6.66,6.75,6.7,6.38,321994.59,-0.15,-2.19,6.978,6.825,6.802,458041.78,337626.1,381912.14,3.77
2018-02-01,7.24,7.29,6.83,6.82,434242.66,-0.44,-6.05,7.006,6.812,6.789,479036.1,331016.17,382355.93,5.09
2018-01-31,7.11,7.31,7.27,6.93,490262.69,0.08,1.11,6.954,6.802,6.757,423200.83,301353.62,363932.2,5.74
2018-01-30,6.86,7.58,7.19,6.81,698282.5,0.3,4.35,6.832,6.747,6.704,357480.42,282310.34,343964.85,8.18
2018-01-29,6.77,7.07,6.9,6.77,345426.47,0.06,0.88,6.732,6.723,6.654,258352.31,253217.82,314278.03,4.05
2018-01-26,6.57,7.1,6.84,6.53,426966.19,0.28,4.27,6.672,6.69,6.618,217210.42,249994.7,303599.86,5.0
2018-01-25,6.63,6.65,6.57,6.52,155066.31,-0.09,-1.35,6.618,6.689,6.576,182996.23,256072.65,284052.94,1.82
2018-01-24,6.69,6.77,6.66,6.57,161660.62,-0.03,-0.45,6.65,6.712,6.546,179506.41,290351.2,277734.72,1.89
2018-01-23,6.59,6.8,6.69,6.59,202641.98,0.1,1.52,6.662,6.74,6.514,207140.26,332859.22,271659.93,2.37
2018-01-22,6.57,6.64,6.6,6.52,139717.0,0.03,0.46,6.714,6.788,6.477,248083.32,404725.57,263513.66,1.64
2018-01-19,6.7,6.87,6.57,6.56,255895.23,-0.16,-2.38,6.708,6.779,6.446,282778.98,426198.17,257684.27,3.0
2018-01-18,6.68,6.79,6.73,6.65,137617.23,0.02,0.3,6.76,6.766,6.417,329149.07,433695.7,246896.6,1.61
2018-01-17,6.88,6.93,6.72,6.64,299829.88,-0.23,-3.31,6.774,6.711,6.377,401195.98,426510.77,242180.55,3.51
2018-01-16,6.57,7.03,6.95,6.49,407357.28,0.37,5.62,6.818,6.66,6.344,458578.18,405619.36,229938.63,4.77
2018-01-15,6.76,6.85,6.57,6.56,313195.28,-0.27,-3.95,6.862,6.584,6.292,561367.81,375338.25,210664.37,3.67
2018-01-12,6.71,7.06,6.83,6.68,487745.66,0.03,0.44,6.85,6.545,6.262,569617.36,357205.02,196737.53,5.71
2018-01-11,6.79,6.92,6.8,6.58,497851.81,-0.12,-1.73,6.772,6.463,6.221,538242.33,312033.23,174726.22,5.83
2018-01-10,7.12,7.17,6.94,6.89,586740.88,-0.23,-3.21,6.648,6.38,6.179,451825.56,265118.25,150861.45,6.87
2018-01-09,6.47,7.17,7.17,6.42,921305.44,0.65,9.97,6.502,6.288,6.128,352660.53,210460.63,122632.07,10.79
2018-01-08,6.41,6.72,6.51,6.35,354443.03,0.06,0.93,6.306,6.166,6.069,189308.68,122301.75,78035.5,4.15
2018-01-05,6.2,6.66,6.44,6.19,330870.5,0.26,4.21,6.24,6.113,6.041,144792.67,89170.38,61675.88,3.88
2018-01-04,6.18,6.21,6.18,6.15,65767.93,-0.02,-0.32,6.154,6.067,6.014,85824.13,60097.5,46507.55,0.77
2018-01-03,6.15,6.26,6.21,6.13,90915.74,0.02,0.32,6.112,6.043,6.0,78410.94,57850.34,44817.6,1.07
2018-01-02,6.2,6.29,6.19,6.15,104546.19,0.01,0.16,6.074,6.027,5.981,68260.74,54257.91,42607.84,1.22
2017-12-29,6.02,6.21,6.18,6.01,131862.98,0.17,2.83,6.026,6.0,5.971,55294.82,45990.49,39163.21,1.55
2017-12-28,5.97,6.02,6.01,5.94,36027.8,0.04,0.67,5.986,5.979,5.965,33548.08,36270.04,34235.71,0.42
2017-12-27,6.02,6.03,5.97,5.96,28702.0,-0.05,-0.83,5.98,5.979,5.967,34370.86,37419.21,34533.64,0.34
2017-12-26,5.94,6.02,6.02,5.94,40164.71,0.08,1.35,5.974,5.978,5.974,37289.73,36604.65,36729.53,0.47
2017-12-25,5.93,6.04,5.95,5.93,39716.6,-0.01,-0.17,5.98,5.967,5.972,40255.08,34803.51,37029.16,0.47
2017-12-22,5.98,5.99,5.98,5.92,23129.31,-0.01,-0.17,5.974,5.972,5.969,36686.16,33769.25,36641.8,0.27
2017-12-21,5.93,6.01,5.98,5.85,40141.69,0.05,0.84,5.972,5.968,5.968,38992.0,34181.38,37503.04,0.47
2017-12-20,6.05,6.05,5.94,5.91,43296.35,-0.11,-1.82,5.978,5.96,5.967,40467.55,32917.6,38656.08,0.51
2017-12-19,5.94,6.06,6.05,5.92,54991.46,0.12,2.02,5.982,5.956,5.976,35919.56,31784.87,38999.77,0.64
2017-12-18,5.94,5.98,5.92,5.92,21872.0,-0.05,-0.84,5.954,5.935,5.981,29351.94,30957.77,39874.43,0.26
2017-12-15,6.0,6.0,5.97,5.91,34658.52,-0.04,-0.67,5.97,5.941,5.991,30852.33,32335.93,41563.8,0.41
2017-12-14,5.96,6.07,6.01,5.92,47519.44,0.05,0.84,5.964,5.95,5.999,29370.75,32201.37,48244.18,0.56
2017-12-13,5.91,5.97,5.96,5.9,20556.4,0.05,0.85,5.942,5.954,6.019,25367.65,31648.07,48285.66,0.24
2017-12-12,6.0,6.01,5.91,5.9,22153.35,-0.08,-1.34,5.93,5.969,6.04,27650.17,36854.41,49643.11,0.26
2017-12-11,5.94,6.0,6.0,5.91,29373.96,0.06,1.01,5.916,5.977,6.065,32563.6,39254.81,53443.29,0.34
2017-12-08,5.87,5.96,5.94,5.87,27250.62,0.04,0.68,5.912,5.966,6.092,33819.53,39514.35,58193.67,0.32
2017-12-07,5.9,5.96,5.9,5.86,27503.93,0.0,0.0,5.936,5.968,6.127,35031.99,40824.7,59308.12,0.32
2017-12-06,5.84,5.91,5.9,5.8,31969.01,0.06,1.03,5.966,5.973,6.167,37928.49,44394.56,60166.48,0.37
2017-12-05,5.95,6.0,5.84,5.8,46720.48,-0.14,-2.34,6.008,5.996,6.207,46058.64,46214.67,61750.19,0.55
2017-12-04,6.03,6.05,5.98,5.95,35653.6,-0.08,-1.32,6.038,6.027,6.253,45946.02,48791.09,64711.26,0.42
2017-12-01,6.04,6.07,6.06,6.01,33312.93,0.02,0.33,6.02,6.04,6.287,45209.17,50791.68,66151.06,0.39
2017-11-30,6.09,6.09,6.05,6.01,41986.45,-0.06,-0.98,6.0,6.047,6.317,46617.42,64286.99,67586.28,0.49
2017-11-29,5.97,6.14,6.11,5.9,72619.74,0.12,2.0,5.98,6.083,6.35,50860.63,64923.24,68353.18,0.85
2017-11-28,5.89,5.99,5.99,5.88,46157.37,0.1,1.7,5.984,6.111,6.385,46370.69,62431.82,67947.99,0.54
2017-11-27,5.97,5.97,5.89,5.88,31969.34,-0.06,-1.01,6.016,6.153,6.426,51636.17,67631.77,68283.59,0.37
2017-11-24,5.88,5.98,5.96,5.88,40354.19,0.02,0.34,6.06,6.217,6.469,56374.18,76872.99,73955.0,0.47
2017-11-23,6.12,6.14,5.95,5.92,63202.51,-0.18,-2.94,6.094,6.285,6.519,81956.56,77791.53,75350.11,0.74
2017-11-22,6.16,6.17,6.13,6.11,50170.04,-0.03,-0.49,6.186,6.36,6.572,78985.85,75938.4,76210.3,0.59
2017-11-21,6.1,6.21,6.15,6.08,72484.75,0.03,0.49,6.238,6.418,6.618,78492.95,77285.72,78324.96,0.85
2017-11-20,6.1,6.12,6.11,5.97,55659.43,-0.02,-0.33,6.29,6.479,6.662,83627.36,80631.44,77678.13,0.65
2017-11-17,6.41,6.42,6.13,6.06,168266.05,-0.28,-4.37,6.374,6.533,6.708,97371.79,81510.44,78091.57,1.97
2017-11-16,6.4,6.47,6.41,6.38,48348.99,0.02,0.31,6.476,6.586,6.753,73626.51,70885.57,73280.6,0.57
2017-11-15,6.4,6.45,6.39,6.38,47705.55,-0.01,-0.16,6.534,6.617,6.776,72890.95,71783.12,74961.38,0.56
2017-11-14,6.52,6.53,6.41,6.4,98156.8,-0.12,-1.84,6.598,6.659,6.804,76078.49,73464.17,76357.52,1.15
2017-11-13,6.6,6.65,6.53,6.49,124381.55,-0.11,-1.66,6.668,6.699,6.835,77635.51,68935.41,74715.71,1.46
2017-11-10,6.68,6.69,6.64,6.63,49539.64,-0.06,-0.9,6.692,6.72,6.858,65649.08,71037.02,74217.37,0.58
2017-11-09,6.71,6.72,6.7,6.67,44671.2,-0.01,-0.15,6.696,6.752,6.883,68144.63,72908.69,74595.27,0.52
2017-11-08,6.76,6.77,6.71,6.68,63643.24,-0.05,-0.74,6.7,6.784,6.903,70675.3,76482.2,76683.64,0.75
2017-11-07,6.64,6.86,6.76,6.61,105941.9,0.11,1.65,6.72,6.818,6.925,70849.85,79364.2,81230.09,1.24
2017-11-06,6.67,6.68,6.65,6.57,64449.44,-0.01,-0.15,6.73,6.845,6.94,60235.31,74724.83,81367.19,0.76
2017-11-03,6.71,6.74,6.66,6.62,62017.39,-0.06,-0.89,6.748,6.883,6.957,76424.95,74672.71,83642.01,0.73
2017-11-02,6.78,6.8,6.72,6.7,57324.51,-0.09,-1.32,6.808,6.92,6.971,77672.75,75675.63,84548.87,0.67
2017-11-01,6.81,6.83,6.81,6.76,64516.0,0.0,0.0,6.868,6.934,6.98,82289.11,78139.65,86268.71,0.76
2017-10-31,6.74,6.81,6.81,6.74,52869.2,0.07,1.04,6.916,6.948,6.989,87878.55,79250.87,88071.5,0.62
2017-10-30,6.93,6.95,6.74,6.69,145397.64,-0.22,-3.16,6.96,6.971,6.993,89214.36,80496.01,91220.58,1.7
2017-10-27,7.02,7.04,6.96,6.95,68256.39,-0.06,-0.85,7.018,6.996,7.003,72920.47,77397.72,96890.42,0.8
2017-10-26,7.01,7.05,7.02,6.98,80406.31,-0.03,-0.43,7.032,7.013,7.013,73678.5,76281.86,101120.64,0.94
2017-10-25,7.0,7.1,7.05,7.0,92463.22,0.02,0.28,7.0,7.022,7.022,73990.19,76885.08,109709.29,1.08
2017-10-24,7.0,7.07,7.03,6.96,59548.23,0.0,0.0,6.98,7.032,7.041,70623.18,83095.97,119157.44,0.7
2017-10-23,7.0,7.07,7.03,6.97,63928.2,0.0,0.0,6.982,7.035,7.058,71777.66,88009.55,139844.09,0.75
2017-10-20,6.91,7.04,7.03,6.87,72046.55,0.17,2.48,6.974,7.031,7.068,81874.96,92611.32,148155.13,0.84
2017-10-19,6.95,6.95,6.86,6.83,81964.74,-0.09,-1.29,6.994,7.021,7.078,78885.21,93422.12,169159.09,0.96
2017-10-18,7.01,7.05,6.95,6.91,75628.2,-0.09,-1.28,7.044,7.025,7.089,79779.98,94397.77,171818.09,0.89
2017-10-17,6.97,7.05,7.04,6.95,65320.61,0.05,0.71,7.084,7.029,7.092,95568.76,96892.14,172203.26,0.77
2017-10-16,7.12,7.17,6.99,6.98,114414.7,-0.14,-1.96,7.088,7.015,7.09,104241.44,101945.14,176710.33,1.34
2017-10-13,7.11,7.15,7.13,7.09,57097.8,0.02,0.28,7.088,7.009,7.096,103347.68,116383.13,178970.23,0.67
2017-10-12,7.1,7.13,7.11,7.05,86438.6,-0.04,-0.56,7.048,7.013,7.094,107959.03,125959.43,185736.46,1.01
2017-10-11,7.05,7.24,7.15,7.05,154572.08,0.09,1.27,7.006,7.022,7.09,109015.55,142533.49,191966.8,1.81
2017-10-10,7.0,7.07,7.06,6.92,108684.04,0.07,1.0,6.974,7.049,7.081,98215.52,155218.92,190305.63,1.27
2017-10-09,7.03,7.06,6.99,6.97,109945.86,0.06,0.87,6.942,7.08,7.078,99648.85,191678.63,188518.68,1.29
2017-09-29,6.89,6.96,6.93,6.89,80154.58,0.03,0.43,6.93,7.105,7.079,129418.58,203698.94,187510.99,0.94
2017-09-28,6.96,6.97,6.9,6.87,91721.2,-0.09,-1.29,6.978,7.135,7.083,143959.82,244896.06,189459.23,1.07
2017-09-27,6.9,7.03,6.99,6.88,100571.91,0.09,1.3,7.038,7.152,7.09,176051.42,249238.42,189723.39,1.18
2017-09-26,6.93,6.97,6.9,6.83,115850.68,-0.03,-0.43,7.124,7.154,7.094,212222.31,247514.37,190571.68,1.36
2017-09-25,7.14,7.15,6.93,6.9,258794.55,-0.24,-3.35,7.218,7.165,7.1,283708.42,251475.51,189001.58,3.03
2017-09-22,7.23,7.3,7.17,7.15,152860.77,-0.03,-0.42,7.28,7.182,7.108,277979.31,241557.33,181321.64,1.79
2017-09-21,7.46,7.47,7.2,7.19,252179.19,-0.22,-2.96,7.292,7.174,7.101,345832.3,245513.5,177770.01,2.95
2017-09-20,7.34,7.43,7.42,7.28,281426.38,0.05,0.68,7.266,7.157,7.088,322425.41,241400.12,169976.6,3.3
2017-09-19,7.23,7.53,7.37,7.19,473281.22,0.13,1.8,7.184,7.113,7.07,282806.44,225392.34,162334.01,5.55
2017-09-18,7.23,7.25,7.24,7.14,230148.97,0.01,0.14,7.112,7.076,7.053,219242.59,185358.73,142993.87,2.7
2017-09-15,7.06,7.34,7.23,7.05,492125.72,0.16,2.26,7.084,7.052,7.045,205135.35,171323.03,136111.13,5.77
2017-09-14,6.99,7.07,7.07,6.99,135144.77,0.06,0.86,7.056,7.031,7.039,145194.7,134022.41,121781.02,1.58
2017-09-13,7.01,7.03,7.01,6.96,83331.5,0.0,0.0,7.048,7.028,7.032,160374.83,130208.37,119141.19,0.98
2017-09-12,7.11,7.13,7.01,7.0,155462.0,-0.09,-1.27,7.042,7.033,7.026,167978.24,133628.99,118263.8,1.82
2017-09-11,7.1,7.12,7.1,7.05,159612.77,0.01,0.14,7.04,7.035,7.021,151474.87,126527.66,113849.65,1.87
2017-09-08,7.02,7.11,7.09,6.97,192422.48,0.06,0.85,7.02,7.033,7.012,137510.7,121085.96,110172.26,2.25
2017-09-07,6.97,7.12,7.03,6.96,211045.38,0.05,0.72,7.006,7.028,6.996,122850.11,110026.51,107869.66,2.47
2017-09-06,7.0,7.01,6.98,6.95,121348.57,-0.02,-0.29,7.008,7.019,6.993,100041.92,98553.08,105628.99,1.42
2017-09-05,7.02,7.04,7.0,6.98,72945.15,0.0,0.0,7.024,7.027,7.001,99279.74,99275.68,107059.81,0.85
2017-09-04,7.02,7.03,7.0,6.96,89791.91,-0.02,-0.28,7.03,7.029,7.003,101580.45,100629.02,111333.34,1.05
2017-09-01,7.04,7.06,7.02,6.97,119119.53,-0.02,-0.28,7.046,7.038,7.01,104661.22,100899.23,114443.14,1.4
2017-08-31,7.1,7.11,7.04,7.01,97004.42,-0.02,-0.28,7.05,7.046,7.017,97202.91,109539.64,119086.56,1.14
2017-08-30,7.04,7.13,7.06,7.01,117537.7,0.03,0.43,7.03,7.036,7.032,97064.23,108074.02,125123.85,1.38
2017-08-29,7.08,7.11,7.03,7.02,84448.71,-0.05,-0.71,7.03,7.019,7.045,99271.62,102898.6,132044.57,0.99
2017-08-28,7.07,7.12,7.08,7.03,105195.76,0.04,0.57,7.028,7.006,7.059,99677.58,101171.63,146998.21,1.23
2017-08-25,6.95,7.06,7.04,6.95,81827.98,0.1,1.44,7.03,6.99,7.055,97137.23,99258.57,149626.8,0.96
2017-08-24,7.05,7.07,6.94,6.93,96311.02,-0.12,-1.7,7.042,6.964,7.055,121876.36,105712.81,152402.35,1.13
2017-08-23,7.08,7.17,7.06,7.04,128574.63,0.04,0.57,7.042,6.967,7.068,119083.8,112704.9,152667.25,1.51
2017-08-22,7.09,7.1,7.02,7.0,86478.49,-0.07,-0.99,7.008,6.974,7.143,106525.59,114843.95,151465.49,1.01
2017-08-21,7.08,7.14,7.09,7.04,92494.04,-0.01,-0.14,6.984,6.977,7.224,102665.69,122037.67,153305.87,1.08
2017-08-18,6.89,7.15,7.1,6.86,205523.61,0.16,2.31,6.95,6.981,7.303,101379.9,127987.05,155247.62,2.41
2017-08-17,6.88,6.95,6.94,6.85,82348.24,0.05,0.73,6.886,6.988,7.376,89549.26,128633.48,150858.59,0.96
2017-08-16,6.91,6.93,6.89,6.84,65783.55,-0.01,-0.14,6.892,7.027,7.451,106325.99,142173.67,153774.16,0.77
2017-08-15,6.89,6.94,6.9,6.85,67179.02,-0.02,-0.29,6.94,7.07,7.522,123162.31,161190.54,155420.98,0.79
2017-08-14,6.73,6.92,6.92,6.73,86065.08,0.14,2.06,6.97,7.112,7.585,141409.66,192824.79,155534.28,1.01
2017-08-11,6.9,6.92,6.78,6.76,146370.41,-0.19,-2.73,7.012,7.119,7.642,154594.21,199995.04,161367.68,1.72
2017-08-10,7.1,7.13,6.97,6.93,166231.88,-0.16,-2.24,7.09,7.146,7.729,167717.69,199091.9,158331.23,1.95
2017-08-09,7.05,7.18,7.13,7.04,149965.16,0.08,1.14,7.162,7.169,7.804,178021.36,192629.6,156920.18,1.76
2017-08-08,7.12,7.14,7.05,7.02,158415.75,-0.08,-1.12,7.2,7.311,7.876,199218.78,188087.04,160112.11,1.86
2017-08-07,7.11,7.15,7.13,7.05,151987.84,-0.04,-0.56,7.254,7.471,7.961,244239.93,184574.06,161731.71,1.78
2017-08-04,7.31,7.34,7.17,7.15,211987.84,-0.16,-2.18,7.226,7.624,8.041,245395.87,182508.19,159903.03,2.48
2017-08-03,7.31,7.42,7.33,7.27,217750.2,0.01,0.14,7.202,7.763,8.121,230466.1,173083.7,155504.49,2.55
2017-08-02,7.29,7.38,7.32,7.21,255952.25,0.0,0.0,7.176,7.874,8.19,207237.85,165374.65,151317.13,3.0
2017-08-01,6.99,7.44,7.32,6.98,383521.5,0.33,4.72,7.422,7.974,8.265,176955.3,149651.41,145225.02,4.49
2017-07-31,7.07,7.09,6.99,6.93,157767.55,-0.06,-0.85,7.688,8.057,8.333,124908.2,118243.77,133400.42,1.85
2017-07-28,7.15,7.18,7.05,7.05,137339.0,-0.15,-2.08,8.022,8.164,8.425,119620.51,122740.33,132962.88,1.61
2017-07-27,7.12,7.21,7.2,7.05,101608.94,0.12,1.7,8.324,8.311,8.513,115701.29,117570.55,134672.83,1.19
2017-07-26,8.67,8.7,8.55,8.49,104539.51,-0.1,-1.16,8.572,8.439,8.598,123511.46,121210.76,136683.6,1.47
2017-07-25,8.61,8.71,8.65,8.49,123286.0,-0.01,-0.12,8.526,8.44,8.615,122347.53,132137.17,139792.21,1.73
2017-07-24,8.58,8.7,8.66,8.53,131329.11,0.1,1.17,8.426,8.451,8.635,111579.34,138889.35,147464.73,1.85
2017-07-21,8.37,8.62,8.56,8.37,117742.89,0.12,1.42,8.306,8.457,8.655,125860.14,137297.86,155253.07,1.66
2017-07-20,8.35,8.58,8.44,8.31,140659.8,0.12,1.44,8.298,8.478,8.672,119439.82,137925.29,160897.75,1.98
2017-07-19,8.18,8.33,8.32,8.1,98719.85,0.17,2.09,8.306,8.505,8.683,118910.06,137259.61,165532.98,1.39
2017-07-18,8.05,8.17,8.15,8.03,69445.06,0.09,1.12,8.354,8.555,8.714,141926.82,140798.63,169138.53,0.98
2017-07-17,8.5,8.5,8.06,8.02,202733.11,-0.46,-5.4,8.476,8.608,8.759,166199.36,148557.07,179632.05,2.85
2017-07-14,8.49,8.57,8.52,8.44,85641.27,0.04,0.47,8.608,8.686,8.814,148735.58,143185.43,184202.66,1.2
2017-07-13,8.53,8.59,8.48,8.44,138011.0,-0.08,-0.94,8.658,8.714,8.844,156410.76,151775.1,202738.63,1.94
2017-07-12,8.75,8.78,8.56,8.43,213803.64,-0.2,-2.28,8.704,8.756,8.864,155609.17,152156.44,205911.02,3.01
2017-07-11,8.75,8.88,8.76,8.72,190807.77,0.04,0.46,8.756,8.789,8.88,139670.44,147447.24,207789.17,2.68
2017-07-10,8.75,8.78,8.72,8.67,115414.21,-0.05,-0.57,8.74,8.818,8.884,130914.78,156040.11,211115.12,1.62
2017-07-07,8.68,8.78,8.77,8.62,124017.2,0.06,0.69,8.764,8.853,8.878,137635.29,173208.29,225561.1,1.74
2017-07-06,8.83,8.84,8.71,8.67,134003.02,-0.11,-1.25,8.77,8.866,8.881,147139.45,183870.21,233875.06,1.88
2017-07-05,8.68,8.84,8.82,8.65,134110.02,0.14,1.61,8.808,8.86,8.887,148703.72,193806.35,254189.43,1.89
2017-07-04,8.8,8.81,8.68,8.65,147029.44,-0.16,-1.81,8.822,8.872,8.883,155224.03,197478.42,269479.05,2.07
2017-07-03,8.86,8.91,8.84,8.73,149016.77,0.04,0.46,8.896,8.91,8.868,181165.44,210707.02,273617.82,2.1
2017-06-30,8.88,8.88,8.8,8.71,171537.98,-0.1,-1.12,8.942,8.941,8.837,208781.28,225219.88,273491.25,2.41
2017-06-29,8.89,8.99,8.9,8.85,141824.38,0.01,0.11,8.962,8.974,8.806,220600.97,253702.15,272488.07,1.99
2017-06-28,9.02,9.02,8.89,8.85,166711.59,-0.16,-1.77,8.912,8.972,8.758,238908.98,259665.6,271363.15,2.34
2017-06-27,9.08,9.22,9.05,9.0,276736.47,-0.02,-0.22,8.922,8.971,8.721,239732.81,268131.11,271775.52,3.89
2017-06-26,8.95,9.08,9.07,8.83,287096.0,0.17,1.91,8.924,8.949,8.674,240248.61,266190.13,267052.05,4.04
2017-06-23,8.69,8.91,8.9,8.58,230636.41,0.25,2.89,8.94,8.903,8.632,241658.47,277913.91,266613.34,3.24
2017-06-22,8.88,8.95,8.65,8.63,233364.41,-0.29,-3.24,8.986,8.896,8.581,286803.34,283879.91,260669.44,3.28
2017-06-21,9.04,9.06,8.94,8.88,170830.78,-0.12,-1.32,9.032,8.914,8.534,280422.22,314572.51,256323.07,2.4
2017-06-20,9.09,9.14,9.06,8.92,279315.44,-0.09,-0.98,9.02,8.893,8.485,296529.41,341479.68,254983.72,3.93
2017-06-19,9.1,9.28,9.15,9.03,294145.31,0.02,0.22,8.974,8.826,8.441,292131.65,336528.62,245398.82,4.14
2017-06-16,8.85,9.38,9.13,8.82,456360.75,0.25,2.81,8.866,8.732,8.391,314169.34,321762.63,237296.61,6.42
2017-06-15,8.8,8.95,8.88,8.79,201458.8,0.0,0.0,8.806,8.638,8.349,280956.47,291273.99,225568.49,2.83
2017-06-14,8.76,8.95,8.88,8.66,251366.73,0.05,0.57,8.796,8.543,8.318,348722.81,283060.7,226418.22,3.53
2017-06-13,8.64,8.85,8.83,8.64,257326.67,0.22,2.56,8.766,8.47,8.275,386429.95,275419.93,221335.59,3.62
2017-06-12,8.77,9.06,8.61,8.56,404333.75,-0.22,-2.49,8.678,8.399,8.238,380925.59,267913.96,221612.89,5.69
2017-06-09,8.76,8.92,8.83,8.65,290296.41,0.0,0.0,8.598,8.36,8.2,329355.92,255312.78,211240.25,4.08
2017-06-08,8.66,9.08,8.83,8.6,540290.5,0.1,1.15,8.47,8.265,8.142,301591.5,237458.97,208989.61,7.6
2017-06-07,8.45,8.89,8.73,8.35,439902.44,0.34,4.05,8.29,8.153,8.112,217398.59,198073.63,189601.78,6.19
2017-06-06,8.17,8.42,8.39,8.15,229804.84,0.18,2.19,8.174,8.076,8.081,164409.9,168487.77,181017.89,3.23
2017-06-05,8.18,8.33,8.21,8.18,146485.39,0.02,0.24,8.12,8.055,8.093,154902.33,154269.02,181114.27,2.06
2017-06-02,7.93,8.24,8.19,7.85,151474.34,0.26,3.28,8.122,8.05,8.118,181269.64,152830.59,188571.39,2.13
2017-06-01,8.12,8.23,7.93,7.9,119325.95,-0.22,-2.7,8.06,8.06,8.153,173326.44,159862.99,195800.89,1.68
2017-05-31,8.31,8.39,8.15,8.15,174959.0,0.03,0.37,8.016,8.092,8.199,178748.67,169775.74,203661.53,2.46
2017-05-26,8.1,8.19,8.12,8.08,182266.98,-0.1,-1.22,7.978,8.08,8.235,172565.63,167251.25,216280.65,2.56
2017-05-25,7.87,8.25,8.22,7.83,278321.94,0.34,4.32,7.99,8.076,8.258,153635.72,175311.82,224192.66,3.91
2017-05-24,7.66,7.94,7.88,7.62,111758.35,0.17,2.21,7.978,8.039,8.273,124391.53,167167.73,224317.22,1.57
2017-05-23,7.93,7.99,7.71,7.66,146437.06,-0.25,-3.14,8.06,8.019,8.292,146399.54,180520.25,232880.51,2.06
2017-05-22,8.21,8.26,7.96,7.85,144043.8,-0.22,-2.69,8.168,8.07,8.311,160802.81,181129.93,239099.09,2.03
2017-05-19,8.15,8.26,8.18,8.13,87617.43,0.02,0.24,8.182,8.086,8.335,161936.88,193548.02,248824.75,1.23
2017-05-18,8.2,8.26,8.16,8.11,132101.02,-0.13,-1.57,8.162,8.13,8.361,196987.93,207959.51,262267.71,1.86
2017-05-17,8.24,8.38,8.29,8.18,221798.41,0.04,0.48,8.1,8.186,8.411,209943.93,224312.19,274439.38,3.12
2017-05-16,7.99,8.26,8.25,7.9,218453.38,0.22,2.74,7.978,8.246,8.45,214640.95,231738.78,284890.37,3.07
2017-05-15,8.09,8.15,8.03,7.98,149714.16,-0.05,-0.62,7.972,8.305,8.491,201457.06,237547.32,299902.85,2.11
2017-05-12,7.83,8.28,8.08,7.7,262872.66,0.23,2.93,7.99,8.39,8.567,225159.16,265310.05,326351.06,3.7
2017-05-11,7.74,7.89,7.85,7.55,196881.03,0.17,2.21,8.098,8.44,8.678,218931.09,273073.49,394538.87,2.77
2017-05-10,8.19,8.28,7.68,7.63,245283.52,-0.54,-6.57,8.272,8.506,8.781,238680.45,281466.71,440647.12,3.45
2017-05-09,8.1,8.24,8.22,8.03,152533.91,0.1,1.23,8.514,8.564,8.847,248836.61,285240.77,449636.2,2.14
2017-05-08,8.57,8.6,8.12,8.04,268224.66,-0.5,-5.8,8.638,8.552,8.846,273637.57,297068.24,447573.1,3.77
2017-05-05,8.65,8.9,8.62,8.6,231732.31,-0.1,-1.15,8.79,8.583,8.845,305460.95,304101.47,436916.48,3.26
2017-05-04,8.8,8.98,8.72,8.6,295627.84,-0.17,-1.91,8.782,8.592,8.82,327215.89,316575.91,428337.3,4.16
2017-05-03,8.76,8.97,8.89,8.7,296064.34,0.05,0.57,8.74,8.636,8.789,324252.98,324566.57,418018.08,4.16
2017-05-02,8.76,8.96,8.84,8.72,276538.72,-0.04,-0.45,8.614,8.654,8.744,321644.92,338041.96,406640.84,3.89
2017-04-28,8.5,9.13,8.88,8.46,427341.53,0.3,3.5,8.466,8.677,8.699,320498.91,362258.38,397527.52,6.01
2017-04-27,8.47,8.75,8.58,8.33,340507.03,0.07,0.82,8.376,8.744,8.657,302742.0,387392.07,380829.4,4.79
2017-04-26,8.23,8.52,8.51,8.21,280813.28,0.25,3.03,8.402,8.915,8.637,305935.93,516004.26,367587.67,3.95
2017-04-25,8.21,8.45,8.26,8.15,283024.03,0.16,1.98,8.532,9.055,8.622,324880.15,599827.53,356984.37,3.98
2017-04-24,8.39,8.46,8.1,8.06,270808.69,-0.33,-3.92,8.694,9.13,8.622,354439.0,614031.64,347260.05,3.81
2017-04-21,8.67,8.75,8.43,8.34,338556.97,-0.28,-3.21,8.888,9.139,8.633,404017.84,598077.95,337495.81,4.76
2017-04-20,9.08,9.18,8.71,8.62,356476.69,-0.45,-4.91,9.112,9.106,8.628,472042.15,569731.49,324850.44,5.01
2017-04-19,8.92,9.19,9.16,8.71,375534.38,0.09,0.99,9.428,9.048,8.614,726072.58,540098.68,311541.8,5.28
2017-04-18,9.1,9.33,9.07,9.05,430818.25,0.0,0.0,9.578,8.942,8.578,874774.91,511469.6,302173.79,6.06
2017-04-17,9.45,9.55,9.07,8.91,518702.91,-0.48,-5.03,9.566,8.833,8.537,873624.28,475239.73,285388.04,7.29
2017-04-14,9.95,9.95,9.55,9.49,678678.5,-0.74,-7.19,9.39,8.72,8.502,792138.07,432796.66,265779.24,9.54
2017-04-13,10.0,10.8,10.29,9.7,1626628.88,0.38,3.83,9.1,8.569,8.438,667420.83,374266.72,234487.69,22.87
2017-04-12,9.91,9.91,9.91,9.66,1119046.0,0.9,9.99,8.668,8.358,8.34,354124.78,219171.09,157867.58,15.73
2017-04-11,8.15,9.01,9.01,8.03,425065.12,0.82,10.01,8.306,8.189,8.26,148164.3,114141.21,104904.67,5.98
2017-04-10,8.08,8.23,8.19,8.04,111271.85,0.09,1.11,8.1,8.114,8.222,76855.18,80488.47,86192.0,1.56
2017-04-07,8.13,8.14,8.1,8.07,55092.32,-0.03,-0.37,8.05,8.127,8.229,73455.25,76913.66,84077.8,0.77
2017-04-06,8.11,8.13,8.13,8.05,60148.63,0.03,0.37,8.038,8.149,8.239,81112.61,79969.38,84367.07,0.85
2017-04-05,8.01,8.11,8.1,7.98,89243.56,0.12,1.5,8.048,8.18,8.251,84217.39,82984.92,86108.35,1.25
2017-03-31,7.96,8.04,7.98,7.88,68519.55,0.04,0.5,8.072,8.213,8.259,80118.12,92877.97,84953.7,0.96
2017-03-30,8.02,8.07,7.94,7.81,94272.19,-0.1,-1.24,8.128,8.241,8.269,84121.76,95536.35,84338.39,1.33
2017-03-29,8.18,8.2,8.04,8.03,93379.1,-0.14,-1.71,8.204,8.284,8.281,80372.08,98761.82,84840.97,1.31
2017-03-28,8.26,8.26,8.18,8.13,75672.57,-0.04,-0.49,8.26,8.306,8.298,78826.16,94708.66,83088.8,1.06
2017-03-27,8.26,8.32,8.22,8.21,68747.18,-0.04,-0.48,8.312,8.322,8.307,81752.45,96564.07,82221.23,0.97
2017-03-24,8.35,8.35,8.26,8.2,88537.75,-0.06,-0.72,8.354,8.33,8.315,105637.83,95668.13,83064.65,1.24
2017-03-23,8.33,8.41,8.32,8.26,75523.78,0.0,0.0,8.354,8.33,8.323,106950.93,91895.52,82188.78,1.06
2017-03-22,8.36,8.39,8.32,8.26,85649.52,-0.12,-1.42,8.364,8.33,8.327,117151.56,91241.94,83786.67,1.2
2017-03-21,8.43,8.45,8.44,8.35,90304.01,0.01,0.12,8.352,8.329,8.336,110591.16,88764.76,87671.82,1.27
2017-03-20,8.28,8.45,8.43,8.23,188174.09,0.17,2.06,8.332,8.322,8.334,111375.7,89231.78,89277.88,2.65
2017-03-17,8.37,8.4,8.26,8.2,95103.26,-0.11,-1.31,8.306,8.304,8.33,85698.43,77029.43,88043.65,1.34
2017-03-16,8.28,8.38,8.37,8.25,126526.94,0.11,1.33,8.306,8.296,8.328,76840.11,73140.44,89142.6,1.78
2017-03-15,8.35,8.36,8.26,8.24,52847.49,-0.08,-0.96,8.296,8.278,8.326,65332.32,70920.12,92598.52,0.74
2017-03-14,8.3,8.44,8.34,8.27,94226.7,0.04,0.48,8.306,8.289,8.323,66938.36,71468.94,96118.49,1.32
2017-03-13,8.24,8.32,8.3,8.13,59787.78,0.04,0.48,8.312,8.292,8.321,67087.87,67878.39,101124.75,0.84
2017-03-10,8.26,8.37,8.26,8.24,50811.65,-0.06,-0.72,8.302,8.3,8.313,68360.42,70461.17,106059.73,0.71
2017-03-09,8.26,8.32,8.32,8.19,68987.99,0.01,0.12,8.286,8.315,8.311,69440.77,72482.03,110944.76,0.97
2017-03-08,8.36,8.37,8.31,8.25,60877.69,-0.06,-0.72,8.26,8.324,8.305,76507.92,76331.4,115101.5,0.86
2017-03-07,8.24,8.37,8.37,8.21,94974.23,0.12,1.46,8.272,8.343,8.293,75999.52,86578.88,114790.53,1.34
2017-03-06,8.22,8.27,8.25,8.18,66150.52,0.07,0.86,8.272,8.345,8.275,68668.92,89323.98,112431.55,0.93
2017-03-03,8.19,8.25,8.18,8.15,56213.44,-0.01,-0.12,8.298,8.356,8.263,72561.92,99057.87,112531.05,0.79
2017-03-02,8.4,8.4,8.19,8.18,104323.72,-0.18,-2.15,8.344,8.36,8.253,75523.29,105144.75,111829.21,1.47
2017-03-01,8.36,8.41,8.37,8.33,58335.71,0.0,0.0,8.388,8.374,8.246,76154.87,114276.93,108389.17,0.82
2017-02-28,8.36,8.39,8.37,8.3,58321.21,-0.01,-0.12,8.414,8.357,8.232,97158.24,120768.04,108582.06,0.82
2017-02-27,8.41,8.43,8.38,8.34,85615.52,-0.03,-0.36,8.418,8.349,8.218,109979.05,134371.11,113497.89,1.2
2017-02-24,8.4,8.47,8.41,8.33,71020.31,0.0,0.0,8.414,8.326,8.193,125553.83,141658.29,112249.23,1.0
2017-02-23,8.49,8.51,8.41,8.34,107481.62,-0.09,-1.06,8.376,8.307,8.163,134766.21,149407.48,112501.85,1.51
2017-02-22,8.39,8.51,8.5,8.36,163352.55,0.11,1.31,8.36,8.286,8.123,152398.98,153871.6,108956.01,2.3
2017-02-21,8.4,8.42,8.39,8.3,122425.24,0.03,0.36,8.3,8.242,8.082,144377.83,143002.17,102656.88,1.72
2017-02-20,8.26,8.45,8.36,8.25,163489.41,0.14,1.7,8.28,8.204,8.045,158763.17,135539.12,99153.43,2.3
2017-02-17,8.31,8.38,8.22,8.19,117082.24,-0.11,-1.32,8.238,8.17,8.006,157762.76,126004.22,96621.75,1.65
2017-02-16,8.2,8.44,8.33,8.16,195645.44,0.13,1.58,8.238,8.146,7.994,164048.75,118513.67,93821.48,2.75
2017-02-15,8.26,8.32,8.2,8.15,123246.84,-0.09,-1.09,8.212,8.118,7.98,155344.22,102501.41,86859.99,1.73
2017-02-14,8.14,8.32,8.29,8.11,194351.94,0.14,1.72,8.184,8.106,7.974,141626.5,96396.07,83777.63,2.73
2017-02-13,8.21,8.27,8.15,8.08,158487.33,-0.07,-0.85,8.128,8.086,7.967,112315.06,92624.68,78339.67,2.23
2017-02-10,8.18,8.33,8.22,8.12,148512.22,0.02,0.24,8.102,8.059,7.972,94245.68,82840.16,78791.5,2.09
2017-02-09,8.05,8.23,8.2,8.03,152122.77,0.14,1.74,8.054,8.018,7.968,72978.58,75596.22,78881.48,2.14
2017-02-08,8.01,8.06,8.06,7.96,54658.25,0.05,0.62,8.024,7.96,7.961,49658.6,64040.43,75192.14,0.77
2017-02-07,8.0,8.09,8.01,7.94,47794.75,-0.01,-0.12,8.028,7.921,7.96,51165.64,62311.6,77136.14,0.67
2017-02-06,7.97,8.02,8.02,7.88,68140.41,0.04,0.5,8.044,7.886,7.958,72934.29,62767.75,79688.07,0.96
2017-02-03,8.05,8.1,7.98,7.92,42176.71,-0.07,-0.87,8.016,7.842,7.95,71434.65,67239.28,78931.53,0.59
2017-01-26,8.09,8.11,8.05,8.01,35522.9,-0.03,-0.37,7.982,7.841,7.946,78213.87,69129.29,80216.01,0.5
2017-01-25,8.02,8.12,8.08,8.0,62193.44,-0.01,-0.12,7.896,7.842,7.938,78422.25,71218.57,80436.08,0.87
2017-01-24,7.82,8.27,8.09,7.82,156637.98,0.21,2.67,7.814,7.841,7.932,73457.55,71159.18,80051.34,2.2
2017-01-23,7.85,7.9,7.88,7.8,60642.22,0.07,0.9,7.728,7.847,7.924,52601.21,64054.66,74545.56,0.85
2017-01-20,7.6,7.91,7.81,7.6,76072.81,0.19,2.49,7.668,7.885,7.928,63043.91,74742.84,74427.6,1.07
2017-01-19,7.65,7.67,7.62,7.58,36564.79,-0.05,-0.65,7.7,7.918,7.942,60044.72,82166.73,78151.04,0.51
2017-01-18,7.66,7.7,7.67,7.63,37369.95,0.01,0.13,7.788,7.962,7.958,64014.88,86343.85,79047.52,0.53
2017-01-17,7.58,7.72,7.66,7.5,52356.27,0.08,1.05,7.868,7.999,7.967,68860.81,91960.69,82124.13,0.74
2017-01-16,7.9,7.95,7.58,7.3,112855.73,-0.39,-4.89,7.966,8.03,7.981,75508.12,96608.39,83085.34,1.59
2017-01-13,8.09,8.1,7.97,7.9,61076.85,-0.09,-1.12,8.102,8.058,8.003,86441.77,90623.79,81885.59,0.86
2017-01-12,8.12,8.12,8.06,8.04,56415.61,-0.01,-0.12,8.136,8.05,8.001,104288.74,91302.73,82948.17,0.79
2017-01-11,8.15,8.19,8.07,8.04,61599.61,-0.08,-0.98,8.136,8.033,7.994,108672.82,89653.59,85273.54,0.87
2017-01-10,8.24,8.24,8.15,8.11,85592.79,-0.11,-1.33,8.13,8.022,7.988,115060.57,88943.5,86591.67,1.2
2017-01-09,8.14,8.29,8.26,8.09,167524.0,0.12,1.47,8.094,8.001,7.978,117708.67,85036.46,90034.62,2.36
2017-01-06,8.03,8.26,8.14,8.03,150311.67,0.08,0.99,8.014,7.97,7.981,94805.8,74112.35,87740.89,2.11
2017-01-05,8.03,8.15,8.06,8.01,78336.04,0.02,0.25,7.964,7.965,7.99,78316.72,74135.36,83926.39,1.1
2017-01-04,7.98,8.05,8.04,7.96,93538.33,0.07,0.88,7.93,7.954,8.005,70634.35,71751.19,84537.14,1.32
2017-01-03,7.86,7.98,7.97,7.86,98833.29,0.11,1.4,7.914,7.934,8.016,62826.44,72287.56,84720.62,1.39
2016-12-30,7.89,7.95,7.86,7.83,53009.67,-0.03,-0.38,7.908,7.932,8.034,52364.25,69562.28,88887.8,0.75
2016-12-29,7.89,8.0,7.89,7.86,67866.25,0.0,0.0,7.926,7.948,8.066,53418.9,73147.39,98486.33,0.95
2016-12-28,7.98,8.0,7.89,7.87,39924.23,-0.07,-0.88,7.966,7.952,8.116,69954.0,74593.61,109354.23,0.56
2016-12-27,7.95,8.05,7.96,7.91,54498.76,0.02,0.25,7.978,7.954,8.168,72868.02,80893.5,123609.68,0.77
2016-12-26,7.95,7.95,7.94,7.82,46522.36,-0.01,-0.13,7.954,7.954,8.203,81748.68,84239.84,134696.87,0.65
2016-12-23,8.08,8.1,7.95,7.92,58282.9,-0.14,-1.73,7.956,7.955,8.241,86760.31,95032.77,140811.98,0.82
2016-12-22,7.92,8.23,8.09,7.9,150541.73,0.14,1.76,7.97,7.992,8.274,92875.87,101369.44,145482.31,2.12
2016-12-21,7.87,7.96,7.95,7.83,54494.37,0.11,1.4,7.938,8.015,8.294,79233.23,93717.42,146099.5,0.77
2016-12-20,7.98,7.98,7.84,7.8,98902.06,-0.11,-1.38,7.93,8.056,8.326,88918.97,97323.08,154811.33,1.39
2016-12-19,8.02,8.04,7.95,7.9,71580.5,-0.07,-0.87,7.954,8.097,8.362,86730.99,97153.68,157922.26,1.01
2016-12-16,7.95,8.04,8.02,7.88,88860.71,0.09,1.14,7.954,8.135,8.395,103305.23,108213.31,160937.7,1.25
2016-12-15,7.91,8.02,7.93,7.85,82328.53,0.02,0.25,8.014,8.184,8.427,109863.0,123825.27,165470.68,1.16
2016-12-14,7.96,8.02,7.91,7.88,102923.05,-0.05,-0.63,8.092,8.279,8.466,108201.61,144114.85,176726.26,1.45
2016-12-13,7.94,8.06,7.96,7.9,87962.14,0.01,0.13,8.182,8.381,8.501,105727.19,166325.85,176808.79,1.24
2016-12-12,8.31,8.35,7.95,7.91,154451.73,-0.37,-4.45,8.24,8.452,8.536,107576.37,185153.9,179958.87,2.17
2016-12-09,8.36,8.43,8.32,8.22,121649.56,0.0,0.0,8.316,8.527,8.574,113121.4,186591.18,185001.69,1.71
2016-12-08,8.36,8.39,8.32,8.29,74021.55,-0.04,-0.48,8.354,8.555,8.589,137787.55,189595.19,193372.0,1.04
2016-12-07,8.27,8.37,8.36,8.25,90550.99,0.13,1.58,8.466,8.572,8.594,180028.1,198481.57,198080.32,1.27
2016-12-06,8.36,8.39,8.25,8.2,97208.0,-0.08,-0.96,8.58,8.595,8.591,226924.51,212299.57,200338.56,1.37
2016-12-05,8.42,8.52,8.33,8.28,182176.88,-0.19,-2.23,8.664,8.627,8.6,262731.43,218690.84,203633.45,2.56
2016-12-02,8.85,8.9,8.51,8.51,244980.31,-0.35,-3.95,8.738,8.655,8.597,260060.97,213662.08,199084.05,3.44
2016-12-01,8.95,9.04,8.88,8.84,285224.31,-0.07,-0.78,8.756,8.669,8.584,241402.83,207116.09,194071.48,4.01
2016-11-30,8.63,9.05,8.93,8.5,325033.06,0.25,2.88,8.678,8.652,8.556,216935.04,209337.67,190172.66,4.57
2016-11-29,8.65,8.95,8.67,8.64,276242.59,-0.02,-0.23,8.61,8.621,8.53,197674.63,187291.73,194936.0,3.88
2016-11-28,8.61,8.76,8.7,8.55,168824.58,0.09,1.04,8.59,8.619,8.512,174650.26,174763.84,191571.68,2.37
2016-11-25,8.5,8.67,8.6,8.42,151689.61,0.12,1.42,8.572,8.621,8.481,167263.2,183412.2,188035.6,2.13
2016-11-24,8.56,8.61,8.49,8.46,162885.38,-0.11,-1.28,8.582,8.623,8.456,172829.35,197148.8,185960.16,2.29
2016-11-23,8.57,8.78,8.59,8.55,228730.98,0.02,0.23,8.626,8.616,8.44,201740.29,197679.07,180246.83,3.22
2016-11-22,8.57,8.64,8.57,8.48,161120.73,-0.03,-0.35,8.632,8.587,8.42,176908.84,188377.55,171971.62,2.27
2016-11-21,8.65,8.69,8.61,8.55,131889.3,-0.04,-0.46,8.648,8.572,8.402,174877.43,188576.06,167748.71,1.85
2016-11-18,8.63,8.73,8.65,8.55,179520.34,-0.06,-0.69,8.67,8.538,8.382,199561.21,184506.02,165721.43,2.52
2016-11-17,8.62,8.95,8.71,8.57,307440.09,0.1,1.16,8.664,8.499,8.356,221468.26,181026.87,161051.67,4.32
2016-11-16,8.65,8.67,8.62,8.55,104573.72,-0.03,-0.35,8.606,8.46,8.33,193617.86,171007.66,149248.22,1.47
2016-11-15,8.69,8.73,8.65,8.6,150963.69,-0.07,-0.8,8.542,8.438,8.31,199846.26,202580.27,148156.83,2.12
2016-11-14,8.6,8.78,8.72,8.51,255308.19,0.1,1.16,8.496,8.404,8.291,202274.69,208379.51,146026.56,3.59
2016-11-11,8.44,8.65,8.62,8.4,289055.62,0.2,2.38,8.406,8.341,8.266,169450.83,192658.99,139493.93,4.06
2016-11-10,8.35,8.54,8.42,8.35,168188.06,0.14,1.69,8.334,8.288,8.253,140585.49,174771.53,130406.11,2.36
2016-11-09,8.4,8.42,8.3,8.2,135715.72,-0.12,-1.43,8.314,8.264,8.25,148397.46,162814.59,129288.3,1.91
2016-11-08,8.29,8.43,8.42,8.25,163105.88,0.15,1.81,8.334,8.253,8.248,205314.28,155565.7,127685.3,2.29
2016-11-07,8.28,8.33,8.27,8.23,91188.89,0.01,0.12,8.312,8.232,8.24,214484.32,146921.35,126127.43,1.28
2016-11-04,8.28,8.48,8.26,8.22,144728.88,-0.04,-0.48,8.276,8.225,8.237,215867.15,146936.84,133283.04,2.03
2016-11-03,8.28,8.4,8.32,8.17,207247.92,-0.08,-0.95,8.242,8.212,8.247,208957.57,141076.46,133844.5,2.91
2016-11-02,8.29,8.7,8.4,8.22,420299.84,0.09,1.08,8.214,8.2,8.256,177231.72,127488.77,134734.45,5.91
2016-11-01,8.1,8.31,8.31,8.06,208956.09,0.22,2.72,8.172,8.181,8.248,105817.12,93733.39,119096.99,2.94
2016-10-31,8.09,8.13,8.09,8.02,98103.01,0.0,0.0,8.152,8.178,8.252,79358.38,83673.62,116712.22,1.38
2016-10-28,8.16,8.21,8.09,8.07,110180.97,-0.09,-1.1,8.174,8.191,8.255,78006.53,86328.87,116773.17,1.55
2016-10-27,8.2,8.2,8.18,8.14,48618.67,-0.01,-0.12,8.182,8.218,8.265,73195.35,86040.7,116560.83,0.68
2016-10-26,8.21,8.23,8.19,8.13,63226.87,-0.02,-0.24,8.186,8.235,8.279,77745.83,95762.01,122754.47,0.89
2016-10-25,8.2,8.23,8.21,8.18,76662.39,0.01,0.12,8.19,8.242,8.291,81649.66,99804.89,125832.73,1.08
2016-10-24,8.12,8.22,8.2,8.09,91343.77,0.07,0.86,8.204,8.248,8.295,87988.85,105333.51,124832.45,1.28
2016-10-21,8.21,8.22,8.13,8.09,86125.06,-0.07,-0.85,8.208,8.249,8.299,94651.21,119629.24,124556.76,1.21
2016-10-20,8.21,8.24,8.2,8.1,71371.06,-0.01,-0.12,8.254,8.281,8.304,98886.06,126612.53,123994.94,1.0
2016-10-19,8.26,8.29,8.21,8.15,82746.01,-0.06,-0.73,8.284,8.312,8.303,113778.19,141980.12,123239.18,1.16
2016-10-18,8.21,8.28,8.28,8.08,108358.36,0.07,0.85,8.294,8.315,8.297,117960.13,144460.59,123877.62,1.52
2016-10-17,8.42,8.44,8.22,8.19,124655.55,-0.13,-1.56,8.292,8.326,8.3,122678.16,149750.82,122411.53,1.75
2016-10-14,8.34,8.43,8.36,8.29,107299.3,0.02,0.24,8.29,8.319,8.305,144607.27,147217.48,119994.63,1.51
2016-10-13,8.25,8.38,8.35,8.21,145831.72,0.09,1.09,8.308,8.312,8.306,154339.01,147080.95,120404.76,2.05
2016-10-12,8.23,8.3,8.26,8.2,103655.7,-0.01,-0.12,8.34,8.323,8.306,170182.05,149746.93,118505.43,1.46
2016-10-11,8.15,8.28,8.27,8.15,131948.55,0.07,0.85,8.336,8.34,8.305,170961.04,151860.56,117205.69,1.86
2016-10-10,8.35,8.36,8.21,8.01,234301.08,-0.22,-2.61,8.36,8.341,8.299,176823.48,144331.4,115460.56,3.29
2016-09-30,8.42,8.53,8.45,8.4,155957.98,-0.05,-0.59,8.348,8.348,8.293,149827.68,129484.29,109753.15,2.19
2016-09-29,8.26,8.54,8.51,8.26,225046.95,0.26,3.15,8.316,8.327,8.284,139822.89,121377.35,108263.73,3.16
2016-09-28,8.4,8.4,8.24,8.21,107550.66,-0.15,-1.79,8.306,8.293,8.27,129311.81,104498.23,101581.12,1.51
2016-09-27,8.1,8.43,8.39,8.1,161260.73,0.24,2.94,8.344,8.279,8.272,132760.07,103294.65,100714.25,2.27
2016-09-26,8.28,8.4,8.15,8.1,99322.08,-0.13,-1.57,8.322,8.273,8.264,111839.31,95072.23,97323.51,1.4
2016-09-23,8.45,8.51,8.29,8.27,105934.02,-0.16,-1.89,8.348,8.291,8.264,109140.89,92771.78,99735.92,1.49
2016-09-22,8.45,8.58,8.46,8.39,172491.55,0.03,0.36,8.338,8.3,8.267,102931.82,93728.57,99141.43,2.43
2016-09-21,8.29,8.49,8.43,8.25,124791.99,0.16,1.94,8.28,8.289,8.266,79684.66,87263.92,97635.1,1.75
2016-09-20,8.27,8.35,8.28,8.23,56656.93,0.0,0.0,8.214,8.27,8.274,73829.23,82550.81,100330.92,0.8
2016-09-19,8.26,8.36,8.28,8.23,85829.97,0.04,0.48,8.224,8.256,8.288,78305.15,86589.73,107312.64,1.21
2016-09-14,8.16,8.3,8.24,8.13,74888.67,0.07,0.86,8.234,8.237,8.306,76402.67,90022.02,124441.25,1.05
2016-09-13,8.1,8.2,8.17,8.1,56255.73,0.07,0.86,8.262,8.241,8.317,84525.31,95150.1,128760.3,0.79
2016-09-12,8.26,8.26,8.1,8.08,95514.83,-0.22,-2.64,8.298,8.246,8.335,94843.18,98664.0,138335.03,1.34
2016-09-09,8.29,8.45,8.33,8.28,79036.53,0.02,0.24,8.326,8.265,8.358,91272.4,98133.86,152871.23,1.11
2016-09-08,8.34,8.41,8.33,8.31,76317.57,-0.04,-0.48,8.288,8.254,8.359,94874.3,99574.79,159616.09,1.07
2016-09-07,8.39,8.41,8.38,8.32,115501.88,0.02,0.24,8.24,8.237,8.346,103641.37,106700.07,161831.37,1.62
2016-09-06,8.26,8.38,8.35,8.2,107845.1,0.1,1.21,8.22,8.233,8.338,105774.89,104554.3,163297.13,1.52
2016-09-05,8.14,8.3,8.24,8.13,77660.94,0.1,1.23,8.194,8.243,8.341,102484.81,108006.28,168479.67,1.09
2016-09-02,8.11,8.2,8.14,7.99,97046.03,0.03,0.37,8.204,8.277,8.348,104995.31,118111.01,179127.44,1.36
2016-09-01,8.25,8.26,8.09,8.07,120152.9,-0.19,-2.29,8.22,8.319,8.345,104275.28,128035.55,182069.01,1.69
2016-08-31,8.16,8.36,8.28,8.16,126169.48,0.06,0.73,8.234,8.374,8.348,109758.76,158860.47,182981.86,1.77
2016-08-30,8.3,8.3,8.22,8.16,91394.72,-0.07,-0.84,8.246,8.392,8.341,103333.71,162370.49,186212.83,1.29
2016-08-29,8.26,8.42,8.29,8.18,90213.43,0.08,0.97,8.292,8.423,8.326,113527.75,178006.06,186437.49,1.27
2016-08-26,8.17,8.39,8.22,8.15,93445.87,0.05,0.61,8.35,8.451,8.302,131226.72,207608.59,190993.1,1.31
2016-08-25,8.27,8.28,8.16,8.01,147570.31,-0.18,-2.16,8.418,8.463,8.298,151795.81,219657.38,201183.98,2.07
2016-08-24,8.5,8.52,8.34,8.31,94044.23,-0.12,-1.42,8.514,8.455,8.309,207962.18,216962.67,220413.64,1.32
2016-08-23,8.53,8.59,8.45,8.34,142364.91,-0.13,-1.51,8.538,8.443,8.285,221407.27,222039.96,225026.39,2.0
2016-08-22,8.54,8.77,8.58,8.48,178708.27,0.02,0.23,8.554,8.438,8.267,242484.37,228953.06,222775.73,2.51
2016-08-19,8.58,8.64,8.56,8.43,196291.34,-0.07,-0.81,8.552,8.418,8.243,283990.47,240143.86,219804.51,2.76
2016-08-18,8.46,8.98,8.64,8.44,428402.16,0.2,2.37,8.508,8.371,8.209,287518.96,236102.47,215138.98,6.02
2016-08-17,8.52,8.57,8.46,8.36,161269.67,-0.06,-0.7,8.396,8.321,8.178,225963.16,207103.25,198371.45,2.27
2016-08-16,8.55,8.65,8.53,8.45,247750.41,-0.04,-0.47,8.348,8.29,8.159,222672.64,210055.17,197559.82,3.48
2016-08-15,8.39,8.7,8.57,8.35,386238.75,0.23,2.76,8.322,8.229,8.141,215421.74,194868.92,192057.52,5.43
2016-08-12,8.05,8.41,8.34,8.05,213933.8,0.26,3.22,8.284,8.153,8.115,196297.24,174377.62,180322.88,3.01
2016-08-11,8.2,8.25,8.08,8.07,120623.19,-0.14,-1.7,8.234,8.132,8.1,184685.99,182710.57,181916.52,1.7
2016-08-10,8.38,8.41,8.22,8.21,144817.06,-0.17,-2.03,8.246,8.163,8.09,188243.33,223864.62,180024.73,2.04
2016-08-09,8.35,8.48,8.4,8.27,211495.92,0.0,0.0,8.232,8.127,8.073,197437.7,228012.83,179284.78,2.97
2016-08-08,8.07,8.64,8.38,8.02,290616.25,0.3,3.71,8.136,8.096,8.047,174316.1,216598.39,174544.91,4.09
2016-08-05,8.19,8.29,8.09,8.08,155877.52,-0.05,-0.61,8.022,8.067,8.017,152457.99,199465.16,165522.22,2.19
2016-08-04,8.07,8.23,8.14,8.07,138409.92,0.01,0.12,8.03,8.046,8.001,180735.14,194175.49,162755.85,1.95
2016-08-03,7.91,8.24,8.15,7.82,190788.91,0.23,2.9,8.08,8.035,7.982,259485.9,189639.64,161708.41,2.68
2016-08-02,7.74,7.93,7.92,7.73,95887.9,0.11,1.41,8.022,8.028,7.963,258587.96,185064.46,159674.25,1.35
2016-08-01,7.8,7.89,7.81,7.63,181325.7,-0.32,-3.94,8.056,8.052,7.957,258880.69,189246.12,161672.15,2.55
2016-07-29,8.19,8.27,8.13,8.06,297263.28,-0.25,-2.98,8.112,8.076,7.947,246472.33,186268.15,158659.18,4.18
2016-07-28,8.65,8.65,8.39,8.1,532163.69,0.53,6.74,8.062,8.068,7.918,207615.83,181122.48,147459.56,7.48
2016-07-27,8.09,8.14,7.86,7.6,186299.22,-0.23,-2.84,7.99,8.016,7.874,119793.39,136184.85,126381.52,2.62
2016-07-26,8.06,8.12,8.09,8.02,97351.55,0.0,0.0,8.034,8.019,7.863,111540.96,130556.73,127642.06,1.37
2016-07-25,7.9,8.1,8.09,7.83,119283.93,0.22,2.79,8.048,7.997,7.825,119611.56,132491.42,126418.75,1.68
2016-07-22,8.03,8.11,7.88,7.84,102980.76,-0.14,-1.75,8.04,7.966,7.786,126063.96,131579.28,123908.5,1.45
2016-07-21,8.08,8.14,8.03,7.98,93051.48,-0.05,-0.62,8.074,7.956,7.753,154629.12,131336.22,125415.3,1.31
2016-07-20,8.19,8.25,8.08,8.05,145037.06,-0.09,-1.1,8.042,7.929,7.719,152576.3,133777.17,123760.64,2.04
2016-07-19,7.99,8.19,8.16,7.91,137704.55,0.1,1.24,8.004,7.898,7.686,149572.51,134284.04,119654.52,1.94
2016-07-18,8.03,8.22,8.05,7.95,151545.94,0.0,0.0,7.946,7.861,7.647,145371.29,134098.18,116882.05,2.13
2016-07-15,7.86,8.17,8.05,7.83,245806.58,0.19,2.42,7.892,7.817,7.613,137094.61,131050.21,111484.12,3.46
2016-07-14,7.87,7.93,7.87,7.8,82787.38,-0.02,-0.25,7.838,7.767,7.581,108043.33,113796.65,102049.11,1.16
2016-07-13,7.87,8.01,7.89,7.83,130018.11,0.02,0.25,7.816,7.731,7.556,114978.04,116578.2,101591.6,1.83
2016-07-12,7.73,7.9,7.87,7.66,116698.45,0.09,1.16,7.792,7.706,7.534,118995.56,124727.38,99286.47,1.64
2016-07-11,7.8,7.88,7.78,7.75,110162.52,-0.01,-0.13,7.776,7.653,7.501,122825.07,120346.08,95607.56,1.55
2016-07-08,7.77,7.85,7.78,7.74,100550.17,0.02,0.26,7.742,7.606,7.468,125005.82,116237.71,93729.22,1.41
2016-07-07,7.69,7.79,7.76,7.62,117460.94,0.0,0.0,7.696,7.549,7.451,119549.97,119494.38,94026.76,1.65
2016-07-06,7.76,7.9,7.77,7.67,150105.73,-0.01,-0.13,7.646,7.508,7.43,118178.37,113744.11,92185.12,2.11
2016-07-05,7.62,7.83,7.79,7.61,135845.98,0.18,2.37,7.62,7.473,7.414,130459.2,105025.01,89178.84,1.91
2016-07-04,7.45,7.69,7.61,7.42,121066.27,0.07,0.93,7.53,7.433,7.4,117867.09,99665.91,88127.07,1.7
2016-07-01,7.5,7.66,7.55,7.5,73270.92,0.04,0.53,7.47,7.408,7.399,107469.61,91918.03,90613.82,1.03
2016-06-30,7.62,7.63,7.51,7.46,110602.95,-0.12,-1.57,7.402,7.394,7.388,119438.79,90301.56,92104.52,1.56
2016-06-29,7.35,7.85,7.64,7.35,211509.88,0.3,4.09,7.37,7.38,7.38,109309.85,86605.0,91698.98,2.97
2016-06-28,7.25,7.38,7.34,7.2,72885.43,0.04,0.55,7.326,7.362,7.353,79590.82,73845.56,83297.76,1.02
2016-06-27,7.15,7.33,7.31,7.1,69078.86,0.11,1.53,7.336,7.349,7.341,81464.73,70869.05,81729.35,0.97
2016-06-24,7.37,7.45,7.21,6.99,133116.83,-0.14,-1.91,7.346,7.33,7.329,76366.46,71220.72,80477.02,1.87
2016-06-23,7.41,7.44,7.35,7.32,59958.23,-0.06,-0.81,7.386,7.353,7.32,61164.34,68559.14,76340.95,0.84
2016-06-22,7.4,7.44,7.42,7.34,62914.77,0.03,0.41,7.39,7.352,7.307,63900.16,70626.14,75354.0,0.88
2016-06-21,7.38,7.48,7.39,7.3,82254.98,0.03,0.41,7.398,7.354,7.293,68100.3,73332.67,74913.73,1.16
2016-06-20,7.38,7.41,7.36,7.3,43587.47,-0.04,-0.54,7.362,7.366,7.278,60273.36,76588.22,73840.5,0.61
2016-06-17,7.38,7.48,7.41,7.37,57106.23,0.03,0.41,7.314,7.39,7.26,66074.98,89309.6,74147.81,0.8
2016-06-16,7.44,7.55,7.37,7.32,73637.35,-0.09,-1.21,7.32,7.381,7.241,75953.94,93907.47,75096.31,1.04
2016-06-15,7.2,7.48,7.46,7.1,83915.49,0.26,3.61,7.314,7.379,7.227,77352.11,96792.96,73323.64,1.18
2016-06-14,7.09,7.24,7.21,7.09,43120.28,0.08,1.12,7.31,7.344,7.21,78565.03,92749.95,71778.33,0.61
2016-06-13,7.35,7.44,7.12,7.12,72595.55,-0.32,-4.3,7.37,7.332,7.202,92903.08,92589.65,71729.5,1.02
2016-06-08,7.37,7.55,7.44,7.3,106501.02,0.1,1.36,7.466,7.327,7.202,112544.22,89733.32,70849.25,1.5
2016-06-07,7.44,7.48,7.34,7.33,80628.22,-0.11,-1.48,7.442,7.287,7.187,111861.01,84122.76,67752.56,1.13
2016-06-06,7.47,7.58,7.44,7.4,89980.09,-0.07,-0.93,7.444,7.261,7.178,116233.82,80081.87,66189.01,1.27
2016-06-03,7.4,7.58,7.51,7.38,114810.54,-0.01,-0.13,7.378,7.231,7.164,106934.87,76494.79,66332.05,1.61
2016-06-02,7.32,7.79,7.6,7.28,170801.22,0.26,3.54,7.294,7.19,7.163,92276.22,71092.77,65538.77,2.4
2016-06-01,7.37,7.38,7.32,7.29,103084.98,-0.03,-0.41,7.188,7.13,7.172,66922.42,58986.02,60923.45,1.45
2016-05-31,7.1,7.36,7.35,7.09,102492.25,0.25,3.52,7.132,7.1,7.194,56384.51,56285.14,59006.2,1.44
2016-05-30,7.09,7.15,7.11,7.03,43485.34,0.02,0.28,7.078,7.074,7.214,43929.93,49854.32,58941.62,0.61
2016-05-27,7.08,7.16,7.09,7.05,41517.32,0.01,0.14,7.084,7.075,7.236,46054.71,50806.72,59779.01,0.58
2016-05-26,7.04,7.09,7.07,6.97,44032.21,0.02,0.28,7.086,7.072,7.261,49909.32,50869.36,61328.52,0.62
2016-05-25,7.2,7.2,7.04,7.03,50395.45,-0.05,-0.7,7.072,7.077,7.29,51049.61,51965.18,62329.7,0.71
2016-05-24,7.13,7.14,7.08,7.03,40219.33,-0.05,-0.7,7.068,7.087,7.323,56185.77,51382.36,63888.56,0.57
2016-05-23,7.1,7.17,7.14,7.07,54109.23,0.04,0.56,7.07,7.095,7.35,55778.7,52296.15,65864.25,0.76
2016-05-20,6.95,7.17,7.1,6.95,60790.39,0.1,1.43,7.066,7.096,7.379,55558.73,56169.32,67987.72,0.85
2016-05-19,7.04,7.08,7.0,6.98,49733.67,-0.03,-0.43,7.058,7.135,7.407,51829.39,59984.77,70299.72,0.7
2016-05-18,7.06,7.08,7.02,6.89,76076.23,-0.07,-0.99,7.082,7.214,7.444,52880.75,62860.88,78544.19,1.07
2016-05-17,7.15,7.16,7.09,7.05,38184.0,-0.04,-0.56,7.106,7.287,7.504,46578.95,61727.26,78981.6,0.54
2016-05-16,7.0,7.14,7.12,6.98,53009.36,0.05,0.71,7.12,7.353,7.559,48813.59,68028.91,83733.39,0.75
2016-05-13,7.13,7.2,7.06,7.01,42143.69,-0.07,-0.98,7.126,7.397,7.623,56779.91,68751.29,93186.43,0.59
2016-05-12,7.13,7.15,7.12,6.98,54990.46,-0.03,-0.42,7.212,7.45,7.683,68140.15,71787.69,98183.2,0.77
2016-05-11,7.18,7.24,7.14,7.12,44567.22,-0.02,-0.28,7.346,7.503,7.737,72841.0,72694.21,106385.01,0.63
2016-05-10,7.12,7.22,7.16,7.1,49357.2,0.0,0.0,7.468,7.558,7.785,76875.57,76394.77,109162.93,0.69
2016-05-09,7.4,7.5,7.15,7.12,92840.97,-0.33,-4.41,7.586,7.605,7.836,87244.24,79432.35,114584.25,1.31
2016-05-06,7.8,7.82,7.49,7.45,98944.9,-0.3,-3.85,7.668,7.661,7.881,80722.68,79806.13,115151.69,1.39
2016-05-05,7.73,7.82,7.79,7.68,78494.72,0.03,0.39,7.688,7.679,7.909,75435.24,80614.68,118438.21,1.1
2016-05-04,7.77,7.81,7.75,7.71,64740.07,-0.01,-0.13,7.66,7.673,7.928,72547.42,94227.51,124211.81,0.91
2016-05-03,7.57,7.79,7.75,7.47,101200.56,0.19,2.51,7.648,7.72,7.955,75913.96,96235.95,135550.3,1.42
2016-04-29,7.57,7.64,7.56,7.48,60233.13,-0.02,-0.26,7.624,7.764,7.975,71620.46,99437.87,139012.31,0.85
2016-04-28,7.65,7.68,7.59,7.4,72507.7,-0.07,-0.91,7.654,7.848,7.991,78889.58,117621.57,141330.29,1.02
2016-04-27,7.7,7.75,7.65,7.62,64055.66,-0.04,-0.52,7.67,7.916,8.008,85794.11,124578.71,143327.32,0.9
2016-04-26,7.59,7.71,7.69,7.54,81572.75,0.06,0.79,7.686,7.97,8.014,115907.59,140075.81,145950.58,1.15
2016-04-25,7.69,7.69,7.63,7.49,79733.04,-0.08,-1.04,7.792,8.011,8.023,116557.93,141931.1,150247.02,1.12
2016-04-22,7.7,7.77,7.71,7.59,96578.75,0.05,0.65,7.904,8.067,8.045,127255.28,149736.15,151182.05,1.36
2016-04-21,7.71,7.82,7.67,7.65,107030.37,-0.06,-0.78,8.042,8.101,8.059,156353.55,150497.25,152844.35,1.5
2016-04-20,8.22,8.24,7.73,7.58,214623.06,-0.48,-5.85,8.162,8.138,8.083,163363.31,156261.75,155600.44,3.02
2016-04-19,8.23,8.28,8.22,8.12,84824.45,0.03,0.37,8.254,8.183,8.102,164244.03,154196.12,154380.6,1.19
2016-04-18,8.3,8.37,8.19,8.14,133219.75,-0.2,-2.38,8.23,8.19,8.107,167304.27,174864.66,161360.24,1.87
2016-04-15,8.28,8.53,8.4,8.18,242070.14,0.14,1.7,8.23,8.185,8.102,172217.03,178586.75,164476.79,3.4
2016-04-14,8.31,8.31,8.27,8.18,142079.16,0.08,0.98,8.16,8.133,8.075,144640.94,165039.02,157918.62,2.0
2016-04-13,8.13,8.28,8.19,8.12,219026.67,0.1,1.24,8.114,8.1,8.046,149160.18,162075.93,155516.22,3.08
2016-04-12,8.15,8.17,8.1,8.0,100125.63,-0.09,-1.1,8.112,8.057,8.031,144148.2,151825.35,149614.15,1.41
2016-04-11,8.1,8.24,8.19,8.09,157783.55,0.14,1.74,8.15,8.034,8.02,182425.04,158562.94,151304.41,2.22
2016-04-08,7.98,8.09,8.05,7.88,104189.7,0.01,0.12,8.14,8.023,7.993,184956.46,152627.95,147781.59,1.46
2016-04-07,8.2,8.25,8.04,8.03,164675.34,-0.14,-1.71,8.106,8.017,7.975,185437.1,155191.44,149879.99,2.32
2016-04-06,8.27,8.33,8.18,8.08,193966.8,-0.11,-1.33,8.086,8.027,7.972,174991.68,154939.14,152084.26,2.73
2016-04-05,8.15,8.34,8.29,8.09,291509.81,0.15,1.84,8.002,8.021,7.968,159502.49,154565.08,152276.43,4.1
2016-04-01,7.85,8.17,8.14,7.8,170440.66,0.27,3.43,7.918,8.024,7.968,134700.84,147855.82,147202.9,2.4
2016-03-31,7.99,8.06,7.88,7.85,106592.89,-0.05,-0.63,7.906,8.019,7.967,120299.43,150366.83,157851.99,1.5
2016-03-30,7.82,7.98,7.94,7.79,112448.22,0.19,2.45,7.928,8.016,7.989,124945.79,150798.22,184276.41,1.58
2016-03-29,7.9,7.95,7.76,7.6,116520.89,-0.11,-1.4,7.968,7.991,8.01,134886.6,148956.52,200932.48,1.64
2016-03-28,8.06,8.13,7.87,7.84,167501.55,-0.21,-2.6,8.04,8.005,8.002,149627.67,147402.96,207463.77,2.36
2016-03-25,7.97,8.13,8.08,7.97,98433.59,0.08,1.0,8.13,8.006,7.968,161010.81,144045.87,208712.66,1.38
2016-03-24,8.09,8.18,7.99,7.99,129824.69,-0.15,-1.84,8.132,7.962,7.937,180434.23,142935.24,211171.81,1.83
2016-03-23,8.09,8.17,8.14,7.99,162152.3,0.02,0.25,8.104,7.932,7.905,176650.65,144568.54,219214.61,2.28
2016-03-22,8.4,8.4,8.12,8.11,190226.23,-0.2,-2.4,8.014,7.916,7.905,163026.44,149229.37,225610.62,2.67
2016-03-21,8.16,8.37,8.32,8.11,224417.22,0.23,2.84,7.97,7.915,7.888,145178.24,149987.78,223385.29,3.16
2016-03-18,7.95,8.15,8.09,7.88,195550.69,0.24,3.06,7.882,7.911,7.866,127080.94,146549.98,221832.13,2.75
2016-03-17,7.75,7.92,7.85,7.67,110906.8,0.17,2.21,7.792,7.915,7.843,105436.26,165337.14,218407.27,1.56
2016-03-16,7.96,7.98,7.69,7.63,94031.26,-0.2,-2.54,7.76,7.961,7.836,112486.43,217754.6,222282.02,1.32
2016-03-15,7.83,7.93,7.9,7.7,100985.25,0.04,0.51,7.818,8.028,7.837,135432.3,252908.44,226273.72,1.42
2016-03-14,7.75,8.04,7.88,7.68,133930.69,0.23,3.01,7.86,7.999,7.816,154797.31,267524.58,227940.97,1.88
2016-03-11,7.5,7.77,7.64,7.46,87327.29,-0.04,-0.52,7.94,7.929,7.782,166019.01,273379.45,225136.66,1.23
2016-03-10,8.02,8.09,7.69,7.63,146157.66,-0.29,-3.63,8.038,7.911,7.766,225238.03,279408.38,226292.51,2.06
2016-03-09,7.81,8.33,7.98,7.72,208760.62,-0.13,-1.6,8.162,7.877,7.758,323022.77,293860.69,226914.9,2.94
2016-03-08,8.2,8.2,8.11,7.73,197810.27,-0.17,-2.05,8.238,7.894,7.732,370384.57,301991.87,226299.34,2.78
2016-03-07,8.22,8.52,8.28,8.13,190039.22,0.15,1.84,8.138,7.86,7.696,380251.84,296782.81,224074.07,2.67
2016-03-04,8.22,8.56,8.13,7.88,383422.38,-0.17,-2.05,7.918,7.821,7.636,380739.9,297114.3,220629.6,5.39
2016-03-03,8.6,8.98,8.31,8.23,635081.38,-0.05,-0.6,7.784,7.77,7.582,333578.72,271477.4,208169.73,8.93
2016-03-02,7.51,8.36,8.36,7.5,445569.62,0.76,10.0,7.592,7.711,7.506,264698.6,226809.44,184050.99,6.26
2016-03-01,7.2,7.75,7.61,7.17,247146.62,0.43,5.99,7.55,7.645,7.449,233599.16,199639.01,173453.72,3.47
2016-02-29,7.42,7.67,7.18,7.01,192479.48,-0.27,-3.62,7.582,7.633,7.417,213313.77,188357.36,170733.99,2.71
2016-02-26,7.47,7.55,7.46,7.2,147616.5,0.1,1.36,7.724,7.635,7.446,213488.69,176893.87,167630.28,2.08
2016-02-25,8.07,8.15,7.35,7.34,290680.78,-0.81,-9.93,7.756,7.621,7.456,209376.08,173176.65,167851.14,4.09
2016-02-24,7.7,8.26,8.15,7.7,290072.44,0.38,4.89,7.83,7.638,7.462,188920.28,159969.12,163374.86,4.08
2016-02-23,7.89,7.92,7.77,7.67,145719.66,-0.13,-1.65,7.74,7.57,7.457,165678.86,150606.82,158657.64,2.05
2016-02-22,7.79,8.02,7.89,7.75,193354.09,0.26,3.41,7.684,7.532,7.475,163400.95,151365.33,162337.68,2.72
2016-02-19,7.7,7.78,7.62,7.57,127053.45,-0.09,-1.17,7.546,7.45,7.471,140299.05,144144.9,163238.63,1.79
2016-02-18,7.8,7.94,7.72,7.65,188401.78,0.03,0.39,7.486,7.393,7.483,136977.22,144862.07,171381.1,2.65
2016-02-17,7.48,7.9,7.7,7.44,173865.31,0.21,2.8,7.446,7.301,7.532,131017.96,141292.54,183352.48,2.44
2016-02-16,7.22,7.56,7.49,7.22,134330.12,0.3,4.17,7.4,7.252,7.582,135534.77,147268.42,200455.72,1.89
2016-02-15,7.01,7.27,7.2,6.96,77844.58,-0.12,-1.64,7.38,7.201,7.69,139329.7,153110.61,228072.96,1.09
2016-02-05,7.6,7.61,7.32,7.31,110444.3,-0.2,-2.66,7.354,7.257,7.866,147990.76,158366.69,281983.05,1.55
2016-02-04,7.43,7.68,7.52,7.4,158605.48,0.06,0.8,7.3,7.291,8.036,152746.91,162525.63,307814.47,2.23
2016-02-03,7.36,7.58,7.47,7.28,196449.39,0.08,1.08,7.156,7.285,8.151,151567.12,166780.6,306970.6,2.76
2016-02-02,7.12,7.44,7.39,7.1,153304.77,0.31,4.38,7.104,7.344,8.323,159002.08,166708.45,338767.75,2.16
2016-02-01,7.07,7.24,7.07,6.96,121149.84,0.01,0.14,7.022,7.418,8.482,166891.52,173310.03,372563.01,1.7
2016-01-29,6.86,7.17,7.05,6.83,134225.09,0.26,3.83,7.16,7.492,8.616,168742.63,182332.35,382891.59,1.89
2016-01-28,7.17,7.18,6.8,6.7,152706.52,-0.4,-5.56,7.282,7.572,8.769,172304.35,197900.14,392872.71,2.15
2016-01-27,7.02,7.32,7.21,6.79,233624.16,0.22,3.15,7.414,7.763,8.914,181994.08,225412.42,392843.35,3.28
2016-01-26,7.62,7.7,6.98,6.98,192751.98,-0.77,-9.94,7.584,7.911,9.045,174414.83,253643.02,387918.61,2.71
2016-01-25,7.76,7.9,7.76,7.64,130405.39,0.09,1.17,7.814,8.178,9.185,179728.54,303035.31,390131.98,1.83
2016-01-22,7.6,7.78,7.66,7.33,152033.7,0.21,2.82,7.824,8.475,9.309,195922.07,405599.41,392031.28,2.14
2016-01-21,7.9,8.14,7.46,7.41,201155.16,-0.6,-7.44,7.862,8.781,9.434,223495.93,453103.31,395239.68,2.83
2016-01-20,8.03,8.31,8.06,7.9,195727.94,-0.07,-0.86,8.112,9.017,9.582,268830.76,447160.59,404427.0,2.75
2016-01-19,7.83,8.2,8.13,7.83,219320.52,0.31,3.96,8.238,9.301,9.684,332871.21,510827.04,405568.82,3.08
2016-01-18,7.53,8.08,7.81,7.48,211373.05,-0.04,-0.51,8.542,9.546,9.781,426342.08,571815.99,405727.67,2.97
2016-01-15,8.48,8.57,7.85,7.85,289903.0,-0.87,-9.98,9.126,9.739,9.88,615276.75,583450.84,404939.78,4.08
2016-01-14,8.03,8.77,8.71,7.82,427829.28,0.02,0.23,9.7,9.965,9.982,682710.68,587845.28,403079.61,6.02
2016-01-13,9.18,9.48,8.69,8.69,515930.19,-0.96,-9.95,9.922,10.065,10.027,625490.43,560274.28,387307.49,7.25
2016-01-12,9.85,10.16,9.65,9.65,686674.88,-1.07,-9.98,10.364,10.179,10.064,688782.88,522194.19,367271.86,9.65
2016-01-11,10.34,11.58,10.73,10.16,1156046.38,0.07,0.66,10.55,10.191,10.052,717289.91,477228.65,338594.31,16.25
2016-01-08,10.0,10.73,10.72,9.02,627072.69,0.9,9.16,10.352,10.142,9.974,551624.92,378463.16,287564.84,8.82
2016-01-07,10.58,10.6,9.82,9.82,141728.02,-1.09,-9.99,10.23,10.087,9.912,492979.89,337376.06,262400.1,1.99
2016-01-06,10.39,11.07,10.9,10.24,832392.44,0.33,3.12,10.208,10.146,9.902,495058.13,361693.4,260306.48,11.7
2016-01-05,9.28,10.59,10.58,9.28,829210.0,0.89,9.19,9.994,10.067,9.836,355605.5,300310.59,227707.71,11.66
2016-01-04,9.99,10.5,9.74,9.4,327721.47,-0.4,-3.94,9.832,10.015,9.808,237167.39,239639.34,191959.63,4.61
2015-12-31,9.73,10.28,10.11,9.58,333847.5,0.4,4.12,9.932,10.021,9.822,205301.39,226428.72,185764.16,4.69
2015-12-30,9.81,9.83,9.71,9.6,152119.23,-0.11,-1.12,9.944,9.999,9.834,181772.23,218313.94,181031.27,2.14
2015-12-29,9.77,9.84,9.83,9.55,135129.31,0.07,0.72,10.084,9.988,9.857,228328.67,214340.71,185497.65,1.9
2015-12-28,10.24,10.3,9.77,9.73,237019.42,-0.46,-4.5,10.14,9.949,9.873,245015.68,212349.52,192384.8,3.33
2015-12-25,10.15,10.33,10.24,10.07,168391.48,0.09,0.89,10.198,9.912,9.872,242111.3,199959.98,193335.84,2.37
2015-12-24,10.3,10.38,10.17,9.96,216201.7,-0.24,-2.31,10.11,9.806,9.846,247556.05,196666.53,201137.41,3.04
2015-12-23,10.15,10.76,10.41,9.94,384901.44,0.31,3.07,10.054,9.737,9.879,254855.65,187424.14,206443.97,5.41
2015-12-22,10.18,10.26,10.11,9.92,218564.36,0.05,0.5,9.892,9.657,9.894,200352.74,158919.56,199574.17,3.07
2015-12-21,9.71,10.14,10.06,9.67,222497.52,0.25,2.55,9.758,9.604,9.919,179683.36,155104.83,199677.53,3.13
2015-12-18,9.96,10.08,9.8,9.75,195615.22,-0.09,-0.91,9.626,9.6,9.957,157808.65,144279.91,210083.29,2.75
2015-12-17,9.62,10.02,9.89,9.62,252699.7,0.29,3.02,9.502,9.622,9.991,145777.01,145099.6,212839.48,3.55
2015-12-16,9.5,9.65,9.6,9.42,112386.91,0.17,1.8,9.42,9.668,10.017,119992.62,143748.6,209991.42,1.58
2015-12-15,9.46,9.68,9.44,9.4,115217.47,0.03,0.32,9.422,9.725,10.053,117486.39,156654.59,221018.97,1.62
2015-12-14,9.15,9.45,9.4,9.04,113123.96,0.22,2.4,9.45,9.796,10.096,130526.3,172420.07,226266.26,1.59
2015-12-11,9.4,9.48,9.18,9.1,135457.0,-0.3,-3.17,9.574,9.831,10.142,130751.17,186711.69,228876.6,1.9
2015-12-10,9.63,9.75,9.48,9.45,123777.78,-0.13,-1.35,9.742,9.886,10.192,144422.2,205608.3,233122.5,1.74
2015-12-09,9.55,9.75,9.61,9.43,99855.72,0.04,0.42,9.916,10.02,10.244,167504.57,225463.8,240314.06,1.4
2015-12-08,10.0,10.0,9.58,9.56,180417.05,-0.42,-4.2,10.028,10.13,10.305,195822.79,240228.78,251665.49,2.54
2015-12-07,10.02,10.08,10.02,9.87,114248.29,0.0,0.0,10.142,10.234,10.354,214313.84,244250.23,258131.56,1.61
2015-12-04,10.24,10.28,10.02,9.95,203812.17,-0.33,-3.19,10.088,10.313,10.394,242672.22,275886.67,276285.16,2.87
2015-12-03,10.15,10.48,10.35,10.03,239189.62,0.18,1.77,10.03,10.36,10.413,266794.4,280579.36,282125.55,3.36
2015-12-02,10.1,10.39,10.17,9.8,241446.8,0.0,0.0,10.124,10.366,10.406,283423.02,276234.25,287418.19,3.39
2015-12-01,9.72,10.48,10.15,9.57,272872.31,0.41,4.21,10.232,10.38,10.408,284634.76,285383.36,286357.57,3.84
2015-11-30,9.63,10.05,9.75,9.02,256040.2,0.02,0.21,10.326,10.395,10.381,274186.63,280112.44,279955.87,3.6
2015-11-27,10.8,10.8,9.73,9.73,324423.06,-1.08,-9.99,10.538,10.452,10.384,309101.11,271041.5,277031.38,4.56
2015-11-26,10.75,11.04,10.82,10.69,322332.75,0.11,1.03,10.69,10.498,10.403,294364.33,260636.69,272465.12,4.53
2015-11-25,10.58,10.82,10.71,10.49,247505.5,0.1,0.94,10.608,10.468,10.385,269045.47,255164.33,280611.17,3.48
2015-11-24,10.71,10.77,10.62,10.36,220631.64,-0.19,-1.76,10.528,10.479,10.348,286131.95,263102.21,284101.05,3.1
2015-11-23,10.39,11.02,10.81,10.35,430612.62,0.34,3.25,10.464,10.473,10.318,286038.25,272012.89,288031.88,6.05
2015-11-20,10.43,10.66,10.49,10.33,250739.12,0.09,0.86,10.366,10.474,10.275,232981.89,276683.65,282777.61,3.53
2015-11-19,10.3,10.42,10.41,10.1,195738.47,0.11,1.07,10.306,10.466,10.25,226909.05,283671.74,288904.3,2.75
2015-11-18,10.31,10.77,10.31,10.06,332937.88,0.02,0.19,10.328,10.446,10.212,241283.19,298602.13,294987.44,4.68
2015-11-17,10.44,10.76,10.3,10.26,220163.17,-0.02,-0.19,10.43,10.435,10.159,240072.48,287331.79,297526.49,3.1
2015-11-16,9.88,10.33,10.32,9.78,165330.8,0.13,1.28,10.482,10.367,10.158,257987.52,279799.3,303475.93,2.32
2015-11-13,10.35,10.43,10.19,10.11,220374.95,-0.33,-3.14,10.582,10.315,10.162,320385.42,283021.25,330996.92,3.1
2015-11-12,10.84,10.87,10.52,10.42,267609.16,-0.3,-2.77,10.626,10.307,10.148,340434.43,284293.55,341438.15,3.76
2015-11-11,10.61,10.95,10.82,10.43,326884.31,0.27,2.56,10.564,10.302,10.073,355921.08,306058.01,339841.3,4.6
2015-11-10,10.7,10.98,10.56,10.39,309738.38,-0.25,-2.31,10.44,10.217,9.964,334591.1,305099.88,333415.33,4.36
2015-11-09,10.4,11.12,10.82,10.13,477320.28,0.41,3.94,10.252,10.163,9.88,301611.08,304050.88,329520.97,6.71
2015-11-06,10.15,10.47,10.41,10.13,320620.0,0.22,2.16,10.048,10.075,9.781,245657.09,288871.56,319834.22,4.51
2015-11-05,10.2,10.36,10.21,10.0,345042.41,0.02,0.2,9.988,10.034,9.679,228152.68,294136.86,314308.58,4.85
2015-11-04,9.75,10.21,10.2,9.7,220234.44,0.6,6.25,10.04,9.977,9.58,256194.94,291372.74,306161.57,3.1
2015-11-03,9.81,9.95,9.62,9.45,144838.27,-0.17,-1.74,9.994,9.883,9.464,275608.66,307721.18,298312.24,2.04
2015-11-02,9.91,10.23,9.8,9.73,197550.34,-0.31,-3.07,10.074,9.949,9.374,306490.67,327152.56,295569.17,2.78
2015-10-30,10.43,10.43,10.11,10.0,233097.92,-0.35,-3.35,10.102,10.009,9.292,332086.03,378972.59,290689.36,3.28
2015-10-29,10.03,10.8,10.47,9.93,485253.72,0.52,5.23,10.08,9.989,9.185,360121.05,398582.74,292179.09,6.82
2015-10-28,10.03,10.42,9.97,9.8,317303.03,-0.06,-0.6,9.914,9.844,9.069,326550.54,373624.6,275368.84,4.46
2015-10-27,9.8,10.18,10.02,9.3,299248.34,0.08,0.81,9.772,9.711,8.969,339833.71,361730.78,268964.33,4.21
2015-10-26,10.18,10.39,9.94,9.73,325527.16,-0.06,-0.6,9.824,9.596,8.881,347814.45,354991.06,265021.36,4.58
2015-10-23,9.62,10.25,10.0,9.51,373273.0,0.36,3.73,9.916,9.487,8.799,425859.14,350796.88,259460.34,5.25
2015-10-22,9.2,9.68,9.64,9.01,317401.19,0.38,4.1,9.898,9.324,8.699,437044.44,334480.3,250806.47,4.46
2015-10-21,10.27,10.5,9.26,9.26,383718.84,-1.03,-10.01,9.774,9.182,8.599,420698.65,320950.39,250092.82,5.4
2015-10-20,10.24,10.47,10.28,10.0,339152.06,-0.12,-1.15,9.65,9.044,8.528,383627.86,288903.31,242320.84,4.77
2015-10-19,10.3,10.67,10.4,9.92,715750.62,0.49,4.95,9.368,8.799,8.37,362167.68,263985.79,237730.29,10.06
2015-10-16,9.0,9.91,9.91,8.95,429199.47,0.9,9.99,9.058,8.574,8.239,275734.63,202406.14,220357.15,6.03
2015-10-15,8.58,9.15,9.02,8.58,235672.27,0.38,4.4,8.75,8.38,8.176,231916.17,185775.43,207792.54,3.31
2015-10-14,8.78,8.93,8.64,8.62,198364.88,-0.24,-2.7,8.59,8.293,8.14,221202.13,177113.09,206564.83,2.79
2015-10-13,8.8,8.89,8.87,8.61,231851.14,0.01,0.11,8.438,8.226,8.143,194178.76,176197.88,215574.63,3.26
2015-10-12,8.55,9.13,8.85,8.42,283585.38,0.49,5.86,8.23,8.166,8.108,165803.9,175051.66,216026.36,3.99
2015-10-09,8.2,8.4,8.37,8.13,210107.19,0.17,2.07,8.09,8.111,8.037,129077.64,168123.79,213286.43,2.95
2015-10-08,8.24,8.33,8.22,8.1,182102.06,0.34,4.32,8.01,8.073,7.975,139634.69,167132.63,218111.56,2.56
2015-09-30,7.91,7.99,7.88,7.83,63248.02,0.05,0.64,7.996,8.016,7.958,133024.05,179235.25,227001.63,0.89
2015-09-29,8.02,8.06,7.83,7.79,89976.86,-0.31,-3.81,8.014,8.011,8.004,158216.99,195738.38,239801.98,1.27
2015-09-28,7.96,8.17,8.15,7.9,99954.09,0.19,2.39,8.102,7.941,8.095,184299.41,211474.79,256753.99,1.41
2015-09-25,8.09,8.44,7.97,7.88,262892.41,-0.17,-2.09,8.132,7.904,8.131,207169.93,238308.17,271039.24,3.7
2015-09-24,8.0,8.2,8.15,7.96,149048.88,0.18,2.26,8.136,7.971,8.151,194630.58,229809.65,282862.21,2.1
2015-09-23,8.12,8.23,7.97,7.88,189212.73,-0.29,-3.51,8.036,7.986,8.209,225446.45,236016.58,295271.67,2.66
2015-09-22,8.34,8.44,8.27,8.08,220388.94,-0.04,-0.48,8.008,8.06,8.327,233259.76,254951.39,292176.81,3.1
2015-09-21,7.76,8.35,8.3,7.73,214306.69,0.31,3.88,7.78,8.05,8.491,238650.18,257001.06,302424.24,3.01
2015-09-18,7.82,8.03,7.99,7.7,200195.66,0.33,4.31,7.676,7.962,8.703,269446.41,258449.08,326345.93,2.81
2015-09-17,7.86,8.38,7.65,7.63,303128.22,-0.18,-2.3,7.806,7.876,8.982,264988.73,269090.48,361702.87,4.26
2015-09-16,7.25,7.83,7.83,7.11,228279.31,0.71,9.97,7.936,7.9,9.228,246586.7,274768.02,398151.03,3.21
2015-09-15,7.34,7.86,7.13,7.01,247341.0,-0.65,-8.36,8.112,7.997,9.518,276643.02,283865.59,420041.75,3.48
2015-09-14,8.88,9.09,7.78,7.78,368287.84,-0.86,-9.95,8.32,8.249,9.78,275351.93,302033.18,447090.52,5.18
2015-09-11,8.27,8.65,8.64,8.27,177907.27,0.35,4.22,8.248,8.358,9.987,247451.75,303770.31,463707.31,2.5
2015-09-10,8.55,8.67,8.3,8.25,211118.09,-0.41,-4.71,7.946,8.331,10.097,273192.23,335914.77,469404.01,2.97
2015-09-09,8.28,8.73,8.71,8.23,378560.91,0.54,6.61,7.864,8.431,10.244,302949.33,354526.77,481293.48,5.32
2015-09-08,7.48,8.17,8.17,7.31,240885.56,0.74,9.96,7.882,8.593,10.373,291088.15,329402.22,487424.9,3.39
2015-09-07,7.41,7.76,7.42,7.28,228786.94,0.24,3.34,8.178,8.931,10.478,328714.43,347847.42,491135.49,3.22
2015-09-02,7.34,8.22,7.13,7.13,306609.66,-0.76,-9.63,8.468,9.444,10.603,360088.86,394242.78,489445.02,4.31
2015-09-01,8.8,9.03,7.89,7.89,359903.59,-0.88,-10.03,8.716,10.087,10.742,398637.31,454315.25,488883.95,5.06
2015-08-31,9.5,9.51,8.8,8.7,319255.0,-0.83,-8.62,8.998,10.556,10.846,406104.21,521534.05,486757.67,4.49
2015-08-28,9.37,9.7,9.65,9.07,429016.97,0.76,8.55,9.304,11.039,10.864,367716.29,556217.92,487025.45,6.03
2015-08-27,8.62,8.92,8.87,7.65,385659.09,0.5,5.97,9.684,11.311,10.89,366980.4,592147.85,476064.67,5.42
2015-08-26,9.28,9.67,8.37,8.37,499351.91,-0.93,-10.0,10.42,11.615,10.967,428396.7,623644.32,474962.24,7.02
2015-08-25,9.3,9.69,9.3,9.3,397238.06,-1.03,-9.97,11.458,11.862,11.078,509993.19,602893.24,465472.76,5.59
2015-08-24,10.68,10.98,10.33,10.33,127315.4,-1.15,-10.02,12.114,12.056,11.108,636963.89,608060.2,467557.29,1.79
2015-08-21,12.2,12.53,11.55,11.31,425337.56,-1.01,-8.04,12.774,12.153,11.118,744719.55,645447.59,487462.75,5.98
2015-08-20,13.21,13.64,12.55,12.33,692740.56,-1.01,-7.45,12.938,12.024,11.125,817315.3,634423.57,493571.46,9.74
2015-08-19,11.54,13.56,13.56,11.54,907334.38,1.23,9.98,12.81,11.761,11.061,818891.94,584647.26,478197.19,12.76
2015-08-18,14.19,14.35,12.58,12.27,1032091.56,-1.05,-7.7,12.266,11.396,10.92,695793.29,523452.65,450132.36,14.51
2015-08-17,12.41,13.63,13.63,12.4,666093.69,1.24,10.01,11.998,11.135,10.822,579156.5,451981.29,418969.14,9.37
2015-08-14,12.54,12.78,12.37,11.94,788316.31,0.46,3.86,11.532,10.688,10.644,546175.62,417832.99,404613.45,11.08
2015-08-13,10.85,11.91,11.91,10.75,700623.75,1.08,9.97,11.11,10.469,10.513,451531.84,359981.49,380321.56,9.85
2015-08-12,10.96,11.19,10.84,10.81,291841.16,-0.37,-3.3,10.712,10.318,10.372,350402.58,326280.16,362138.89,4.1
2015-08-11,11.29,11.5,11.24,11.02,448907.59,-0.06,-0.53,10.526,10.293,10.291,351112.01,328052.28,360660.0,6.31
2015-08-10,10.49,11.3,11.3,10.3,501189.31,1.03,10.03,10.272,10.16,10.242,324806.08,327054.39,369666.03,7.05
2015-08-07,9.93,10.34,10.26,9.93,315097.38,0.35,3.53,9.844,10.082,10.187,289490.36,329477.91,368378.87,4.43
2015-08-06,9.49,10.11,9.92,9.43,194977.47,0.01,0.1,9.828,10.225,10.137,268431.14,352719.35,377018.93,2.74
2015-08-05,10.04,10.29,9.91,9.69,295388.31,-0.06,-0.6,9.924,10.36,10.062,302157.74,371747.11,410958.53,4.15
2015-08-04,9.19,9.98,9.97,9.13,317377.94,0.81,8.84,10.06,10.444,9.949,304992.56,376812.07,396754.61,4.46
2015-08-03,9.99,10.0,9.16,9.16,324610.69,-1.02,-10.02,10.048,10.509,9.875,329302.69,385957.0,385625.16,4.56
2015-07-31,10.27,10.69,10.18,9.81,209801.27,-0.25,-2.4,10.32,10.599,9.889,369465.47,391393.9,391711.39,2.95
2015-07-30,10.6,11.13,10.4,10.3,363610.5,-0.17,-1.61,10.622,10.557,9.905,437007.56,400661.63,395851.58,5.11
2015-07-29,10.17,10.59,10.59,9.56,309562.38,0.67,6.75,10.796,10.425,9.967,441336.48,397997.61,399824.3,4.35
2015-07-28,9.89,10.98,9.91,9.47,438928.62,-0.61,-5.8,10.828,10.289,10.085,448631.58,393267.73,400479.99,6.17
2015-07-27,11.35,12.23,10.52,10.52,525424.56,-1.17,-10.01,10.97,10.324,10.309,442611.31,412277.67,403917.35,7.39
2015-07-24,11.39,12.31,11.69,11.3,547511.75,0.42,3.73,10.878,10.291,10.46,413322.33,407279.83,399218.74,7.7
2015-07-23,10.69,11.64,11.27,10.61,385255.09,0.5,4.64,10.492,10.048,10.627,364315.69,401318.51,386594.62,5.42
2015-07-22,10.58,10.95,10.75,10.11,346037.88,0.13,1.22,10.054,9.763,10.898,354658.75,450169.94,385490.18,4.87
2015-07-21,9.9,10.89,10.62,9.78,408827.25,0.57,5.67,9.75,9.453,11.195,337903.87,416697.15,382075.24,5.75
2015-07-20,9.91,10.29,10.06,9.58,378979.69,0.29,2.97,9.678,9.241,11.481,381944.03,385293.33,373772.82,5.33
2015-07-17,9.08,9.95,9.76,9.01,302478.53,0.68,7.49,9.704,9.179,11.805,401237.33,392028.89,365743.86,4.25
2015-07-16,8.37,9.68,9.08,8.31,336970.38,-0.15,-1.62,9.604,9.252,12.217,438321.34,391041.53,365841.87,4.74
2015-07-15,9.9,10.06,9.23,9.23,262263.5,-1.02,-9.95,9.472,9.509,12.694,545681.14,401650.99,364537.53,3.69
2015-07-14,10.59,11.15,10.26,9.99,629028.06,0.07,0.69,9.156,9.88,13.136,495490.44,407692.26,363421.77,8.84
2015-07-13,9.8,10.19,10.19,9.3,475446.19,0.93,10.04,8.804,10.294,13.58,388642.63,395557.03,350606.94,6.68
2015-07-10,8.5,9.26,9.26,8.38,487898.56,0.84,9.98,8.654,10.628,14.079,382820.44,391157.64,348813.14,6.86
2015-07-09,6.89,8.42,8.42,6.89,873769.38,0.77,10.06,8.9,11.205,14.605,343761.73,371870.72,343713.81,12.29
2015-07-08,7.65,7.65,7.65,7.65,11310.0,-0.85,-10.0,9.546,12.033,15.128,257620.85,320810.41,319198.42,0.16
2015-07-07,8.52,8.8,8.5,8.5,94789.0,-0.94,-9.96,10.604,12.937,15.678,319894.08,347453.32,336595.84,1.33
2015-07-06,11.43,11.44,9.44,9.44,446335.25,-1.05,-10.01,11.784,13.72,16.192,402471.43,362252.3,369463.58,6.28
2015-07-03,11.03,11.55,10.49,10.49,292605.0,-1.16,-9.96,12.602,14.431,16.654,399494.84,339458.84,377321.36,4.11
2015-07-02,12.96,13.5,11.65,11.65,443065.0,-1.29,-9.97,13.51,15.181,16.978,399979.71,340642.21,383787.37,6.23
2015-07-01,14.4,14.74,12.94,12.94,322676.16,-1.44,-10.01,14.52,15.879,17.224,383999.97,327424.07,381087.22,4.54
2015-06-30,12.99,14.4,14.4,12.18,507675.75,0.87,6.43,15.27,16.391,17.429,375012.56,319151.28,390055.96,7.14
2015-06-29,15.79,15.79,13.53,13.53,431452.28,-1.5,-9.98,15.656,16.866,17.495,322033.17,305656.84,386959.65,6.07
2015-06-26,15.99,16.67,15.03,15.03,295029.38,-1.67,-10.0,16.26,17.529,17.534,279422.84,306468.63,385186.83,4.15
2015-06-25,16.8,17.85,16.7,15.96,363166.28,0.01,0.06,16.852,18.004,17.514,281304.7,315556.89,402521.92,5.11
2015-06-24,16.77,17.08,16.69,16.0,277739.12,0.36,2.21,17.238,18.222,17.488,270848.18,317586.42,415768.24,3.91
2015-06-23,16.55,17.05,16.33,14.9,242778.81,-0.18,-1.09,17.512,18.418,17.39,263289.99,325738.36,424778.73,3.41
2015-06-19,17.2,18.21,16.55,16.19,218400.59,-1.37,-7.64,18.076,18.663,17.287,289280.51,376674.85,434512.04,3.07
2015-06-18,18.85,19.4,17.99,17.9,304438.69,-0.65,-3.49,18.798,18.876,17.168,333514.43,415183.89,446987.97,4.28
2015-06-17,18.0,18.7,18.63,17.0,310883.69,0.56,3.1,19.156,18.775,16.998,349809.08,426932.54,465230.07,4.37
2015-06-16,19.2,19.2,18.06,17.76,239948.19,-1.09,-5.69,19.206,18.568,16.747,364324.66,434750.36,470610.2,3.37
2015-06-15,20.24,20.46,19.15,18.68,372731.38,-1.01,-5.01,19.324,18.466,16.503,388186.73,460960.65,470264.12,5.24
2015-06-12,19.82,20.96,20.16,19.16,439570.22,0.38,1.92,19.25,18.124,16.196,464069.2,468262.46,462908.51,6.18
2015-06-11,18.96,20.19,19.78,18.87,385911.94,0.9,4.77,18.954,17.538,15.832,496853.34,463905.03,456092.76,5.43
2015-06-10,18.46,18.96,18.88,18.0,383461.59,0.23,1.23,18.394,17.023,15.527,504056.0,489486.94,459444.53,5.39
2015-06-09,19.0,19.07,18.65,18.02,359258.5,-0.13,-0.69,17.93,16.754,15.293,505176.06,513950.06,477695.78,5.05
2015-06-08,19.05,20.15,18.78,18.36,752143.75,0.1,0.54,17.608,16.361,15.033,533734.56,523819.1,491348.95,10.58
2015-06-05,17.3,18.68,18.68,17.0,603490.94,1.7,10.01,16.998,15.911,14.722,472455.72,492349.22,467350.21,8.49
2015-06-04,16.75,17.0,16.98,15.37,421925.22,0.42,2.54,16.122,15.459,14.403,430956.71,478792.06,447558.61,5.93
2015-06-03,17.45,17.45,16.56,16.0,389061.88,-0.48,-2.82,15.652,15.22,14.133,474917.88,503527.6,433534.18,5.47
2015-06-02,15.95,17.18,17.04,15.95,502051.03,1.31,8.33,15.578,14.926,13.885,522724.06,506470.04,424489.85,7.06
2015-06-01,14.59,15.73,15.73,14.59,445749.53,1.43,10.0,15.114,14.539,13.63,513903.63,479567.6,413475.62,6.27
2015-05-29,14.66,14.99,14.3,13.69,395995.91,-0.33,-2.26,14.824,14.267,13.478,512242.73,457554.55,403905.64,5.57
2015-05-28,16.0,16.69,14.63,14.57,641731.06,-1.56,-9.64,14.796,14.126,13.414,526627.4,448280.49,406767.06,9.02
2015-05-27,14.8,16.19,16.19,14.5,628092.75,1.47,9.99,14.788,14.031,13.309,532137.31,429402.11,388454.66,8.83
2015-05-26,14.38,14.95,14.72,14.2,457948.88,0.44,3.08,14.274,13.831,13.106,490216.02,441441.51,374163.05,6.44
2015-05-25,14.06,14.46,14.28,13.82,437445.03,0.12,0.85,13.964,13.704,13.007,445231.57,458878.81,368980.42,6.15
2015-05-22,14.66,14.73,14.16,14.04,467919.28,-0.43,-2.95,13.71,13.532,12.939,402866.38,442351.19,366292.04,6.58
2015-05-21,13.51,14.62,14.59,13.25,669280.62,0.97,7.12,13.456,13.346,12.897,369933.59,416325.17,373973.5,9.41
2015-05-20,13.21,13.98,13.62,13.0,418486.31,0.45,3.42,13.274,13.046,12.845,326666.91,363540.76,385817.07,5.88
2015-05-19,13.02,13.6,13.17,13.0,233026.59,0.16,1.23,13.388,12.844,12.798,392666.99,342509.65,391615.11,3.28
2015-05-18,12.85,13.21,13.01,12.52,225619.11,0.12,0.93,13.444,12.72,12.749,472526.05,347383.64,412263.23,3.17
2015-05-15,13.61,13.63,12.89,12.85,303255.31,-0.79,-5.78,13.354,12.688,12.735,481836.0,350256.72,422086.6,4.26
2015-05-14,13.75,14.08,13.68,13.55,452947.25,-0.51,-3.59,13.236,12.701,12.727,462716.75,365253.62,428688.34,6.37
2015-05-13,13.3,14.58,14.19,13.0,748486.69,0.74,5.5,12.818,12.587,12.671,400414.61,347507.2,427261.35,10.52
2015-05-12,12.56,13.5,13.45,12.31,632321.88,0.89,7.09,12.3,12.381,12.576,292352.32,306884.6,407184.76,8.89
2015-05-11,12.57,12.86,12.56,12.41,272168.88,0.26,2.11,11.996,12.309,12.517,222241.24,279082.03,392175.62,3.83
2015-05-08,11.63,12.3,12.3,11.63,207659.03,0.71,6.13,12.022,12.345,12.514,218677.43,290232.89,400747.53,2.92
2015-05-07,11.61,11.94,11.59,11.5,141436.56,-0.01,-0.09,12.166,12.447,12.531,267790.5,331621.83,415600.49,1.99
2015-05-06,11.9,12.12,11.6,11.44,208175.23,-0.33,-2.77,12.356,12.643,12.609,294599.8,408093.37,438447.49,2.93
2015-05-05,12.7,12.78,11.93,11.75,281766.5,-0.76,-5.99,12.462,12.751,12.701,321416.87,440720.56,459381.33,3.96
2015-05-04,13.09,13.29,12.69,12.55,254349.84,-0.33,-2.54,12.622,12.778,12.778,335922.83,477142.81,477142.81,3.58
2015-04-30,12.54,13.2,13.02,12.34,453224.38,0.48,3.83,12.668,12.788,12.788,361788.34,501897.59,501897.59,6.37
2015-04-29,12.18,12.72,12.54,11.8,275483.03,0.41,3.38,12.728,12.759,12.759,395453.16,507981.74,507981.74,3.87
2015-04-28,12.85,12.85,12.13,12.12,342260.62,-0.6,-4.71,12.93,12.79,12.79,521586.95,541195.84,541195.84,4.81
2015-04-27,13.0,13.35,12.73,12.46,354296.28,-0.19,-1.47,13.04,12.9,12.9,560024.25,574351.71,574351.71,4.98
2015-04-24,13.2,13.27,12.92,12.8,383677.41,-0.4,-3.0,12.934,12.934,12.934,618362.79,618362.79,618362.79,5.39
2015-04-23,13.49,14.2,13.32,13.14,621548.44,-0.23,-1.7,12.938,12.938,12.938,677034.14,677034.14,677034.14,8.74
2015-04-22,12.19,13.95,13.55,12.19,906152.0,0.87,6.86,12.81,12.81,12.81,695529.37,695529.37,695529.37,12.74
2015-04-21,12.48,12.74,12.68,12.24,534447.12,0.48,3.93,12.44,12.44,12.44,590218.06,590218.06,590218.06,7.51
2015-04-20,12.2,12.74,12.2,11.8,645989.0,0.14,1.16,12.2,12.2,12.2,645989.0,645989.0,645989.0,9.08
