date,open,close,high,low,volume
1998-09-24,1.9980000000000002,1.869,2.001,1.861,571942.93
1998-09-25,1.8519999999999999,1.7890000000000001,1.855,1.764,152258.42
1998-09-28,1.801,1.787,1.835,1.767,84828.67
1998-09-29,1.8869999999999998,1.827,1.915,1.801,99588.9
1998-09-30,1.829,1.815,1.8519999999999999,1.801,43865.11
1998-10-05,1.829,1.784,1.829,1.764,40190.03
1998-10-06,1.784,1.7269999999999999,1.784,1.724,33790.61
1998-10-07,1.7180000000000002,1.724,1.7469999999999999,1.7069999999999999,25173.03
1998-10-08,1.724,1.7069999999999999,1.7469999999999999,1.6869999999999998,29829.55
1998-10-09,1.712,1.735,1.7719999999999998,1.6869999999999998,40139.96
1998-10-12,1.7409999999999999,1.7069999999999999,1.744,1.695,22052.19
1998-10-13,1.709,1.729,1.735,1.692,22722.99
1998-10-14,1.729,1.704,1.7409999999999999,1.6980000000000002,15439.71
1998-10-15,1.709,1.7009999999999998,1.709,1.6869999999999998,25002.01
1998-10-16,1.7009999999999998,1.7069999999999999,1.7269999999999999,1.692,18896.26
1998-10-19,1.715,1.6980000000000002,1.715,1.689,21956.38
1998-10-20,1.7009999999999998,1.7180000000000002,1.744,1.692,23579.93
1998-10-21,1.715,1.632,1.715,1.629,36189.8
1998-10-22,1.624,1.609,1.632,1.575,25994.77
1998-10-23,1.604,1.5919999999999999,1.632,1.589,19801.8
1998-10-26,1.578,1.546,1.5859999999999999,1.538,26326.78
1998-10-27,1.544,1.5659999999999998,1.601,1.5290000000000001,13949.5
1998-10-28,1.555,1.575,1.581,1.5519999999999998,12797.9
1998-10-29,1.5719999999999998,1.5490000000000002,1.581,1.544,15697.64
1998-10-30,1.5519999999999998,1.5919999999999999,1.621,1.544,30813.98
1998-11-02,1.5919999999999999,1.584,1.6059999999999999,1.5719999999999998,11498.1
1998-11-03,1.589,1.595,1.624,1.575,13312.8
1998-11-04,1.601,1.575,1.601,1.569,11076.5
1998-11-05,1.5719999999999998,1.618,1.629,1.5719999999999998,21200.72
1998-11-06,1.632,1.649,1.675,1.632,37443.85
1998-11-09,1.652,1.666,1.6869999999999998,1.632,23323.96
1998-11-10,1.681,1.715,1.758,1.675,68381.91
1998-11-11,1.7209999999999999,1.7180000000000002,1.7380000000000002,1.704,37873.3
1998-11-12,1.7180000000000002,1.6840000000000002,1.729,1.6780000000000002,26640.5
1998-11-13,1.675,1.6840000000000002,1.6869999999999998,1.6580000000000001,16777.01
1998-11-16,1.6840000000000002,1.7009999999999998,1.729,1.6840000000000002,20731.0
1998-11-17,1.6980000000000002,1.689,1.715,1.681,17446.51
1998-11-18,1.6869999999999998,1.7069999999999999,1.7209999999999999,1.6869999999999998,15824.75
1998-11-19,1.709,1.729,1.767,1.7009999999999998,48074.74
1998-11-20,1.729,1.7269999999999999,1.749,1.7209999999999999,16107.55
1998-11-23,1.729,1.695,1.744,1.6869999999999998,13428.85
1998-11-24,1.7009999999999998,1.689,1.712,1.6869999999999998,10290.0
1998-11-25,1.6869999999999998,1.661,1.704,1.655,10055.8
1998-11-26,1.6580000000000001,1.629,1.6580000000000001,1.624,11087.0
1998-11-27,1.629,1.609,1.6440000000000001,1.6059999999999999,8387.0
1998-11-30,1.615,1.6380000000000001,1.646,1.609,6521.16
1998-12-01,1.6380000000000001,1.618,1.6440000000000001,1.615,5208.0
1998-12-02,1.618,1.641,1.6440000000000001,1.598,7767.5
1998-12-03,1.641,1.615,1.641,1.615,3946.98
1998-12-04,1.6059999999999999,1.615,1.624,1.601,5438.25
1998-12-07,1.6580000000000001,1.6119999999999999,1.6580000000000001,1.6119999999999999,6664.8
1998-12-08,1.6059999999999999,1.632,1.6440000000000001,1.6059999999999999,3646.44
1998-12-09,1.635,1.661,1.6640000000000001,1.618,5948.4
1998-12-10,1.661,1.624,1.666,1.615,8915.7
1998-12-11,1.624,1.6640000000000001,1.669,1.609,10862.38
1998-12-14,1.672,1.666,1.709,1.6640000000000001,20650.05
1998-12-15,1.666,1.6780000000000002,1.681,1.621,19736.44
1998-12-16,1.672,1.672,1.6869999999999998,1.655,10068.2
1998-12-17,1.6640000000000001,1.635,1.681,1.632,11737.3
1998-12-18,1.629,1.6980000000000002,1.7009999999999998,1.629,24043.89
1998-12-21,1.7009999999999998,1.735,1.767,1.6980000000000002,79825.32
1998-12-22,1.744,1.7519999999999998,1.758,1.715,41647.73
1998-12-23,1.7519999999999998,1.732,1.755,1.7180000000000002,22515.06
1998-12-24,1.732,1.7209999999999999,1.732,1.692,18889.69
1998-12-25,1.7209999999999999,1.7209999999999999,1.7519999999999998,1.715,13996.58
1998-12-28,1.715,1.735,1.735,1.715,19247.29
1998-12-29,1.732,1.7519999999999998,1.787,1.732,76433.24
1998-12-30,1.7380000000000002,1.7380000000000002,1.7690000000000001,1.6869999999999998,26617.56
1998-12-31,1.7469999999999999,1.715,1.7519999999999998,1.712,12946.84
1999-01-04,1.7209999999999999,1.666,1.729,1.666,12372.0
1999-01-05,1.6580000000000001,1.666,1.6840000000000002,1.626,18347.2
1999-01-06,1.675,1.681,1.6869999999999998,1.6440000000000001,10516.2
1999-01-07,1.672,1.666,1.695,1.6580000000000001,8462.79
1999-01-08,1.672,1.7209999999999999,1.7269999999999999,1.669,14559.55
1999-01-11,1.715,1.744,1.758,1.7009999999999998,18153.71
1999-01-12,1.744,1.7180000000000002,1.749,1.715,19123.0
1999-01-13,1.689,1.787,1.795,1.689,68793.31
1999-01-14,1.787,1.778,1.807,1.755,38475.23
1999-01-15,1.787,1.7690000000000001,1.795,1.758,25490.11
1999-01-18,1.775,1.841,1.844,1.767,58674.47
1999-01-19,1.841,1.829,1.867,1.815,40937.02
1999-01-20,1.829,1.8119999999999998,1.841,1.807,24158.4
1999-01-21,1.807,1.818,1.829,1.7919999999999998,23544.94
1999-01-22,1.818,1.801,1.844,1.798,23182.4
1999-01-25,1.804,1.758,1.8090000000000002,1.758,28811.3
1999-01-26,1.758,1.764,1.787,1.744,14970.0
1999-01-27,1.7690000000000001,1.7690000000000001,1.798,1.758,13883.49
1999-01-28,1.7719999999999998,1.749,1.7719999999999998,1.7469999999999999,13747.13
1999-01-29,1.744,1.744,1.755,1.7269999999999999,13991.62
1999-02-01,1.7380000000000002,1.692,1.7380000000000002,1.689,18237.57
1999-02-02,1.675,1.724,1.732,1.675,8416.79
1999-02-03,1.715,1.6840000000000002,1.724,1.6780000000000002,8219.1
1999-02-04,1.6840000000000002,1.675,1.7009999999999998,1.675,7336.0
1999-02-05,1.669,1.618,1.669,1.615,14746.4
1999-02-08,1.601,1.652,1.655,1.5919999999999999,11092.92
1999-02-09,1.6380000000000001,1.6840000000000002,1.6869999999999998,1.6380000000000001,8983.81
1999-03-01,1.681,1.672,1.689,1.6580000000000001,5921.5
1999-03-02,1.6869999999999998,1.689,1.6980000000000002,1.655,4618.86
1999-03-03,1.6869999999999998,1.712,1.724,1.6840000000000002,7719.64
1999-03-04,1.712,1.6869999999999998,1.715,1.675,8604.93
1999-03-05,1.695,1.695,1.709,1.672,10380.54
1999-03-08,1.695,1.715,1.7180000000000002,1.675,11085.2
1999-03-09,1.715,1.6869999999999998,1.735,1.6869999999999998,10538.82
1999-03-10,1.6869999999999998,1.655,1.6869999999999998,1.6440000000000001,12868.0
1999-03-11,1.6580000000000001,1.704,1.724,1.655,14826.05
1999-03-12,1.704,1.7009999999999998,1.715,1.6840000000000002,10785.15
1999-03-15,1.7009999999999998,1.729,1.749,1.6869999999999998,22157.57
1999-03-16,1.7409999999999999,1.7180000000000002,1.7409999999999999,1.7069999999999999,10940.73
1999-03-17,1.7409999999999999,1.7380000000000002,1.767,1.7180000000000002,24514.11
1999-03-18,1.735,1.704,1.744,1.7009999999999998,12012.0
1999-03-19,1.6980000000000002,1.764,1.781,1.5719999999999998,32844.41
1999-03-22,1.767,1.735,1.767,1.732,14770.5
1999-03-23,1.7380000000000002,1.732,1.758,1.7209999999999999,9697.8
1999-03-24,1.744,1.7180000000000002,1.758,1.7069999999999999,13318.0
1999-03-25,1.715,1.681,1.729,1.6780000000000002,14319.0
1999-03-26,1.675,1.6869999999999998,1.7009999999999998,1.672,7658.98
1999-03-29,1.695,1.695,1.724,1.6580000000000001,7618.5
1999-03-30,1.712,1.666,1.7180000000000002,1.6580000000000001,9359.37
1999-03-31,1.661,1.6780000000000002,1.6869999999999998,1.6580000000000001,4793.12
1999-04-01,1.675,1.675,1.689,1.6580000000000001,6724.3
1999-04-02,1.672,1.735,1.7409999999999999,1.666,19591.94
1999-04-05,1.744,1.7469999999999999,1.7719999999999998,1.7069999999999999,23185.14
1999-04-06,1.749,1.755,1.7719999999999998,1.732,16729.85
1999-04-07,1.758,1.8090000000000002,1.835,1.7409999999999999,69260.49
1999-04-08,1.795,1.7519999999999998,1.807,1.715,56903.34
1999-04-09,1.758,1.795,1.804,1.729,57643.94
1999-04-12,1.795,1.841,1.881,1.775,84776.74
1999-04-13,1.841,1.798,1.864,1.795,43583.96
1999-04-14,1.787,1.841,1.844,1.775,41219.03
1999-04-15,1.824,1.827,1.864,1.807,47070.93
1999-04-16,1.827,1.804,1.8319999999999999,1.7690000000000001,38304.26
1999-04-19,1.801,1.795,1.8090000000000002,1.7719999999999998,15085.65
1999-04-20,1.787,1.864,1.869,1.787,33366.98
1999-04-21,1.858,1.827,1.9240000000000002,1.827,59048.05
1999-04-22,1.804,1.855,1.8780000000000001,1.7890000000000001,41367.21
1999-04-23,1.855,1.912,1.9580000000000002,1.801,78226.13
1999-04-26,1.9380000000000002,1.901,1.9869999999999999,1.8980000000000001,45860.82
1999-04-27,1.8869999999999998,1.915,1.929,1.844,42618.55
1999-04-28,1.9380000000000002,1.8980000000000001,1.9580000000000002,1.864,34854.68
1999-04-29,1.909,1.9409999999999998,1.9580000000000002,1.8519999999999999,39677.8
1999-04-30,1.9580000000000002,1.9380000000000002,1.9580000000000002,1.9040000000000001,16792.78
1999-05-04,1.9380000000000002,1.8719999999999999,1.9409999999999998,1.867,31945.85
1999-05-05,1.858,1.8869999999999998,1.944,1.858,29665.01
1999-05-06,1.889,1.889,1.901,1.867,18661.97
1999-05-07,1.8869999999999998,1.892,1.929,1.864,16522.51
1999-05-10,1.858,1.824,1.8869999999999998,1.7690000000000001,37621.11
1999-05-11,1.815,1.892,1.929,1.815,27244.1
1999-05-12,1.892,1.8840000000000001,1.915,1.869,10531.0
1999-05-13,1.867,1.8319999999999999,1.901,1.829,13976.0
1999-05-14,1.815,1.787,1.838,1.775,16833.06
1999-05-17,1.758,1.8090000000000002,1.818,1.758,13981.9
1999-05-18,1.827,1.824,1.8719999999999999,1.8090000000000002,17226.96
1999-05-19,1.7890000000000001,1.9269999999999998,1.9380000000000002,1.7890000000000001,56950.52
1999-05-20,1.909,1.9240000000000002,1.944,1.892,34905.17
1999-05-21,1.915,2.0669999999999997,2.11,1.915,181183.93
1999-05-25,2.09,2.178,2.272,2.072,186089.9
1999-05-26,2.167,2.261,2.33,2.1319999999999997,142198.36
1999-05-27,2.2640000000000002,2.224,2.37,2.207,84355.73
1999-05-28,2.23,2.298,2.315,2.23,105457.28
1999-05-31,2.315,2.481,2.524,2.29,132212.71
1999-06-01,2.4730000000000003,2.5180000000000002,2.6010000000000004,2.4530000000000003,97139.22
1999-06-02,2.53,2.4330000000000003,2.5669999999999997,2.395,74876.02
1999-06-03,2.395,2.498,2.515,2.364,65618.9
1999-06-04,2.481,2.5780000000000003,2.635,2.475,71134.39
1999-06-07,2.595,2.53,2.6069999999999998,2.481,44425.73
1999-06-08,2.53,2.6439999999999997,2.707,2.487,100557.0
1999-06-09,2.6239999999999997,2.65,2.701,2.57,40894.38
1999-06-10,2.687,2.5610000000000004,2.736,2.5469999999999997,53390.11
1999-06-11,2.5869999999999997,2.5669999999999997,2.6239999999999997,2.49,48927.86
1999-06-14,2.5669999999999997,2.573,2.6010000000000004,2.4930000000000003,54457.88
1999-06-15,2.6010000000000004,2.513,2.63,2.401,70477.33
1999-06-16,2.524,2.658,2.701,2.524,124803.09
1999-06-17,2.69,2.924,2.924,2.653,173020.29
1999-06-18,2.944,2.97,2.9989999999999997,2.83,101443.47
1999-06-21,2.987,3.11,3.1439999999999997,2.9789999999999996,105215.0
1999-06-22,3.2439999999999998,3.1239999999999997,3.2439999999999998,2.8810000000000002,50688.42
1999-06-23,3.1439999999999997,3.193,3.31,3.13,104549.8
1999-06-24,3.213,3.05,3.236,3.016,91683.96
1999-06-25,3.0589999999999997,3.0069999999999997,3.2239999999999998,2.861,167482.08
1999-06-28,3.0189999999999997,3.199,3.23,3.0010000000000003,81821.78
1999-06-29,3.2239999999999998,3.5189999999999997,3.5189999999999997,3.2239999999999998,120887.83
1999-06-30,3.573,3.302,3.602,3.201,60119.31
1999-07-01,3.287,3.1039999999999996,3.287,2.9730000000000003,65508.5
1999-07-02,3.1439999999999997,3.2760000000000002,3.31,3.053,51787.44
1999-07-05,3.287,3.3930000000000002,3.516,3.233,58538.79
1999-07-06,3.259,3.247,3.313,3.0869999999999997,23194.66
1999-07-07,3.247,3.4189999999999996,3.424,3.167,51133.84
1999-07-08,3.43,3.4760000000000004,3.5639999999999996,3.387,45195.38
1999-07-09,3.4819999999999998,3.4989999999999997,3.5589999999999997,3.4530000000000003,43439.05
1999-07-12,3.4589999999999996,3.553,3.71,3.4589999999999996,56196.57
1999-07-13,3.553,3.542,3.617,3.38,35328.49
1999-07-14,3.5389999999999997,3.5389999999999997,3.5789999999999997,3.375,42952.5
1999-07-15,3.545,3.3369999999999997,3.645,3.303,52543.0
1999-07-16,3.3139999999999996,3.176,3.3139999999999996,3.069,61551.91
1999-07-19,3.135,3.1039999999999996,3.1639999999999997,3.0260000000000002,26416.79
1999-07-20,3.112,3.415,3.415,3.112,81651.99
1999-07-21,3.458,3.438,3.571,3.389,142631.58
1999-07-22,3.432,3.228,3.452,3.213,57374.16
1999-07-23,3.228,3.2560000000000002,3.3569999999999998,3.228,34469.98
1999-07-26,3.2710000000000004,3.285,3.38,3.245,25756.57
1999-07-27,3.3139999999999996,3.285,3.3280000000000003,3.2510000000000003,14550.96
1999-07-28,3.285,3.3139999999999996,3.3369999999999997,3.2539999999999996,17107.0
1999-07-29,3.343,3.2969999999999997,3.377,3.245,20403.79
1999-07-30,3.3139999999999996,3.285,3.3280000000000003,3.228,17140.69
1999-08-02,3.285,3.4010000000000002,3.4010000000000002,3.233,37937.69
1999-08-03,3.4010000000000002,3.4010000000000002,3.447,3.372,32915.0
1999-08-04,3.4010000000000002,3.415,3.49,3.4010000000000002,31162.25
1999-08-05,3.4410000000000003,3.409,3.455,3.36,24237.52
1999-08-06,3.424,3.424,3.444,3.2739999999999996,28651.87
1999-08-09,3.424,3.424,3.513,3.415,26473.16
1999-08-10,3.424,3.363,3.452,3.3539999999999996,15951.11
1999-08-11,3.3139999999999996,3.282,3.412,3.2539999999999996,19113.3
1999-08-12,3.282,3.282,3.3489999999999998,3.228,12584.36
1999-08-13,3.3139999999999996,3.279,3.3280000000000003,3.2510000000000003,7918.27
1999-08-16,3.265,3.285,3.3,3.199,11186.0
1999-08-17,3.2939999999999996,3.323,3.372,3.285,14467.83
1999-08-18,3.3139999999999996,3.343,3.346,3.245,10663.29
1999-08-19,3.323,3.478,3.516,3.32,64724.48
1999-08-23,3.484,3.4410000000000003,3.51,3.415,21265.31
1999-08-24,3.455,3.4610000000000003,3.553,3.429,40812.57
1999-08-25,3.487,3.38,3.4930000000000003,3.3689999999999998,12565.1
1999-08-26,3.38,3.392,3.4010000000000002,3.343,9351.24
1999-08-27,3.403,3.352,3.45,3.343,11110.67
1999-08-30,3.343,3.279,3.343,3.207,18432.99
1999-08-31,3.343,3.3539999999999996,3.366,3.2560000000000002,15598.17
1999-09-01,3.366,3.2710000000000004,3.372,3.213,18939.9
1999-09-02,3.245,3.2880000000000003,3.3,3.17,18987.11
1999-09-03,3.3,3.236,3.3,3.193,11860.84
1999-09-06,3.199,3.193,3.233,3.173,6906.0
1999-09-07,3.213,3.19,3.2880000000000003,3.156,16743.64
1999-09-08,3.1830000000000003,3.1,3.1830000000000003,3.097,8671.9
1999-09-09,3.108,3.25,3.359,3.108,44815.67
1999-09-10,3.2760000000000002,3.2089999999999996,3.325,3.1189999999999998,48675.83
1999-09-13,3.202,3.138,3.202,3.1039999999999996,25546.45
1999-09-14,3.1489999999999996,3.134,3.217,3.123,27134.11
1999-09-15,3.138,3.2539999999999996,3.2880000000000003,3.138,31424.58
1999-09-16,3.2760000000000002,3.1639999999999997,3.2760000000000002,3.138,25899.9
1999-09-17,3.1639999999999997,3.16,3.213,3.145,12182.21
1999-09-20,3.1830000000000003,3.1189999999999998,3.187,3.1039999999999996,9717.24
1999-09-21,3.108,3.0589999999999997,3.115,3.0439999999999996,10953.9
1999-09-22,3.071,3.0260000000000002,3.1039999999999996,3.011,14337.93
1999-09-23,3.0439999999999996,3.0410000000000004,3.0780000000000003,3.014,9282.88
1999-09-24,3.071,3.1719999999999997,3.213,3.052,6947.88
1999-09-27,3.1719999999999997,3.082,3.1719999999999997,3.052,5642.18
1999-09-28,3.089,3.0439999999999996,3.175,3.037,5277.98
1999-09-29,3.0439999999999996,3.037,3.127,3.037,7460.45
1999-09-30,3.085,3.0260000000000002,3.085,3.0069999999999997,7769.19
1999-10-08,3.003,2.9539999999999997,3.1,2.9389999999999996,8251.8
1999-10-11,2.9210000000000003,2.861,2.958,2.853,10581.1
1999-10-12,2.865,2.872,2.9130000000000003,2.827,5187.98
1999-10-13,2.891,2.775,2.891,2.7710000000000004,5265.5
1999-10-14,2.752,2.6889999999999996,2.805,2.677,13180.23
1999-10-15,2.696,2.8569999999999998,2.8760000000000003,2.696,17585.23
1999-10-18,2.865,2.722,2.865,2.715,7022.82
1999-10-19,2.6660000000000004,2.674,2.719,2.659,5518.6
1999-10-20,2.677,2.707,2.7710000000000004,2.662,3713.55
1999-10-21,2.7,2.61,2.715,2.595,9920.4
1999-10-22,2.591,2.655,2.7260000000000004,2.5869999999999997,10449.75
1999-10-25,2.659,2.617,2.6660000000000004,2.5869999999999997,6175.8
1999-10-26,2.617,2.6210000000000004,2.662,2.602,5739.4
1999-10-27,2.734,2.7110000000000003,2.763,2.674,18697.78
1999-10-28,2.734,2.6289999999999996,2.752,2.617,16674.0
1999-10-29,2.659,2.614,2.659,2.595,9847.62
1999-11-01,2.6210000000000004,2.531,2.6210000000000004,2.505,10898.06
1999-11-02,2.531,2.524,2.569,2.498,5567.64
1999-11-03,2.546,2.509,2.546,2.498,4800.67
1999-11-04,2.505,2.483,2.505,2.464,8320.9
1999-11-05,2.501,2.498,2.5580000000000003,2.49,8936.25
1999-11-08,2.501,2.546,2.5540000000000003,2.471,8002.74
1999-11-09,2.5580000000000003,2.498,2.5610000000000004,2.49,4427.4
1999-11-10,2.498,2.441,2.501,2.419,9431.85
1999-11-11,2.441,2.426,2.468,2.419,6340.21
1999-11-12,2.415,2.479,2.509,2.415,8544.55
1999-11-15,2.471,2.46,2.4859999999999998,2.426,4264.64
1999-11-16,2.494,2.359,2.494,2.344,14288.78
1999-11-17,2.378,2.3819999999999997,2.397,2.318,10010.0
1999-11-18,2.3890000000000002,2.43,2.471,2.352,10837.46
1999-11-19,2.441,2.423,2.464,2.397,9749.38
1999-11-22,2.423,2.397,2.423,2.3890000000000002,6172.99
1999-11-23,2.397,2.404,2.434,2.3890000000000002,3532.4
1999-11-24,2.411,2.3819999999999997,2.411,2.367,4006.78
1999-11-25,2.374,2.34,2.374,2.333,6544.4
1999-11-26,2.333,2.322,2.359,2.322,6250.02
1999-11-29,2.352,2.314,2.352,2.31,4891.8
1999-11-30,2.322,2.329,2.3369999999999997,2.31,3639.62
1999-12-01,2.329,2.3480000000000003,2.374,2.329,3816.36
1999-12-02,2.374,2.3930000000000002,2.4530000000000003,2.314,25819.69
1999-12-03,2.397,2.5540000000000003,2.595,2.397,78661.11
1999-12-06,2.5540000000000003,2.5540000000000003,2.617,2.516,45864.75
1999-12-07,2.55,2.5869999999999997,2.5989999999999998,2.501,17317.47
1999-12-08,2.5869999999999997,2.543,2.595,2.531,9985.1
1999-12-09,2.539,2.4859999999999998,2.546,2.475,8087.23
1999-12-10,2.479,2.546,2.61,2.468,13735.03
1999-12-13,2.565,2.674,2.6889999999999996,2.5540000000000003,46543.72
1999-12-14,2.674,2.715,2.734,2.6510000000000002,31314.48
1999-12-15,2.7260000000000004,2.722,2.752,2.6660000000000004,31849.82
1999-12-16,2.7260000000000004,2.674,2.752,2.674,17301.85
1999-12-17,2.677,2.576,2.6889999999999996,2.546,22361.99
1999-12-21,2.546,2.509,2.546,2.49,11200.8
1999-12-22,2.494,2.449,2.539,2.434,12486.5
1999-12-23,2.441,2.464,2.509,2.434,6211.6
1999-12-24,2.4530000000000003,2.4859999999999998,2.498,2.434,5050.73
1999-12-27,2.4859999999999998,2.4,2.49,2.397,7359.79
1999-12-28,2.397,2.471,2.475,2.397,6441.76
1999-12-29,2.471,2.513,2.539,2.464,6990.31
1999-12-30,2.528,2.52,2.5610000000000004,2.509,4617.5
2000-01-04,2.539,2.5869999999999997,2.614,2.516,14164.96
2000-01-05,2.6060000000000003,2.546,2.6439999999999997,2.539,16782.95
2000-01-06,2.546,2.681,2.6889999999999996,2.509,31943.77
2000-01-07,2.7110000000000003,2.76,2.805,2.7039999999999997,54243.24
2000-01-10,2.8080000000000003,2.79,2.846,2.6889999999999996,39669.4
2000-01-11,2.778,2.793,2.977,2.625,83032.03
2000-01-12,2.793,2.984,3.074,2.793,198681.77
2000-01-13,2.984,2.8160000000000003,2.988,2.793,69812.15
2000-01-14,2.801,2.681,2.8569999999999998,2.647,43254.31
2000-01-17,2.662,2.906,2.91,2.6510000000000002,46624.19
2000-01-18,2.932,2.842,2.988,2.7969999999999997,44055.0
2000-01-19,2.842,2.88,2.928,2.812,19085.61
2000-01-20,2.887,2.9960000000000004,3.033,2.8680000000000003,58369.82
2000-01-21,3.0260000000000002,2.943,3.056,2.932,53326.09
2000-01-24,2.943,2.88,2.9730000000000003,2.8080000000000003,45327.66
2000-01-25,2.9960000000000004,2.9130000000000003,2.9960000000000004,2.853,38950.53
2000-01-26,2.887,2.812,2.9210000000000003,2.801,33158.03
2000-01-27,2.82,2.775,2.887,2.748,48137.68
2000-01-28,2.7710000000000004,2.793,2.846,2.734,50785.9
2000-02-14,2.846,3.0669999999999997,3.074,2.827,77039.54
2000-02-15,3.071,3.0780000000000003,3.3739999999999997,2.924,156730.05
2000-02-16,3.074,3.325,3.3289999999999997,2.9960000000000004,146209.73
2000-02-17,3.445,2.992,3.55,2.992,137621.13
2000-02-18,2.9210000000000003,2.9810000000000003,2.9960000000000004,2.846,50907.63
2000-02-21,2.969,2.943,2.9960000000000004,2.865,63740.73
2000-02-22,2.943,2.924,3.1639999999999997,2.883,57653.24
2000-02-23,2.88,2.763,2.9130000000000003,2.752,41492.37
2000-02-24,2.752,2.846,2.865,2.752,22984.73
2000-02-25,2.865,2.778,2.8760000000000003,2.76,29355.12
2000-02-28,2.778,2.8310000000000004,2.842,2.696,38646.56
2000-02-29,2.846,2.7710000000000004,2.906,2.734,50912.9
2000-03-01,2.7710000000000004,2.8310000000000004,2.865,2.763,33843.71
2000-03-02,2.838,2.79,2.8569999999999998,2.7710000000000004,27775.46
2000-03-03,2.801,2.951,2.988,2.778,57818.54
2000-03-06,2.988,2.741,2.9960000000000004,2.734,42390.4
2000-03-07,2.7260000000000004,2.778,2.786,2.6889999999999996,29045.38
2000-03-08,2.79,2.76,2.79,2.715,20923.61
2000-03-09,2.76,2.734,2.7710000000000004,2.715,28786.39
2000-03-10,2.73,2.7039999999999997,2.778,2.696,28024.36
2000-03-13,2.6889999999999996,2.741,2.767,2.677,19857.98
2000-03-14,2.696,2.655,2.73,2.5839999999999996,32681.87
2000-03-15,2.655,2.685,2.734,2.625,18335.63
2000-03-16,2.6510000000000002,2.546,2.6510000000000002,2.528,12674.0
2000-03-17,2.509,2.565,2.5989999999999998,2.509,20574.15
2000-03-20,2.565,2.6919999999999997,2.715,2.528,24236.63
2000-03-21,2.7,2.6889999999999996,2.715,2.6210000000000004,20262.79
2000-03-22,2.685,2.76,2.7710000000000004,2.659,26364.91
2000-03-23,2.76,2.842,2.865,2.745,53582.76
2000-03-24,2.846,2.7969999999999997,2.8760000000000003,2.775,45577.87
2000-03-27,2.801,2.88,2.91,2.793,44956.71
2000-03-28,2.891,2.861,2.917,2.835,34029.36
2000-03-29,2.8760000000000003,2.842,2.883,2.7969999999999997,30147.4
2000-03-30,2.846,2.895,2.9130000000000003,2.8160000000000003,33653.94
2000-03-31,2.895,2.835,2.895,2.82,23728.51
2000-04-03,2.8310000000000004,2.85,2.8760000000000003,2.8080000000000003,22906.68
2000-04-04,2.838,2.763,2.85,2.76,20905.47
2000-04-05,2.7710000000000004,2.9539999999999997,3.0260000000000002,2.7710000000000004,77794.63
2000-04-06,2.9619999999999997,2.966,3.003,2.9130000000000003,44509.54
2000-04-07,2.992,2.932,3.071,2.887,41042.92
2000-04-10,2.958,3.0410000000000004,3.056,2.9210000000000003,77878.19
2000-04-11,3.0410000000000004,2.917,3.056,2.906,34765.11
2000-04-12,2.9210000000000003,2.947,3.022,2.898,22745.88
2000-04-13,2.958,2.943,2.988,2.9019999999999997,21327.17
2000-04-14,2.9539999999999997,3.011,3.033,2.9210000000000003,46293.42
2000-04-17,3.0069999999999997,3.0069999999999997,3.029,2.8680000000000003,40430.12
2000-04-18,3.033,3.179,3.284,3.033,181444.66
2000-04-19,3.1830000000000003,3.179,3.19,3.127,42757.32
2000-04-20,3.1830000000000003,3.179,3.2539999999999996,3.157,45816.47
2000-04-21,3.1830000000000003,3.112,3.22,3.1039999999999996,44139.52
2000-04-24,3.071,3.13,3.145,3.071,30139.27
2000-04-25,3.145,3.1639999999999997,3.1830000000000003,3.112,21572.31
2000-04-26,3.1830000000000003,3.198,3.2430000000000003,3.16,25895.82
2000-04-27,3.1830000000000003,3.085,3.1830000000000003,3.085,33706.72
2000-04-28,3.153,3.1830000000000003,3.205,3.052,30272.5
2000-05-08,3.205,3.2319999999999998,3.247,3.108,28552.39
2000-05-09,3.2319999999999998,3.239,3.295,3.175,36468.78
2000-05-10,3.22,3.1830000000000003,3.355,3.175,100667.38
2000-05-11,3.142,2.9960000000000004,3.175,2.977,53096.98
2000-05-12,2.988,2.977,3.033,2.9210000000000003,29553.35
2000-05-15,2.958,2.9130000000000003,2.977,2.85,13879.7
2000-05-16,2.9130000000000003,2.958,3.0069999999999997,2.91,13839.34
2000-05-17,2.9619999999999997,2.932,3.0260000000000002,2.924,14453.78
2000-05-18,2.932,2.988,2.9960000000000004,2.928,9029.63
2000-05-19,2.9960000000000004,3.085,3.1,2.977,24328.99
2000-05-22,3.108,3.134,3.145,3.063,22201.7
2000-05-23,3.157,3.1039999999999996,3.16,3.071,15903.25
2000-05-24,3.112,3.127,3.153,3.108,16979.93
2000-05-25,3.138,3.1830000000000003,3.205,3.108,33045.93
2000-05-26,3.1830000000000003,3.108,3.202,3.1,25390.71
2000-05-29,3.108,3.22,3.295,3.108,56476.06
2000-05-30,3.295,3.265,3.437,3.22,135898.32
2000-05-31,3.258,3.2430000000000003,3.318,3.198,37062.55
2000-06-02,3.295,3.2880000000000003,3.426,3.258,40781.29
2000-06-05,3.2760000000000002,3.2880000000000003,3.452,3.239,68067.78
2000-06-06,3.295,3.31,3.333,3.213,29572.88
2000-06-07,3.31,3.265,3.3510000000000004,3.258,21455.04
2000-06-08,3.258,3.19,3.2760000000000002,3.153,34583.44
2000-06-09,3.202,3.138,3.2319999999999998,3.13,27813.9
2000-06-12,3.1,3.16,3.187,3.1,17098.75
2000-06-13,3.168,3.22,3.239,3.16,13607.33
2000-06-14,3.2239999999999998,3.228,3.2910000000000004,3.213,18129.17
2000-06-15,3.228,3.273,3.28,3.145,26701.45
2000-06-16,3.295,3.2760000000000002,3.355,3.258,43524.03
2000-06-19,3.295,3.3139999999999996,3.37,3.28,38864.88
2000-06-20,3.318,3.303,3.3510000000000004,3.25,21536.14
2000-06-21,3.295,3.3139999999999996,3.3289999999999997,3.258,18767.4
2000-06-22,3.333,3.3360000000000003,3.385,3.2760000000000002,53029.46
2000-06-23,3.3139999999999996,3.415,3.437,3.3139999999999996,63275.13
2000-06-26,3.4,3.4219999999999997,3.4819999999999998,3.389,46372.02
2000-06-27,3.437,3.4189999999999996,3.464,3.408,36295.39
2000-06-28,3.43,3.389,3.467,3.3739999999999997,30878.86
2000-06-29,3.404,3.359,3.408,3.344,32627.99
2000-06-30,3.359,3.378,3.464,3.3510000000000004,39578.29
2000-07-03,3.4819999999999998,3.437,3.516,3.378,56969.2
2000-07-04,3.445,3.452,3.464,3.408,17722.54
2000-07-05,3.445,3.516,3.531,3.437,35012.22
2000-07-06,3.505,3.628,3.67,3.5010000000000003,90444.52
2000-07-07,3.6430000000000002,3.64,3.7,3.625,55686.4
2000-07-10,3.67,3.8569999999999998,3.9619999999999997,3.67,131108.09
2000-07-11,3.887,3.932,3.969,3.8489999999999998,71588.89
2000-07-12,3.932,3.917,3.969,3.8569999999999998,41725.63
2000-07-13,3.932,3.782,4.074,3.745,77648.0
2000-07-14,3.782,3.8080000000000003,3.8760000000000003,3.707,51127.81
2000-07-17,3.8080000000000003,3.7560000000000002,3.8569999999999998,3.748,31264.5
2000-07-18,3.763,3.984,3.988,3.763,57488.25
2000-07-19,4.1110000000000015,3.9730000000000003,4.1110000000000015,3.932,58933.84
2000-07-20,3.965,4.063,4.1080000000000005,3.9389999999999996,62783.68
2000-07-21,4.1,4.074,4.104,3.9989999999999997,35651.74
2000-07-24,4.119,4.078,4.119,4.037,29547.16
2000-07-25,4.1,4.2010000000000005,4.228,4.082,39378.43
2000-07-26,4.213,4.231,4.243,4.1560000000000015,31219.91
2000-07-27,4.269,4.194,4.343999999999999,4.186,71229.4
2000-07-28,4.198,4.119,4.228,4.078,63982.48
2000-07-31,4.119,4.186,4.224,4.025,44070.93
2000-08-01,4.231,4.141,4.243,4.115,23723.31
2000-08-02,4.13,4.055,4.1339999999999995,4.052,31821.1
2000-08-03,4.037,4.115,4.119,4.01,40234.46
2000-08-04,4.119,4.025,4.149,4.013999999999999,32111.95
2000-08-07,3.988,3.947,4.007,3.9130000000000003,43180.18
2000-08-08,3.9619999999999997,4.022,4.093,3.9619999999999997,22558.52
2000-08-09,4.022,4.044,4.1,4.022,22841.92
2000-08-10,4.074,3.965,4.074,3.935,24537.01
2000-08-11,3.965,4.029,4.052,3.965,21534.75
2000-08-14,4.018,4.126,4.149,4.007,34188.79
2000-08-15,4.138,4.0889999999999995,4.1560000000000015,4.052,17145.14
2000-08-16,4.0889999999999995,4.04,4.1,3.9989999999999997,18230.81
2000-08-17,4.052,4.04,4.082,4.022,17294.81
2000-08-18,4.078,3.995,4.078,3.9730000000000003,22428.47
2000-08-21,3.969,3.9989999999999997,4.029,3.9389999999999996,23403.06
2000-08-22,3.9989999999999997,3.935,4.018,3.932,27954.05
2000-08-23,3.9130000000000003,3.782,3.928,3.6510000000000002,61051.81
2000-08-24,3.782,3.8789999999999996,3.906,3.782,36068.34
2000-08-25,3.9130000000000003,3.842,3.932,3.812,24267.15
2000-08-28,3.846,3.8680000000000003,3.9130000000000003,3.8160000000000003,19749.78
2000-08-29,3.887,3.943,3.95,3.872,24719.89
2000-08-30,3.9989999999999997,4.175,4.287,3.9989999999999997,148017.09
2000-08-31,4.325,4.415,4.591,4.194,355802.14
2000-09-01,4.407,4.501,4.602,4.243,245414.61
2000-09-04,4.5680000000000005,4.872,4.905,4.538,296690.37
2000-09-05,4.905,5.28,5.358,4.808,279709.6
2000-09-06,5.242000000000001,5.04,5.593999999999999,5.018,277948.08
2000-09-07,5.018,5.149,5.325,4.9910000000000005,172570.14
2000-09-08,5.115,4.879,5.167000000000002,4.868,129074.69
2000-09-11,4.887,5.3660000000000005,5.3660000000000005,4.887,207176.33
2000-09-12,5.492999999999999,5.624,5.849,5.392,282202.21
2000-09-13,5.579,5.482,5.725,5.34,184019.31
2000-09-14,5.474,5.37,5.516,5.265,99841.07
2000-09-15,5.355,5.392,5.65,5.327999999999999,125241.96
2000-09-18,5.415,4.9910000000000005,5.4670000000000005,4.98,112305.78
2000-09-19,4.887,5.044,5.055,4.868,85585.51
2000-09-20,4.984,4.789,5.051,4.718,84089.75
2000-09-21,4.812,4.7780000000000005,4.935,4.748,48453.59
2000-09-22,4.774,4.55,4.823,4.493,71086.99
2000-09-25,4.542,4.46,4.681,4.437,48219.95
2000-09-26,4.475,4.415,4.546,4.381,49029.7
2000-09-27,4.437,4.632,4.643,4.325,52555.36
2000-09-28,4.628,4.422,4.636,4.419,39662.98
2000-09-29,4.385,4.43,4.527,4.381,24497.66
2000-10-09,4.437,4.291,4.478,4.216,43027.1
2000-10-10,4.269,4.448,4.452,4.22,47116.94
2000-10-11,4.437,4.355,4.475,4.336,29975.29
2000-10-12,4.4110000000000005,4.669,4.718,4.336,70394.79
2000-10-13,4.673,4.5569999999999995,4.785,4.5310000000000015,67116.97
2000-10-16,4.5310000000000015,4.37,4.5680000000000005,4.351,28167.12
2000-10-17,4.362,4.351,4.434,4.2989999999999995,20346.06
2000-10-18,4.351,4.377,4.4,4.2989999999999995,25675.11
2000-10-19,4.4,4.374,4.55,4.31,34482.47
2000-10-20,4.317,4.49,4.5310000000000015,4.317,36475.02
2000-10-23,4.456,4.4860000000000015,4.5310000000000015,4.374,31824.28
2000-10-24,4.493,4.388999999999999,4.52,4.377,26776.12
2000-10-25,4.388999999999999,4.3919999999999995,4.419,4.306,72996.22
2000-10-26,4.4,4.4110000000000005,4.527,4.374,117871.11
2000-10-27,4.48,4.659,4.751,4.48,103437.67
2000-10-30,4.671,4.705,4.735,4.556,56516.24
2000-10-31,4.728,4.869,4.957,4.72,101371.32
2000-11-01,4.873,4.88,4.8919999999999995,4.766,46670.23
2000-11-02,4.899,4.835,5.025,4.803999999999999,59673.45
2000-11-03,4.823,4.6739999999999995,4.823,4.671,39933.52
2000-11-06,4.671,4.648,4.728,4.621,23766.69
2000-11-07,4.671,4.724,4.747,4.644,17677.1
2000-11-08,4.743,4.652,4.751,4.633,21774.66
2000-11-09,4.644,4.644,4.728,4.617,37905.94
2000-11-10,4.652,4.739,4.747,4.652,52642.83
2000-11-13,4.796,5.151,5.185,4.796,133446.23
2000-11-15,5.151,5.513,5.662000000000001,5.151,155938.77
2000-11-16,5.513,5.433,5.559,5.3839999999999995,65635.09
2000-11-17,5.445,5.4060000000000015,5.638999999999999,5.3870000000000005,61369.19
2000-11-20,5.399,5.2620000000000005,5.414,5.204,52118.9
2000-11-21,5.2620000000000005,5.273,5.445,5.254,39767.36
2000-11-22,5.2620000000000005,5.372000000000001,5.41,5.223,32327.06
2000-11-23,5.4060000000000015,5.296,5.479,5.2620000000000005,32394.81
2000-11-24,5.292000000000002,4.999,5.345,4.968,76669.54
2000-11-27,4.957,4.976,5.063,4.8839999999999995,36446.11
2000-11-28,4.987,5.063,5.124,4.957,26892.8
2000-11-29,5.052,4.9719999999999995,5.0710000000000015,4.918,28806.84
2000-11-30,4.941,4.938,4.949,4.846,41983.46
2000-12-01,4.957,5.0710000000000015,5.166,4.957,39133.67
2000-12-04,5.101,5.04,5.117,4.968,26624.44
2000-12-05,5.04,4.976,5.052,4.9639999999999995,27458.37
2000-12-06,4.976,4.915,5.09,4.88,27984.44
2000-12-07,4.987,5.147,5.147,4.957,63243.77
2000-12-08,5.185,5.067,5.319,5.052,51390.5
2000-12-11,5.067,4.934,5.067,4.918,28194.58
2000-12-12,4.934,4.968,4.995,4.865,18444.91
2000-12-13,4.9639999999999995,4.9110000000000005,4.968,4.88,15539.21
2000-12-14,4.88,4.869,4.945,4.8610000000000015,20235.94
2000-12-15,4.949,4.9719999999999995,5.0710000000000015,4.926,25420.38
2000-12-18,4.957,5.033,5.037,4.88,13394.32
2000-12-19,5.037,4.957,5.048,4.941,13221.0
2000-12-20,4.957,5.105,5.14,4.8919999999999995,26025.79
2000-12-21,5.143,5.029,5.162000000000001,5.013999999999999,22962.24
2000-12-22,5.033,5.14,5.204,5.033,33720.7
2000-12-25,5.147,5.265,5.311,5.098,46460.72
2000-12-26,5.269,5.231,5.319,5.189,21210.06
2000-12-27,5.242999999999999,5.067,5.287999999999999,5.052,23048.0
2000-12-28,5.063,5.006,5.136,4.96,22336.48
2000-12-29,5.006,5.037,5.101,5.006,19617.18
2001-01-02,5.013999999999999,5.109,5.147,4.888,41335.85
2001-01-03,5.117,5.49,5.62,5.0710000000000015,180200.25
2001-01-04,5.49,5.3229999999999995,5.506,5.3,86300.6
2001-01-05,5.319,5.433,5.54,5.3,73543.8
2001-01-08,5.471,5.555,5.681,5.357,84950.55
2001-01-09,5.57,5.487,5.624,5.395,41735.18
2001-01-10,5.483,5.528,5.567,5.399,32893.72
2001-01-11,5.544,5.414,5.593,5.414,30816.52
2001-01-12,5.3839999999999995,5.365,5.452000000000001,5.303999999999999,38375.9
2001-01-15,5.337999999999999,5.056,5.337999999999999,5.025,49150.07
2001-01-16,4.957,5.166,5.1739999999999995,4.941,32811.49
2001-01-17,5.166,5.105,5.178,5.082,14832.93
2001-01-18,5.109,5.09,5.143,5.09,17450.52
2001-01-19,5.109,5.207999999999998,5.246,5.109,19457.03
2001-02-05,5.223,5.018,5.257999999999999,5.013999999999999,18037.1
2001-02-06,4.995,4.9910000000000005,5.033,4.88,23968.27
2001-02-07,4.995,4.979,5.0710000000000015,4.957,11320.73
2001-02-08,4.979,4.728,5.025,4.72,30403.66
2001-02-09,4.728,4.838,4.88,4.728,21330.76
2001-02-12,4.846,4.808,4.877,4.728,13980.52
2001-02-13,4.823,4.838,4.918,4.812,10180.74
2001-02-14,4.842,4.803999999999999,4.857,4.777,6865.33
2001-02-15,4.835,4.766,4.8610000000000015,4.766,9020.0
2001-02-16,4.747,4.728,4.747,4.5680000000000005,22386.3
2001-02-19,4.728,4.796,4.823,4.633,8607.43
2001-02-20,4.803999999999999,4.774,4.934,4.758,18054.5
2001-02-21,4.728,4.343,4.728,4.297,76217.98
2001-02-22,4.301,4.331,4.442,4.129,32454.44
2001-02-23,4.331,4.476,4.48,4.27,18316.12
2001-02-26,4.461,4.438,4.4719999999999995,4.35,15213.2
2001-02-27,4.461,4.644,4.652,4.461,28606.31
2001-02-28,4.663,4.583,4.69,4.499,15236.94
2001-03-01,4.537,4.564,4.598,4.537,10926.8
2001-03-02,4.593999999999999,4.602,4.636,4.579,12934.13
2001-03-05,4.602,4.51,4.617,4.503,14943.22
2001-03-06,4.4910000000000005,4.465,4.499,4.396,18091.76
2001-03-07,4.484,4.541,4.629,4.484,12055.17
2001-03-08,4.564,4.678,4.72,4.545,25384.57
2001-03-09,4.69,4.694,4.735,4.613,20381.02
2001-03-12,4.694,4.694,4.724,4.633,12584.63
2001-03-13,4.69,4.575,4.69,4.541,15731.98
2001-03-14,4.5680000000000005,4.61,4.613,4.522,9313.92
2001-03-15,4.61,4.613,4.648,4.575,11058.08
2001-03-16,4.613,4.572,4.633,4.556,12956.02
2001-03-19,4.5680000000000005,4.602,4.613,4.499,14918.64
2001-03-20,4.606,4.694,4.728,4.606,14576.4
2001-03-21,4.7010000000000005,4.728,4.735,4.652,17507.14
2001-03-22,4.747,4.747,4.766,4.713,19311.65
2001-03-23,4.758,4.636,4.823,4.613,23105.71
2001-03-26,4.636,4.69,4.694,4.617,11537.56
2001-03-27,4.724,4.793,4.803999999999999,4.69,18761.33
2001-03-28,4.803999999999999,4.751,4.816,4.709,14900.37
2001-03-29,4.785,4.678,4.8,4.652,14776.54
2001-03-30,4.671,4.686,4.709,4.652,12237.89
2001-04-02,4.69,4.697,4.728,4.644,13646.12
2001-04-03,4.697,4.655,4.697,4.633,14608.1
2001-04-04,4.652,4.5489999999999995,4.69,4.533,18587.65
2001-04-05,4.537,4.613,4.629,4.518,11978.77
2001-04-06,4.633,4.5680000000000005,4.648,4.537,13349.31
2001-04-09,4.53,4.572,4.606,4.513999999999999,12919.25
2001-04-10,4.583,4.606,4.633,4.537,15518.61
2001-04-11,4.613,4.593999999999999,4.633,4.575,9017.64
2001-04-12,4.593999999999999,4.6739999999999995,4.747,4.5489999999999995,24445.4
2001-04-13,4.69,4.728,4.766,4.6819999999999995,19246.99
2001-04-16,4.758,4.838,4.869,4.694,45337.3
2001-04-17,4.8610000000000015,4.816,4.873,4.762,26090.79
2001-04-18,4.803999999999999,4.716,4.823,4.709,19450.39
2001-04-19,4.709,4.6739999999999995,4.739,4.598,15311.47
2001-04-20,4.69,4.6819999999999995,4.8,4.6739999999999995,14604.02
2001-04-23,4.6819999999999995,4.625,4.713,4.61,13155.56
2001-04-24,4.625,4.663,4.728,4.625,10188.74
2001-04-25,4.6739999999999995,4.625,4.72,4.621,16209.21
2001-04-26,4.625,4.6739999999999995,4.694,4.621,14588.53
2001-04-27,4.69,4.777,4.803999999999999,4.6819999999999995,24492.9
2001-04-30,4.803999999999999,4.758,4.819,4.732,15222.79
2001-05-08,4.766,4.77,4.8,4.747,10034.3
2001-05-09,4.774,4.803999999999999,4.803999999999999,4.709,14468.38
2001-05-10,4.803999999999999,4.88,4.915,4.774,36846.72
2001-05-11,4.899,4.846,4.918,4.823,21277.05
2001-05-14,4.873,4.938,4.938,4.808,27263.45
2001-05-15,4.938,4.957,5.025,4.918,36973.19
2001-05-16,4.976,4.926,4.995,4.8919999999999995,21198.69
2001-05-17,4.957,4.865,4.957,4.846,17138.09
2001-05-18,4.869,4.842,4.899,4.823,15062.89
2001-05-21,4.842,4.835,4.842,4.803999999999999,15706.18
2001-05-22,4.842,4.8919999999999995,4.949,4.842,10984.77
2001-05-23,4.918,4.88,4.918,4.785,14326.55
2001-05-24,4.842,4.803999999999999,4.873,4.766,15245.53
2001-05-25,4.803999999999999,4.808,4.8610000000000015,4.766,9793.55
2001-05-28,4.842,4.755,4.842,4.728,11513.91
2001-05-29,4.755,4.774,4.796,4.713,9571.15
2001-05-31,4.869,4.785,4.869,4.777,7352.15
2001-06-01,4.793,4.766,4.857,4.735,10860.33
2001-06-04,4.88,4.846,4.88,4.766,13395.67
2001-06-05,4.888,5.109,5.159,4.888,103877.35
2001-06-06,5.09,5.124,5.127999999999999,5.013999999999999,31728.22
2001-06-07,5.147,5.052,5.147,5.048,25141.62
2001-06-08,4.995,4.9830000000000005,5.067,4.976,17221.6
2001-06-11,4.995,4.922,5.018,4.918,16138.96
2001-06-12,4.938,4.979,5.037,4.918,12652.84
2001-06-13,4.987,5.025,5.033,4.9830000000000005,12398.91
2001-06-14,5.029,4.938,5.052,4.918,17006.48
2001-06-15,4.9110000000000005,4.949,4.957,4.8919999999999995,13293.78
2001-06-18,4.949,4.888,5.033,4.842,11859.72
2001-06-19,4.88,4.941,4.945,4.857,8473.86
2001-06-20,5.019,4.957,5.019,4.918,8013.79
2001-06-21,4.922,5.004,5.004,4.918,7503.92
2001-06-22,4.996,4.992,5.008,4.9460000000000015,7894.97
2001-06-25,4.977,5.05,5.073,4.968999999999999,16996.04
2001-06-26,5.05,4.953,5.05,4.926,20396.13
2001-06-27,4.953,4.968999999999999,4.988,4.918,15697.38
2001-06-28,4.977,5.081,5.131,4.977,59958.3
2001-06-29,5.038,5.023,5.112,5.015,55890.16
2001-07-02,5.023,4.915,5.0310000000000015,4.899,23153.35
2001-07-03,4.895,4.961,4.977,4.887,13817.59
2001-07-04,4.996,4.922,5.015,4.9030000000000005,7870.89
2001-07-05,4.922,4.814,4.926,4.806,13665.75
2001-07-06,4.783,4.7669999999999995,4.841,4.744,12729.31
2001-07-09,4.7669999999999995,4.702,4.791,4.647,12673.38
2001-07-10,4.678,4.744,4.763999999999999,4.678,7274.5
2001-07-11,4.744,4.6739999999999995,4.763999999999999,4.651,11283.5
2001-07-12,4.671,4.636,4.671,4.628,10840.25
2001-07-13,4.659,4.671,4.717,4.659,5359.7
2001-07-16,4.717,4.543,4.7330000000000005,4.5310000000000015,10446.37
2001-07-17,4.543,4.651,4.651,4.52,8076.87
2001-07-18,4.725,4.725,4.744,4.663,3754.09
2001-07-19,4.721,4.725,4.725,4.667,4231.1
2001-07-20,4.7330000000000005,4.744,4.779,4.709,6102.84
2001-07-23,4.756,4.667,4.76,4.647,8159.92
2001-07-24,4.655,4.582,4.655,4.57,7806.95
2001-07-25,4.551,4.562,4.628,4.5310000000000015,5413.18
2001-07-26,4.562,4.465,4.57,4.458,8276.52
2001-07-27,4.473,4.461,4.527,4.407,9454.59
2001-07-30,4.38,4.082,4.3839999999999995,4.07,12135.31
2001-07-31,4.0280000000000005,3.9539999999999997,4.125,3.95,9900.97
2001-08-01,3.97,4.125,4.128,3.9539999999999997,8602.78
2001-08-02,4.183,4.283,4.338,4.183,40142.97
2001-08-03,4.2989999999999995,4.2330000000000005,4.2989999999999995,4.19,8180.95
2001-08-06,4.229,4.066,4.229,3.9930000000000003,10314.07
2001-08-07,4.063,4.163,4.178999999999999,3.95,10356.56
2001-08-08,4.163,4.148,4.2139999999999995,4.07,3991.83
2001-08-09,4.144,4.198,4.221,4.144,4727.07
2001-08-10,4.2410000000000005,4.2410000000000005,4.268,4.202,6486.69
2001-08-13,4.26,4.2330000000000005,4.26,4.171,4374.35
2001-08-14,4.194,4.144,4.229,4.105,3862.13
2001-08-15,4.125,4.1560000000000015,4.183,4.109,2281.31
2001-08-16,4.1560000000000015,4.101,4.21,4.09,2888.52
2001-08-17,4.101,4.074,4.117,4.066,3319.94
2001-08-20,4.066,4.082,4.113,4.066,2767.09
2001-08-21,4.086,4.144,4.183,4.086,2576.52
2001-08-22,4.07,4.109,4.163,4.008,9757.44
2001-08-23,4.047,4.078,4.109,4.02,3305.16
2001-08-24,4.0969999999999995,4.035,4.105,4.0280000000000005,2788.07
2001-08-27,4.012,3.865,4.012,3.8339999999999996,11472.63
2001-08-28,3.8569999999999998,3.912,3.912,3.7880000000000003,6410.53
2001-08-29,3.931,3.912,4.012,3.912,4337.39
2001-08-30,3.912,3.873,3.912,3.865,2398.18
2001-08-31,3.865,3.8689999999999998,3.912,3.8569999999999998,2057.63
2001-09-03,3.873,3.83,3.873,3.795,3060.38
2001-09-04,3.83,3.946,3.946,3.799,4749.48
2001-09-05,3.95,3.989,4.0969999999999995,3.95,7517.14
2001-09-06,4.008,3.989,4.074,3.97,3358.4
2001-09-07,3.9810000000000003,3.865,4.008,3.865,4942.68
2001-09-10,3.795,4.039,4.086,3.7880000000000003,14791.05
2001-09-11,4.063,4.012,4.066,3.997,4531.04
2001-09-12,3.873,3.9619999999999997,3.977,3.7569999999999997,10141.82
2001-09-13,3.989,3.943,4.008,3.943,2865.87
2001-09-14,3.943,3.9189999999999996,3.966,3.873,5466.25
2001-09-17,3.873,3.8689999999999998,3.931,3.865,5803.58
2001-09-18,3.853,3.97,3.97,3.853,4607.43
2001-09-19,3.989,4.02,4.0280000000000005,3.912,4537.41
2001-09-20,4.0280000000000005,3.95,4.047,3.943,3680.61
2001-09-21,3.931,3.877,3.946,3.8689999999999998,7356.99
2001-09-24,3.8810000000000002,3.873,3.9189999999999996,3.8569999999999998,3018.45
2001-09-25,3.8960000000000004,3.884,3.931,3.873,4017.04
2001-09-26,3.912,3.8569999999999998,3.912,3.85,2577.4
2001-09-27,3.853,3.838,3.8689999999999998,3.826,3322.98
2001-09-28,3.8339999999999996,3.8339999999999996,3.865,3.8339999999999996,1810.39
2001-10-08,3.8339999999999996,3.826,3.873,3.803,3813.37
2001-10-09,3.826,3.8689999999999998,3.9,3.803,3179.56
2001-10-10,3.9,3.6639999999999997,3.9,3.64,7830.27
2001-10-11,3.66,3.489,3.718,3.489,5823.61
2001-10-12,3.486,3.563,3.613,3.284,9221.43
2001-10-15,3.563,3.4930000000000003,3.5780000000000003,3.412,4169.45
2001-10-16,3.4930000000000003,3.4160000000000004,3.4930000000000003,3.408,2511.72
2001-10-17,3.408,3.315,3.4160000000000004,3.304,2919.99
2001-10-18,3.3110000000000004,3.214,3.3339999999999996,3.214,4282.53
2001-10-19,3.214,3.0439999999999996,3.2260000000000004,3.005,10151.97
2001-10-22,3.009,3.0980000000000003,3.137,2.943,20666.01
2001-10-23,3.408,3.408,3.408,3.2960000000000003,17143.25
2001-10-24,3.609,3.594,3.6710000000000003,3.5239999999999996,27567.21
2001-10-25,3.594,3.486,3.594,3.478,10374.14
2001-10-26,3.412,3.5239999999999996,3.5469999999999997,3.412,8652.7
2001-10-29,3.5239999999999996,3.528,3.563,3.505,3391.97
2001-10-30,3.5439999999999996,3.4,3.5439999999999996,3.4,6440.4
2001-10-31,3.3689999999999998,3.447,3.4619999999999997,3.3539999999999996,4123.17
2001-11-01,3.4619999999999997,3.4619999999999997,3.505,3.4389999999999996,3579.2
2001-11-02,3.47,3.486,3.528,3.4389999999999996,5252.84
2001-11-05,3.447,3.4160000000000004,3.5010000000000003,3.408,1967.0
2001-11-06,3.408,3.443,3.447,3.4,2238.02
2001-11-07,3.443,3.18,3.443,3.176,4899.6
2001-11-08,3.137,3.2960000000000003,3.323,3.0669999999999997,5965.42
2001-11-09,3.2960000000000003,3.346,3.3689999999999998,3.2110000000000003,5481.61
2001-11-12,3.3310000000000004,3.292,3.35,3.2880000000000003,1321.48
2001-11-13,3.199,3.2880000000000003,3.292,3.199,1638.87
2001-11-14,3.284,3.304,3.315,3.238,2079.23
2001-11-15,3.2689999999999997,3.2760000000000002,3.3110000000000004,3.253,1169.43
2001-11-16,3.563,3.323,3.602,3.3,7340.25
2001-11-19,3.2760000000000002,3.389,3.389,3.273,2469.07
2001-11-20,3.3930000000000002,3.455,3.4819999999999998,3.3930000000000002,5194.28
2001-11-21,3.451,3.513,3.517,3.4160000000000004,7344.14
2001-11-22,3.505,3.513,3.532,3.486,4955.76
2001-11-23,3.551,3.563,3.66,3.532,13228.98
2001-11-26,3.5589999999999997,3.52,3.5589999999999997,3.497,7038.48
2001-11-27,3.5239999999999996,3.582,3.5860000000000003,3.513,5464.29
2001-11-28,3.594,3.6289999999999996,3.64,3.5669999999999997,8643.39
2001-11-29,3.679,3.675,3.795,3.66,25255.75
2001-11-30,3.687,3.733,3.737,3.687,10830.23
2001-12-03,3.737,3.8110000000000004,3.85,3.737,17371.68
2001-12-04,3.85,3.826,3.85,3.795,9501.89
2001-12-05,3.8339999999999996,3.737,3.8339999999999996,3.718,14818.85
2001-12-06,3.718,3.819,3.819,3.71,9075.41
2001-12-07,3.8110000000000004,3.795,3.842,3.784,5420.89
2001-12-10,3.784,3.8339999999999996,3.842,3.6910000000000003,5353.23
2001-12-11,3.795,3.815,3.884,3.795,10999.05
2001-12-12,3.8110000000000004,3.819,3.861,3.795,9813.52
2001-12-13,3.8339999999999996,3.73,3.8569999999999998,3.73,6991.72
2001-12-14,3.679,3.6639999999999997,3.741,3.64,10283.21
2001-12-17,3.66,3.702,3.718,3.625,5939.73
2001-12-18,3.679,3.78,3.784,3.679,4475.32
2001-12-19,3.78,3.7489999999999997,3.815,3.741,5806.22
2001-12-20,3.7060000000000004,3.7489999999999997,3.7489999999999997,3.64,9414.0
2001-12-21,3.718,3.888,3.912,3.718,39723.19
2001-12-24,3.904,3.846,3.912,3.8339999999999996,18271.73
2001-12-25,3.865,3.888,3.892,3.826,17744.63
2001-12-26,3.892,3.943,3.966,3.873,14442.35
2001-12-27,3.9539999999999997,3.908,3.958,3.9,10038.27
2001-12-28,3.912,3.912,3.931,3.8689999999999998,12307.85
2001-12-31,3.915,3.8569999999999998,3.931,3.8339999999999996,8747.12
2002-01-04,3.861,3.7880000000000003,3.861,3.78,5616.29
2002-01-07,3.7260000000000004,3.7489999999999997,3.772,3.71,5996.53
2002-01-08,3.737,3.7680000000000002,3.842,3.7260000000000004,4824.55
2002-01-09,3.7489999999999997,3.838,3.846,3.702,21215.08
2002-01-10,3.826,3.8339999999999996,3.846,3.679,22744.13
2002-01-11,3.85,3.741,3.85,3.7260000000000004,5252.04
2002-01-14,3.687,3.528,3.718,3.517,11003.99
2002-01-15,3.486,3.4930000000000003,3.582,3.4389999999999996,9855.97
2002-01-16,3.486,3.563,3.563,3.3110000000000004,17292.12
2002-01-17,3.497,3.451,3.582,3.3689999999999998,24196.25
2002-01-18,3.408,3.505,3.5669999999999997,3.3310000000000004,14734.24
2002-01-21,3.5239999999999996,3.346,3.5239999999999996,3.3339999999999996,6402.59
2002-01-22,3.327,3.412,3.505,3.3110000000000004,7489.11
2002-01-23,3.408,3.675,3.699,3.362,11130.67
2002-01-24,3.633,3.625,3.71,3.5239999999999996,15256.12
2002-01-25,3.6289999999999996,3.6210000000000004,3.6639999999999997,3.563,5109.23
2002-01-28,3.5239999999999996,3.389,3.617,3.389,10972.75
2002-01-29,3.3539999999999996,3.447,3.513,3.3310000000000004,4346.65
2002-01-30,3.486,3.447,3.486,3.4,2954.62
2002-01-31,3.513,3.648,3.733,3.5010000000000003,25214.68
2002-02-01,3.66,3.679,3.718,3.633,18434.76
2002-02-04,3.699,3.71,3.714,3.633,12589.46
2002-02-05,3.718,3.718,3.737,3.6830000000000003,8188.61
2002-02-06,3.7260000000000004,3.6060000000000003,3.733,3.5860000000000003,11609.79
2002-02-07,3.582,3.7060000000000004,3.7880000000000003,3.582,10091.66
2002-02-08,3.7489999999999997,3.695,3.7569999999999997,3.6830000000000003,6165.38
2002-02-25,3.7760000000000002,3.8339999999999996,3.853,3.7489999999999997,14092.76
2002-02-26,3.826,3.8339999999999996,3.865,3.764,6599.73
2002-02-27,3.853,3.9,3.931,3.8339999999999996,15411.03
2002-02-28,3.892,3.8110000000000004,3.912,3.795,5861.9
2002-03-01,3.795,3.78,3.826,3.764,5407.37
2002-03-04,3.795,3.842,3.842,3.7760000000000002,4725.63
2002-03-05,3.846,3.908,3.966,3.846,16080.3
2002-03-06,3.912,3.888,3.966,3.877,17560.06
2002-03-07,3.892,3.9539999999999997,3.958,3.865,22554.14
2002-03-08,3.989,4.016,4.144,3.931,46173.35
2002-03-11,4.07,4.178999999999999,4.206,3.97,41528.71
2002-03-12,4.136,4.024,4.221,3.989,27004.52
2002-03-13,3.997,3.9619999999999997,4.047,3.958,11769.83
2002-03-14,3.966,4.032,4.039,3.8960000000000004,18173.7
2002-03-15,4.047,3.8810000000000002,4.086,3.877,11886.26
2002-03-18,3.989,3.85,4.024,3.819,12048.74
2002-03-19,3.853,3.923,3.95,3.85,9176.49
2002-03-20,3.946,3.943,3.9810000000000003,3.908,10632.27
2002-03-21,3.943,3.9539999999999997,4.008,3.908,14524.79
2002-03-22,3.9619999999999997,3.912,3.9810000000000003,3.892,7943.9
2002-03-25,3.9189999999999996,3.912,3.927,3.865,5280.45
2002-03-26,3.912,3.884,3.931,3.865,6953.44
2002-03-27,3.8810000000000002,3.8689999999999998,3.908,3.85,5824.19
2002-03-28,3.8810000000000002,3.865,3.892,3.8569999999999998,5585.81
2002-03-29,3.861,3.733,3.904,3.656,14657.09
2002-04-01,3.7260000000000004,3.64,3.733,3.609,10360.51
2002-04-02,3.6439999999999997,3.625,3.679,3.594,8187.15
2002-04-03,3.625,3.679,3.687,3.617,5809.45
2002-04-04,3.6639999999999997,3.784,3.7880000000000003,3.6289999999999996,7269.03
2002-04-05,3.815,3.753,3.873,3.737,26262.02
2002-04-08,3.7489999999999997,3.733,3.76,3.699,5438.66
2002-04-09,3.737,3.8110000000000004,3.8339999999999996,3.679,11168.71
2002-04-10,3.83,3.815,3.861,3.7760000000000002,8159.31
2002-04-11,3.815,3.764,3.861,3.76,4205.72
2002-04-12,3.7569999999999997,3.76,3.7880000000000003,3.7489999999999997,3318.86
2002-04-15,3.7760000000000002,3.7910000000000004,3.795,3.679,8515.3
2002-04-16,3.7760000000000002,3.7880000000000003,3.83,3.753,2651.01
2002-04-17,3.7910000000000004,3.78,3.795,3.718,3015.25
2002-04-19,3.679,3.795,3.803,3.6710000000000003,7788.18
2002-04-22,3.795,3.7489999999999997,3.795,3.718,2851.3
2002-04-23,3.795,3.795,3.8110000000000004,3.745,6740.68
2002-04-24,3.795,3.861,3.892,3.7569999999999997,50599.36
2002-04-25,3.8689999999999998,3.8689999999999998,3.873,3.799,10364.45
2002-04-26,3.8689999999999998,3.912,3.912,3.8339999999999996,13792.76
2002-04-29,3.912,3.9930000000000003,4.001,3.884,26286.25
2002-04-30,3.9930000000000003,3.946,4.001,3.9389999999999996,10542.04
2002-05-08,3.931,3.888,3.931,3.8810000000000002,4729.44
2002-05-09,3.892,3.873,3.912,3.8569999999999998,5214.71
2002-05-10,3.877,3.8689999999999998,3.9389999999999996,3.861,5550.68
2002-05-13,3.8569999999999998,3.826,3.865,3.807,5885.51
2002-05-14,3.795,3.8110000000000004,3.865,3.795,3630.39
2002-05-15,3.795,3.819,3.83,3.7569999999999997,9068.46
2002-05-16,3.764,3.7260000000000004,3.795,3.702,10971.65
2002-05-17,3.718,3.83,3.8339999999999996,3.66,11881.19
2002-05-20,3.795,3.807,3.815,3.699,4787.09
2002-05-21,3.853,3.931,3.989,3.815,71851.05
2002-05-22,3.904,3.8569999999999998,3.97,3.838,37602.6
2002-05-23,3.873,3.865,3.931,3.85,16662.42
2002-05-24,3.8689999999999998,3.7569999999999997,3.892,3.745,10032.43
2002-05-27,3.7910000000000004,3.741,3.826,3.714,7132.15
2002-05-28,3.7910000000000004,3.861,3.908,3.7569999999999997,29435.69
2002-05-29,3.838,3.741,3.838,3.733,7840.26
2002-05-30,3.7569999999999997,3.819,3.819,3.714,7312.46
2002-05-31,3.7760000000000002,3.7760000000000002,3.822,3.745,3011.73
2002-06-03,3.7760000000000002,3.702,3.7760000000000002,3.6710000000000003,8956.73
2002-06-05,3.718,3.617,3.718,3.602,9783.33
2002-06-06,3.617,3.741,3.815,3.532,8840.09
2002-06-07,3.753,3.741,3.7880000000000003,3.675,7721.9
2002-06-10,3.7489999999999997,3.6910000000000003,3.7489999999999997,3.679,4131.72
2002-06-11,3.6910000000000003,3.687,3.7260000000000004,3.679,3996.92
2002-06-12,3.699,3.64,3.699,3.613,4918.79
2002-06-13,3.633,3.675,3.695,3.625,4623.52
2002-06-14,3.6289999999999996,3.733,3.764,3.6210000000000004,8966.52
2002-06-17,3.679,3.795,3.815,3.6710000000000003,10279.07
2002-06-18,3.78,3.807,3.8339999999999996,3.7760000000000002,8138.19
2002-06-19,3.815,3.7260000000000004,3.826,3.722,2719.0
2002-06-20,3.718,3.722,3.7760000000000002,3.702,2433.77
2002-06-21,3.722,3.8339999999999996,3.861,3.722,13623.89
2002-06-24,4.217,4.217,4.217,4.093999999999999,124262.24
2002-06-25,4.376,4.4030000000000005,4.523,4.183,92742.22
2002-06-26,4.3069999999999995,4.4030000000000005,4.438,4.221,45223.84
2002-06-27,4.388,4.636,4.647,4.334,86937.75
2002-06-28,4.593,4.512,4.632,4.454,40170.83
2002-07-01,4.512,4.423,4.551,4.415,13745.62
2002-07-02,4.419,4.52,4.547,4.388,15045.25
2002-07-03,4.504,4.512,4.547,4.477,11553.89
2002-07-04,4.492,4.45,4.543,4.438,15890.69
2002-07-05,4.434,4.527,4.547,4.423,6497.28
2002-07-08,4.551,4.601,4.609,4.5310000000000015,20763.68
2002-07-09,4.582,4.539,4.609,4.539,7033.91
2002-07-10,4.535,4.454,4.547,4.45,11686.5
2002-07-11,4.45,4.4460000000000015,4.485,4.423,10043.53
2002-07-12,4.4460000000000015,4.458,4.485,4.434,6873.06
2002-07-15,4.461,4.415,4.461,4.399,5262.41
2002-07-16,4.415,4.423,4.468999999999999,4.4030000000000005,5312.75
2002-07-17,4.423,4.52,4.523,4.376,8405.29
2002-07-19,4.5310000000000015,4.52,4.551,4.454,10737.09
2002-07-22,4.551,4.605,4.686,4.5310000000000015,46129.51
2002-07-23,4.5889999999999995,4.57,4.643,4.551,13712.29
2002-07-24,4.5310000000000015,4.5969999999999995,4.636,4.5310000000000015,16770.57
2002-07-25,4.637,4.574,4.648,4.57,9904.01
2002-07-26,4.574,4.578,4.617,4.538,8648.9
2002-07-29,4.581,4.553999999999999,4.609,4.503,8297.68
2002-07-30,4.553999999999999,4.546,4.57,4.515,5606.29
2002-07-31,4.553999999999999,4.553999999999999,4.601,4.538,4849.05
2002-08-01,4.53,4.542,4.562,4.515,6950.04
2002-08-02,4.562,4.53,4.574,4.526,7997.18
2002-08-05,4.53,4.479,4.53,4.479,5027.59
2002-08-06,4.471,4.562,4.574,4.448,4167.4
2002-08-07,4.546,4.542,4.562,4.511,1643.95
2002-08-08,4.55,4.558,4.601,4.53,4407.65
2002-08-09,4.562,4.526,4.5969999999999995,4.515,2676.29
2002-08-12,4.511,4.455,4.53,4.4510000000000005,3204.8
2002-08-13,4.4510000000000005,4.4510000000000005,4.4910000000000005,4.412,5866.76
2002-08-14,4.463,4.507,4.515,4.428,2483.76
2002-08-15,4.4910000000000005,4.444,4.4910000000000005,4.44,1162.23
2002-08-16,4.4510000000000005,4.526,4.534,4.428,5591.9
2002-08-19,4.507,4.507,4.538,4.487,1549.82
2002-08-20,4.4910000000000005,4.55,4.57,4.471,5919.59
2002-08-21,4.55,4.57,4.585,4.53,5839.06
2002-08-22,4.57,4.601,4.633,4.538,16504.81
2002-08-23,4.593,4.57,4.625,4.553999999999999,4975.74
2002-08-26,4.57,4.57,4.605,4.534,5070.31
2002-08-27,4.558,4.578,4.5969999999999995,4.558,5425.24
2002-08-28,4.578,4.4910000000000005,4.5889999999999995,4.487,9680.07
2002-08-29,4.55,4.609,4.7,4.55,28705.47
2002-08-30,4.57,4.57,4.629,4.553999999999999,9519.13
2002-09-02,4.57,4.566,4.629,4.53,6295.7
2002-09-03,4.574,4.593,4.617,4.574,5965.49
2002-09-04,4.593,4.57,4.609,4.566,5048.22
2002-09-05,4.562,4.515,4.562,4.4910000000000005,12325.52
2002-09-06,4.511,4.436,4.53,4.428,14796.3
2002-09-09,4.3919999999999995,4.436,4.455,4.388,6022.9
2002-09-10,4.436,4.475,4.53,4.436,6670.88
2002-09-11,4.4910000000000005,4.444,4.4910000000000005,4.412,8780.6
2002-09-12,4.4510000000000005,4.455,4.4910000000000005,4.416,2412.49
2002-09-13,4.459,4.4510000000000005,4.479,4.44,1357.72
2002-09-16,4.4510000000000005,4.282,4.4510000000000005,4.282,22242.0
2002-09-17,4.255,4.314,4.349,4.255,7733.19
2002-09-18,4.2860000000000005,4.223,4.294,4.218999999999999,3976.4
2002-09-19,4.218999999999999,4.3210000000000015,4.373,4.203,4234.82
2002-09-20,4.373,4.388,4.3919999999999995,4.298,5682.49
2002-09-23,4.3919999999999995,4.4319999999999995,4.4319999999999995,4.373,3692.36
2002-09-24,4.4319999999999995,4.365,4.4319999999999995,4.329,4927.21
2002-09-25,4.412,4.341,4.412,4.341,2068.58
2002-09-26,4.341,4.298,4.4,4.294,2310.0
2002-09-27,4.31,4.337,4.388,4.255,6547.87
2002-10-08,4.373,4.251,4.373,4.203,3701.76
2002-10-09,4.211,4.211,4.227,4.176,3780.0
2002-10-10,4.195,4.077,4.207,4.077,7036.0
2002-10-11,4.077,4.053999999999999,4.113,4.018,6216.69
2002-10-14,4.018,4.077,4.113,4.018,1887.63
2002-10-15,4.058,4.065,4.117,4.058,1172.3
2002-10-16,4.022,4.093,4.132,4.022,2454.79
2002-10-17,4.117,4.061,4.117,4.042,3874.38
2002-10-18,4.081,4.058,4.105,4.042,1594.65
2002-10-21,4.0969999999999995,4.065,4.0969999999999995,4.03,1112.94
2002-10-22,4.038,4.132,4.152,4.038,2576.8
2002-10-23,4.121,4.168,4.168,4.0969999999999995,2061.37
2002-10-24,4.168,4.136,4.191,4.128,4126.54
2002-10-25,4.136,4.065,4.176,4.038,3744.45
2002-10-28,4.042,4.058,4.081,4.03,2081.27
2002-10-29,4.034,4.085,4.0889999999999995,4.034,2036.54
2002-10-30,4.093,4.101,4.215,4.05,13688.31
2002-10-31,4.121,4.136,4.184,4.093,2326.87
2002-11-01,4.121,4.152,4.176,4.117,2069.68
2002-11-04,4.195,4.235,4.412,4.152,4768.21
2002-11-05,4.266,4.255,4.31,4.215,10929.99
2002-11-06,4.255,4.251,4.262,4.235,2010.32
2002-11-07,4.29,4.274,4.3180000000000005,4.255,5775.09
2002-11-08,4.274,4.1560000000000015,4.341,4.152,5495.69
2002-11-11,4.176,4.101,4.188,4.0969999999999995,4656.95
2002-11-12,4.136,4.125,4.207,4.073,4762.6
2002-11-13,4.077,4.117,4.136,4.034,3378.8
2002-11-14,4.081,4.053999999999999,4.136,4.038,2028.52
2002-11-15,4.018,4.058,4.117,4.002,7523.82
2002-11-18,4.058,3.951,4.061,3.9389999999999996,7345.59
2002-11-19,3.943,3.995,3.998,3.943,2048.82
2002-11-20,3.9389999999999996,3.975,3.995,3.931,5107.49
2002-11-21,3.9389999999999996,3.951,3.987,3.9389999999999996,8251.4
2002-11-22,3.9389999999999996,3.987,3.998,3.92,6817.0
2002-11-25,3.9389999999999996,4.022,4.073,3.9389999999999996,4009.76
2002-11-26,4.018,3.9389999999999996,4.073,3.928,2661.78
2002-11-27,3.943,3.947,3.967,3.908,2736.02
2002-11-28,3.9389999999999996,4.018,4.034,3.931,1810.08
2002-11-29,4.058,4.069,4.109,4.01,4739.34
2002-12-02,4.022,3.955,4.069,3.943,2522.0
2002-12-03,3.9389999999999996,3.963,4.01,3.931,3253.84
2002-12-04,3.9589999999999996,3.951,3.998,3.9389999999999996,3068.14
2002-12-05,3.947,3.9160000000000004,3.971,3.908,3493.62
2002-12-06,3.912,3.884,3.9589999999999996,3.884,4644.62
2002-12-09,3.88,3.872,3.888,3.8289999999999997,4847.44
2002-12-10,3.872,3.801,3.892,3.801,5451.0
2002-12-11,3.786,3.821,3.821,3.762,3499.7
2002-12-12,3.786,3.872,3.872,3.786,2966.47
2002-12-13,3.853,3.8760000000000003,3.9,3.813,2423.23
2002-12-16,3.865,3.9,3.9,3.861,986.92
2002-12-17,3.888,3.9,3.92,3.888,1800.41
2002-12-18,3.9,3.865,3.924,3.861,2873.84
2002-12-19,3.92,3.8680000000000003,3.92,3.845,3451.29
2002-12-20,3.872,3.908,3.9389999999999996,3.8489999999999998,2912.02
2002-12-23,3.924,3.904,3.947,3.888,6317.4
2002-12-24,3.9,3.904,3.92,3.888,7710.88
2002-12-25,3.9160000000000004,3.872,3.924,3.8680000000000003,33696.71
2002-12-26,3.8760000000000003,3.865,3.9389999999999996,3.801,5432.61
2002-12-27,3.821,3.892,3.904,3.7739999999999996,2259.91
2002-12-30,3.861,3.782,3.861,3.778,17980.29
2002-12-31,3.786,3.801,3.8289999999999997,3.738,5837.92
2003-01-02,3.735,3.64,3.735,3.636,2772.17
2003-01-03,3.64,3.577,3.64,3.565,4209.11
2003-01-06,3.577,3.6319999999999997,3.6439999999999997,3.569,2673.34
2003-01-07,3.6239999999999997,3.636,3.6830000000000003,3.6239999999999997,1433.25
2003-01-08,3.616,3.8169999999999997,3.841,3.608,4853.23
2003-01-09,3.742,3.8489999999999998,3.872,3.742,4868.82
2003-01-10,3.758,3.8169999999999997,3.9,3.758,2942.97
2003-01-13,3.8169999999999997,3.845,3.8760000000000003,3.801,2019.41
2003-01-14,3.861,4.034,4.132,3.825,10538.29
2003-01-15,4.002,4.038,4.058,3.995,10358.09
2003-01-16,4.038,4.085,4.093,3.975,11581.99
2003-01-17,4.0969999999999995,4.093,4.0969999999999995,4.002,6686.37
2003-01-20,4.077,4.125,4.128,4.006,6818.36
2003-01-21,4.117,4.038,4.211,4.034,7402.85
2003-01-22,4.018,4.018,4.05,3.987,4204.92
2003-01-23,4.058,3.9789999999999996,4.061,3.9789999999999996,2280.65
2003-01-24,3.9789999999999996,4.002,4.034,3.955,1377.72
2003-01-27,4.01,4.013999999999999,4.05,4.002,2852.54
2003-01-28,4.022,4.026,4.065,4.01,1992.54
2003-01-29,4.03,4.03,4.038,4.01,6465.5
2003-02-10,4.053999999999999,4.05,4.121,4.013999999999999,3796.38
2003-02-11,4.042,4.053999999999999,4.053999999999999,3.998,4769.86
2003-02-12,4.026,4.077,4.077,4.002,5774.52
2003-02-13,4.077,4.05,4.077,4.01,4082.68
2003-02-14,4.006,4.002,4.058,4.002,7655.1
2003-02-17,4.026,3.9389999999999996,4.026,3.928,8222.0
2003-02-18,3.9389999999999996,3.9789999999999996,3.991,3.931,4923.74
2003-02-19,3.9789999999999996,4.01,4.013999999999999,3.967,2348.16
2003-02-20,4.069,4.101,4.105,4.038,8655.59
2003-02-21,4.101,4.013999999999999,4.101,4.01,6522.5
2003-02-24,3.983,4.006,4.013999999999999,3.975,4801.7
2003-02-25,3.983,4.065,4.081,3.9789999999999996,3470.6
2003-02-26,4.093,4.065,4.093,4.01,3751.69
2003-02-27,4.077,4.081,4.109,4.058,4957.26
2003-02-28,4.0969999999999995,4.14,4.16,4.0969999999999995,10643.39
2003-03-03,4.176,4.203,4.223,4.121,11193.89
2003-03-04,4.211,4.136,4.223,4.128,4955.0
2003-03-05,4.136,4.125,4.168,4.077,6743.08
2003-03-06,4.0969999999999995,4.085,4.113,4.081,3579.63
2003-03-07,4.077,4.038,4.0889999999999995,4.034,5678.79
2003-03-10,4.038,3.983,4.058,3.9789999999999996,4539.8
2003-03-11,3.9589999999999996,3.987,3.987,3.955,1381.09
2003-03-12,3.987,3.987,4.006,3.947,4200.79
2003-03-13,3.991,4.026,4.065,3.9589999999999996,2846.44
2003-03-14,4.022,4.101,4.128,4.022,7614.23
2003-03-17,4.105,4.132,4.14,4.061,5092.1
2003-03-18,4.14,4.093,4.152,4.0889999999999995,9660.59
2003-03-19,3.998,4.117,4.132,3.998,6092.06
2003-03-20,4.117,4.128,4.184,4.058,9568.75
2003-03-21,4.121,4.117,4.16,4.077,2254.0
2003-03-24,4.081,4.117,4.1560000000000015,4.081,1114.06
2003-03-25,4.136,4.117,4.148,4.081,3335.23
2003-03-26,4.128,4.117,4.128,4.081,4870.4
2003-03-27,4.085,4.18,4.195,4.073,8981.14
2003-03-28,4.18,4.274,4.2860000000000005,4.14,29497.74
2003-03-31,4.274,4.3210000000000015,4.349,4.247,24108.94
2003-04-01,4.294,4.3180000000000005,4.357,4.266,18538.35
2003-04-02,4.294,4.243,4.333,4.235,11387.04
2003-04-03,4.258,4.298,4.298,4.215,9515.12
2003-04-04,4.2780000000000005,4.373,4.3919999999999995,4.2780000000000005,25202.77
2003-04-07,4.3919999999999995,4.381,4.455,4.337,29278.21
2003-04-08,4.412,4.3610000000000015,4.4239999999999995,4.353,11803.37
2003-04-09,4.365,4.428,4.448,4.3180000000000005,13610.38
2003-04-10,4.444,4.4910000000000005,4.499,4.357,31899.66
2003-04-11,4.495,4.522,4.574,4.408,23802.88
2003-04-14,4.53,4.668,4.747,4.53,38857.32
2003-04-15,4.609,4.763,4.7780000000000005,4.609,49572.11
2003-04-16,4.7669999999999995,4.676,5.082,4.629,105541.18
2003-04-17,4.68,4.743,4.7860000000000005,4.629,36183.62
2003-04-18,4.727,4.715,4.798,4.633,27032.03
2003-04-21,4.648,4.585,4.652,4.444,33883.11
2003-04-22,4.566,4.601,4.613,4.534,8742.15
2003-04-23,4.5889999999999995,4.5969999999999995,4.648,4.4910000000000005,12206.71
2003-04-24,4.57,4.385,4.57,4.369,14676.46
2003-04-25,4.294,4.2780000000000005,4.4319999999999995,4.2780000000000005,11145.45
2003-04-28,4.266,4.55,4.609,4.195,27175.25
2003-04-29,4.4910000000000005,4.53,4.629,4.4510000000000005,28914.66
2003-04-30,4.471,4.542,4.629,4.471,16481.86
2003-05-12,4.53,4.763,4.7860000000000005,4.522,51585.17
2003-05-13,4.81,4.585,4.83,4.566,27097.95
2003-05-14,4.57,4.672,4.688,4.553999999999999,12951.24
2003-05-15,4.672,4.881,4.9239999999999995,4.672,68529.55
2003-05-16,4.905,4.897,4.916,4.81,28328.99
2003-05-19,4.885,4.881,4.9830000000000005,4.8260000000000005,18477.44
2003-05-20,4.885,4.806,4.885,4.731,15226.6
2003-05-21,4.806,4.731,4.838,4.708,20956.55
2003-05-22,4.723,4.877,4.901,4.688,23254.31
2003-05-23,4.877,4.948,4.9639999999999995,4.841,28887.66
2003-05-26,4.971,4.92,5.003,4.888999999999999,20027.07
2003-05-27,4.916,4.905,4.9639999999999995,4.857,21985.01
2003-05-28,4.905,4.731,4.944,4.7,34165.74
2003-05-29,4.731,4.718999999999999,4.775,4.6560000000000015,26575.69
2003-05-30,4.727,4.723,4.798,4.704,14231.24
2003-06-02,4.708,4.684,4.743,4.617,12337.22
2003-06-03,4.68,4.668,4.7669999999999995,4.648,44236.9
2003-06-04,4.593,4.684,4.692,4.593,10911.27
2003-06-05,4.684,4.641,4.688,4.641,8832.76
2003-06-06,4.648,4.526,4.6960000000000015,4.499,9635.36
2003-06-09,4.515,4.534,4.5889999999999995,4.511,6649.94
2003-06-10,4.55,4.57,4.605,4.55,5013.8
2003-06-11,4.57,4.629,4.637,4.558,14650.86
2003-06-13,4.625,4.68,4.743,4.613,20021.86
2003-06-16,4.723,4.664,4.723,4.629,3417.01
2003-06-17,4.629,4.648,4.7,4.629,3600.55
2003-06-18,4.633,4.629,4.684,4.629,4133.23
2003-06-19,4.633,4.637,4.648,4.522,15080.21
2003-06-20,4.609,4.566,4.609,4.55,2236.5
2003-06-23,4.566,4.4510000000000005,4.57,4.436,9076.66
2003-06-24,4.408,4.428,4.455,4.373,5934.79
2003-06-25,4.428,4.507,4.53,4.412,6810.06
2003-06-26,4.4830000000000005,4.511,4.518,4.428,4755.66
2003-06-27,4.4830000000000005,4.475,4.515,4.463,4539.43
2003-06-30,4.471,4.4510000000000005,4.4830000000000005,4.3919999999999995,4822.73
2003-07-01,4.463,4.515,4.518,4.4319999999999995,4350.97
2003-07-02,4.507,4.522,4.542,4.436,7318.0
2003-07-03,4.475,4.534,4.538,4.475,4721.02
2003-07-04,4.534,4.4510000000000005,4.55,4.4319999999999995,6942.66
2003-07-07,4.4319999999999995,4.4910000000000005,4.515,4.4319999999999995,9730.41
2003-07-08,4.4910000000000005,4.53,4.566,4.4830000000000005,9535.88
2003-07-09,4.53,4.487,4.53,4.4830000000000005,1445.68
2003-07-10,4.495,4.585,4.5889999999999995,4.475,12402.88
2003-07-11,4.57,4.645,4.668,4.566,16072.01
2003-07-14,4.645,4.692,4.723,4.641,17325.76
2003-07-15,4.692,4.711,4.735,4.672,17922.28
2003-07-16,4.727,4.692,4.731,4.645,10939.4
2003-07-17,4.718999999999999,4.731,4.735,4.648,30499.69
2003-07-18,4.718999999999999,4.641,4.806,4.633,17997.67
2003-07-21,4.648,4.68,4.718999999999999,4.609,19140.56
2003-07-22,4.688,4.7780000000000005,4.802,4.688,22877.18
2003-07-23,4.782,4.798,4.8260000000000005,4.751,13435.6
2003-07-24,4.798,4.743,4.822,4.731,5255.57
2003-07-25,4.7589999999999995,4.688,4.7669999999999995,4.648,11871.42
2003-07-28,4.652,4.692,4.6960000000000015,4.625,6197.11
2003-07-29,4.708,4.735,4.747,4.692,4106.99
2003-07-30,4.747,4.743,4.775,4.711,5786.59
2003-07-31,4.727,4.775,4.794,4.711,9572.64
2003-08-01,4.775,4.7669999999999995,4.791,4.703,17632.65
2003-08-04,4.739,4.815,4.823,4.739,8304.97
2003-08-05,4.8069999999999995,4.819,4.8469999999999995,4.783,8106.99
2003-08-06,4.819,4.7989999999999995,4.819,4.755,8305.0
2003-08-07,4.7989999999999995,4.795,4.815,4.775,4235.22
2003-08-08,4.775,4.771,4.779,4.747,6005.47
2003-08-11,4.747,4.715,4.751,4.678999999999999,5818.67
2003-08-12,4.691,4.691,4.747,4.667,3242.0
2003-08-13,4.651,4.667,4.727,4.651,2252.91
2003-08-14,4.667,4.647,4.718999999999999,4.631,3707.23
2003-08-15,4.647,4.619,4.655,4.591,6964.61
2003-08-18,4.587,4.607,4.619,4.587,4847.86
2003-08-19,4.579,4.607,4.638999999999999,4.567,2454.31
2003-08-20,4.607,4.587,4.627,4.559,2801.0
2003-08-21,4.587,4.563,4.607,4.559,4381.07
2003-08-22,4.5710000000000015,4.607,4.631,4.563,3730.88
2003-08-25,4.4060000000000015,4.5710000000000015,4.607,4.4060000000000015,3137.22
2003-08-26,4.567,4.579,4.607,4.547,2057.97
2003-08-27,4.607,4.595,4.643,4.567,1887.06
2003-08-28,4.487,4.555,4.627,4.487,1660.53
2003-08-29,4.555,4.619,4.627,4.547,4107.1
2003-09-01,4.627,4.703,4.711,4.607,6131.53
2003-09-02,4.707,4.683,4.727,4.647,4207.88
2003-09-03,4.687,4.675,4.707,4.667,4122.66
2003-09-04,4.667,4.663,4.707,4.651,4743.59
2003-09-05,4.627,4.647,4.651,4.603,3969.64
2003-09-08,4.627,4.6110000000000015,4.627,4.579,3333.57
2003-09-09,4.587,4.4830000000000005,4.627,4.471,6763.69
2003-09-10,4.4830000000000005,4.471,4.4830000000000005,4.4430000000000005,7170.5
2003-09-11,4.459,4.4510000000000005,4.499,4.4430000000000005,2241.58
2003-09-12,4.4510000000000005,4.459,4.527,4.4510000000000005,1817.28
2003-09-15,4.463,4.447,4.507,4.4060000000000015,3142.74
2003-09-16,4.447,4.43,4.467,4.374,4383.48
2003-09-17,4.4060000000000015,4.4060000000000015,4.426,4.3660000000000005,3144.55
2003-09-18,4.39,4.426,4.426,4.378,1836.64
2003-09-19,4.4060000000000015,4.43,4.4430000000000005,4.4060000000000015,887.02
2003-09-22,4.426,4.378,4.426,4.3660000000000005,1184.75
2003-09-23,4.21,4.39,4.39,4.21,3592.49
2003-09-24,4.386,4.386,4.426,4.362,899.24
2003-09-25,4.402,4.346,4.447,4.314,2835.48
2003-09-26,4.35,4.33,4.402,4.33,2730.15
2003-09-29,4.334,4.302,4.334,4.238,3798.67
2003-09-30,4.2780000000000005,4.3260000000000005,4.3260000000000005,4.2780000000000005,2234.88
2003-10-08,4.31,4.3260000000000005,4.33,4.206,2037.37
2003-10-09,4.246,4.322,4.378,4.246,4342.87
2003-10-10,4.2860000000000005,4.4430000000000005,4.4510000000000005,4.2860000000000005,5494.25
2003-10-13,4.4060000000000015,4.378,4.4430000000000005,4.3660000000000005,1589.0
2003-10-14,4.39,4.39,4.4430000000000005,4.322,4063.6
2003-10-15,4.374,4.386,4.426,4.206,1663.99
2003-10-16,4.3580000000000005,4.3260000000000005,4.402,4.29,982.5
2003-10-17,4.346,4.3580000000000005,4.3660000000000005,4.3260000000000005,955.05
2003-10-20,4.3660000000000005,4.29,4.3660000000000005,4.2780000000000005,2369.15
2003-10-21,4.306,4.302,4.306,4.246,1125.72
2003-10-22,4.298,4.4510000000000005,4.487,4.2780000000000005,7535.26
2003-10-23,4.459,4.41,4.495,4.4060000000000015,4859.16
2003-10-24,4.41,4.438,4.447,4.398,3355.37
2003-10-27,4.438,4.447,4.4830000000000005,4.4060000000000015,3220.02
2003-10-28,4.334,4.471,4.495,4.154,4503.19
2003-10-29,4.434,4.467,4.487,4.402,4340.48
2003-10-30,4.3660000000000005,4.503,4.507,4.3660000000000005,4661.93
2003-10-31,4.487,4.575,4.607,4.418,6283.92
2003-11-03,4.547,4.591,4.647,4.515,14265.37
2003-11-04,4.607,4.587,4.718999999999999,4.567,11323.73
2003-11-05,4.567,4.583,4.607,4.527,3074.53
2003-11-06,4.5710000000000015,4.4830000000000005,4.5710000000000015,4.4060000000000015,11177.6
2003-11-07,4.459,4.37,4.479,4.346,8333.88
2003-11-10,4.3260000000000005,4.398,4.398,4.3260000000000005,6792.26
2003-11-11,4.374,4.346,4.4430000000000005,4.206,9867.22
2003-11-12,4.3580000000000005,4.282,4.3580000000000005,4.226,3862.36
2003-11-13,4.282,4.282,4.294,4.186,6960.07
2003-11-14,4.282,4.282,4.322,4.234,4366.0
2003-11-17,4.254,4.2780000000000005,4.2860000000000005,4.246,1472.91
2003-11-18,4.2860000000000005,4.2860000000000005,4.322,4.226,7364.27
2003-11-19,4.294,4.306,4.306,4.266,2744.99
2003-11-20,4.294,4.3660000000000005,4.438,4.2780000000000005,8423.57
2003-11-21,4.3660000000000005,4.2780000000000005,4.398,4.254,4484.88
2003-11-24,4.266,4.378,4.39,4.218,4925.65
2003-11-25,4.378,4.374,4.426,4.3180000000000005,5009.66
2003-11-26,4.3580000000000005,4.3260000000000005,4.37,4.2860000000000005,3704.53
2003-11-27,4.2860000000000005,4.23,4.294,4.2139999999999995,8177.7
2003-11-28,4.258,4.1739999999999995,4.2860000000000005,4.154,13596.09
2003-12-01,4.166,4.206,4.246,4.154,9905.48
2003-12-02,4.226,4.2860000000000005,4.31,4.186,30436.95
2003-12-03,4.29,4.254,4.306,4.238,15526.93
2003-12-04,4.254,4.198,4.2780000000000005,4.166,12319.4
2003-12-05,4.21,4.166,4.2139999999999995,4.154,8490.8
2003-12-08,4.166,4.118,4.206,4.086,10997.53
2003-12-09,4.146,4.1339999999999995,4.15,4.086,8383.75
2003-12-10,4.146,4.046,4.146,4.006,38604.82
2003-12-11,4.042,4.006,4.042,3.9539999999999997,19900.47
2003-12-12,4.006,4.053999999999999,4.106,3.97,23137.07
2003-12-15,4.078,4.178,4.186,4.07,17744.19
2003-12-16,4.178,4.178,4.186,4.086,9463.33
2003-12-17,4.158,4.053999999999999,4.166,4.046,19218.98
2003-12-18,4.046,4.078,4.186,4.022,14911.38
2003-12-19,4.078,4.042,4.11,4.03,19144.42
2003-12-22,4.066,4.122,4.13,4.006,10273.24
2003-12-24,4.206,4.495,4.535,4.1739999999999995,90009.82
2003-12-25,4.499,4.519,4.638999999999999,4.414,58962.9
2003-12-26,4.647,4.503,4.647,4.479,28535.36
2003-12-29,4.4430000000000005,4.527,4.547,4.4430000000000005,12387.07
2003-12-30,4.503,4.567,4.5710000000000015,4.503,9643.8
2003-12-31,4.5710000000000015,4.607,4.627,4.519,17840.52
2004-01-02,4.547,4.455,4.567,4.447,11640.67
2004-01-05,4.459,4.535,4.627,4.447,25779.65
2004-01-06,4.547,4.687,4.711,4.487,30367.83
2004-01-07,4.667,5.019,5.136,4.647,89332.4
2004-01-08,5.003,4.999,5.16,4.967,44939.3
2004-01-09,4.995,4.9030000000000005,5.127000000000002,4.879,32238.54
2004-01-12,4.887,5.011,5.019,4.8469999999999995,24835.63
2004-01-13,4.987,5.067,5.144,4.987,31311.01
2004-01-14,5.027,5.003,5.079,4.959,21374.38
2004-01-15,4.975,5.079,5.148,4.963,35969.19
2004-01-16,5.011,5.192,5.216,5.011,40410.52
2004-01-29,5.1960000000000015,5.2,5.268,5.14,21119.05
2004-01-30,5.2120000000000015,5.204,5.4239999999999995,5.127000000000002,73588.9
2004-02-02,5.268,5.348,5.432,5.192,39585.75
2004-02-03,5.327999999999999,5.392,5.468,5.32,25314.52
2004-02-04,5.396,5.336,5.44,5.308,32095.0
2004-02-05,5.348,5.44,5.507999999999999,5.336,27844.72
2004-02-06,5.44,5.324,5.44,5.284,45581.77
2004-02-09,5.287999999999999,5.1720000000000015,5.308,5.152,38228.04
2004-02-10,5.184,5.164,5.228,5.148,20282.92
2004-02-11,5.127000000000002,5.095,5.1720000000000015,5.0710000000000015,25956.82
2004-02-12,5.099,5.091,5.127000000000002,5.047,36190.93
2004-02-13,5.103,5.148,5.188,5.039,11532.11
2004-02-16,5.148,5.2360000000000015,5.247999999999998,5.14,23652.43
2004-02-17,5.228,5.148,5.232,5.079,33055.62
2004-02-18,5.148,5.067,5.152,5.027,33815.16
2004-02-19,5.075,5.087,5.164,5.039,17870.76
2004-02-20,5.107,5.083,5.1110000000000015,4.979,32855.68
2004-02-23,5.059,4.867,5.107,4.8469999999999995,33254.02
2004-02-24,4.867,4.967,4.999,4.819,21038.99
2004-02-25,4.963,4.959,4.9910000000000005,4.887,21640.69
2004-02-26,4.9510000000000005,5.059,5.067,4.891,23661.04
2004-02-27,5.051,5.122999999999998,5.127000000000002,5.039,25346.18
2004-03-01,5.119,5.1320000000000014,5.148,5.067,26270.28
2004-03-02,5.127000000000002,5.087,5.144,5.083,18840.0
2004-03-03,5.087,5.007,5.087,4.971,18518.36
2004-03-04,4.999,4.959,4.999,4.887,5393.42
2004-03-05,4.967,4.979,5.003,4.927,4996.43
2004-03-08,4.967,4.8469999999999995,4.967,4.827,9779.0
2004-03-09,4.887,4.8469999999999995,4.9030000000000005,4.827,4909.82
2004-03-10,4.8469999999999995,4.967,4.987,4.8469999999999995,9073.19
2004-03-11,4.967,5.079,5.1110000000000015,4.927,27782.64
2004-03-12,5.047,5.18,5.216,5.047,54812.68
2004-03-15,5.188,5.207999999999998,5.22,5.127000000000002,19629.42
2004-03-16,5.207999999999998,5.216,5.224,5.144,18541.12
2004-03-17,5.207999999999998,5.244,5.296,5.152,17388.42
2004-03-18,5.207999999999998,5.099,5.263999999999999,5.091,8540.21
2004-03-19,5.107,5.16,5.167999999999998,5.091,8753.17
2004-03-22,5.127000000000002,5.16,5.1960000000000015,5.1110000000000015,6988.63
2004-03-23,5.127000000000002,5.087,5.148,4.987,15539.75
2004-03-24,5.087,5.087,5.127000000000002,5.007,11439.53
2004-03-25,5.007,5.047,5.087,4.987,13383.5
2004-03-26,5.039,5.075,5.079,4.987,14279.88
2004-03-29,5.095,5.0710000000000015,5.167999999999998,5.055,14993.51
2004-03-30,5.079,4.971,5.079,4.927,16879.01
2004-03-31,4.9910000000000005,5.007,5.027,4.927,12458.86
2004-04-01,5.011,5.023,5.047,4.971,7576.68
2004-04-02,5.027,5.167999999999998,5.176,5.027,27447.18
2004-04-05,5.176,5.22,5.244,5.099,22589.35
2004-04-06,5.228,5.2360000000000015,5.26,5.176,18798.17
2004-04-07,5.2360000000000015,5.4,5.48,5.2,100577.2
2004-04-08,5.412000000000001,5.476,5.648,5.4,87470.37
2004-04-09,5.528,5.524,5.608,5.367999999999999,38425.37
2004-04-12,5.468,5.46,5.5,5.38,23861.55
2004-04-13,5.48,5.4879999999999995,5.627999999999999,5.476,26638.25
2004-04-14,5.476,5.36,5.4879999999999995,5.284,35084.41
2004-04-15,5.367999999999999,5.24,5.3839999999999995,5.207999999999998,20011.26
2004-04-16,5.263999999999999,5.32,5.36,5.1720000000000015,17681.55
2004-04-19,5.327999999999999,5.207999999999998,5.348,5.188,16145.94
2004-04-20,5.167999999999998,5.228,5.272,5.136,14188.54
2004-04-21,5.228,5.1960000000000015,5.26,5.127000000000002,13076.93
2004-04-22,5.204,5.2360000000000015,5.272,5.148,7491.29
2004-04-23,5.228,5.1320000000000014,5.247999999999998,5.051,10246.45
2004-04-26,5.127000000000002,5.252000000000002,5.268,5.1110000000000015,10105.58
2004-04-27,5.268,5.284,5.296,5.1960000000000015,17977.79
2004-04-28,5.28,5.216,5.28,5.1560000000000015,14609.26
2004-04-29,5.164,5.164,5.268,5.127000000000002,19736.8
2004-04-30,5.148,5.176,5.207999999999998,4.967,13763.31
2004-05-10,5.176,5.003,5.176,4.999,11041.4
2004-05-11,5.007,4.883,5.027,4.867,10980.28
2004-05-12,4.883,5.007,5.007,4.883,8349.33
2004-05-13,5.019,4.963,5.019,4.931,5996.24
2004-05-14,4.927,4.895,4.9910000000000005,4.867,6038.48
2004-05-17,4.879,4.883,4.931,4.8469999999999995,4986.59
2004-05-18,4.887,4.695,4.891,4.559,20429.19
2004-05-19,4.695,4.687,4.735,4.567,11820.28
2004-05-20,4.643,4.587,4.787,4.575,6595.5
2004-05-21,4.591,4.718999999999999,4.723,4.587,7025.12
2004-05-24,4.727,4.691,4.747,4.667,1776.09
2004-05-25,4.655,4.627,4.711,4.627,4450.1
2004-05-26,4.599,4.663,4.667,4.591,3310.56
2004-05-27,4.663,4.7589999999999995,4.811,4.627,7007.32
2004-05-28,4.7669999999999995,4.8069999999999995,4.8469999999999995,4.711,9133.21
2004-05-31,4.811,4.8469999999999995,4.883,4.8069999999999995,4332.05
2004-06-01,4.8469999999999995,4.863,4.887,4.811,5794.67
2004-06-02,4.891,4.8469999999999995,5.011,4.811,15493.25
2004-06-03,4.8469999999999995,4.787,4.8469999999999995,4.7589999999999995,12740.89
2004-06-04,4.7669999999999995,4.867,4.867,4.7669999999999995,7067.17
2004-06-07,4.787,4.787,4.831,4.7589999999999995,9382.62
2004-06-08,4.747,4.735,4.827,4.659,15038.79
2004-06-09,4.735,4.655,4.7589999999999995,4.607,13723.9
2004-06-10,4.647,4.655,4.727,4.623,11996.74
2004-06-11,4.678999999999999,4.671,4.791,4.647,3667.04
2004-06-14,4.687,4.595,4.718999999999999,4.591,3958.7
2004-06-16,4.651,4.41,4.699,4.39,38576.0
2004-06-17,4.4060000000000015,4.018,4.4060000000000015,3.97,55918.32
2004-06-18,3.998,4.05,4.05,3.966,12048.58
2004-06-21,4.058,3.978,4.058,3.966,9751.0
2004-06-22,3.978,4.066,4.122,3.978,12702.16
2004-06-23,4.078,4.066,4.078,3.998,8297.63
2004-06-24,4.078,4.034,4.078,4.026,7148.99
2004-06-25,4.046,3.986,4.082,3.97,5126.92
2004-06-28,3.998,3.6010000000000004,3.998,3.589,25003.32
2004-06-29,3.605,3.778,3.806,3.6010000000000004,18378.2
2004-06-30,3.7739999999999996,3.766,3.806,3.762,15218.08
2004-07-01,3.745,3.866,3.946,3.745,6760.62
2004-07-02,3.87,3.886,3.9139999999999997,3.826,2957.92
2004-07-05,3.886,3.806,3.886,3.7089999999999996,2749.61
2004-07-06,3.7739999999999996,3.8739999999999997,3.886,3.7739999999999996,5962.5
2004-07-07,3.846,3.806,3.886,3.806,2432.26
2004-07-08,3.806,3.806,3.826,3.766,3096.96
2004-07-09,3.846,3.725,3.8539999999999996,3.685,4542.5
2004-07-12,3.6489999999999996,3.641,3.665,3.597,6259.01
2004-07-13,3.665,3.6689999999999996,3.673,3.6010000000000004,13112.69
2004-07-14,3.6689999999999996,3.605,3.693,3.585,16695.09
2004-07-15,3.613,3.569,3.705,3.5210000000000004,37408.43
2004-07-16,3.573,3.721,3.766,3.553,17146.57
2004-07-19,3.721,3.697,3.766,3.605,12521.9
2004-07-20,3.657,3.6210000000000004,3.677,3.597,7684.7
2004-07-21,3.6210000000000004,3.6489999999999996,3.665,3.597,9144.01
2004-07-22,3.657,3.5810000000000004,3.661,3.569,7003.69
2004-07-23,3.5810000000000004,3.613,3.637,3.489,5926.18
2004-07-26,3.565,3.6010000000000004,3.641,3.565,4797.84
2004-07-27,3.613,3.557,3.613,3.525,2598.9
2004-07-28,3.569,3.565,3.5810000000000004,3.5210000000000004,4535.0
2004-07-29,3.565,3.5010000000000003,3.641,3.437,20891.83
2004-07-30,3.5210000000000004,3.489,3.545,3.477,4426.04
2004-08-02,3.489,3.617,3.6489999999999996,3.449,55921.61
2004-08-03,3.609,3.573,3.625,3.525,13658.14
2004-08-04,3.565,3.673,3.745,3.5610000000000004,15127.5
2004-08-05,3.685,3.637,3.685,3.605,4930.0
2004-08-06,3.6460000000000004,3.67,3.67,3.597,4649.38
2004-08-09,3.679,3.752,3.7560000000000002,3.6660000000000004,8032.74
2004-08-10,3.7689999999999997,3.7110000000000003,3.781,3.7030000000000003,9926.16
2004-08-12,3.605,3.6289999999999996,3.658,3.605,4706.15
2004-08-13,3.6460000000000004,3.6660000000000004,3.707,3.6289999999999996,5682.23
2004-08-16,3.6660000000000004,3.6289999999999996,3.6660000000000004,3.617,2253.55
2004-08-17,3.605,3.572,3.6289999999999996,3.5639999999999996,6413.54
2004-08-18,3.568,3.605,3.6830000000000003,3.568,11236.01
2004-08-19,3.638,3.593,3.638,3.5839999999999996,4573.0
2004-08-20,3.5639999999999996,3.609,3.625,3.5639999999999996,3189.5
2004-08-23,3.605,3.572,3.605,3.4610000000000003,23696.69
2004-08-24,3.5639999999999996,3.609,3.6460000000000004,3.556,6474.03
2004-08-25,3.605,3.605,3.609,3.576,3036.08
2004-08-26,3.605,3.572,3.609,3.56,9340.41
2004-08-27,3.572,3.56,3.634,3.56,766.0
2004-08-30,3.5639999999999996,3.523,3.5639999999999996,3.515,11230.3
2004-08-31,3.605,3.568,3.613,3.523,6808.74
2004-09-01,3.5639999999999996,3.531,3.5639999999999996,3.531,1375.0
2004-09-02,3.523,3.445,3.523,3.359,16536.89
2004-09-03,3.445,3.4530000000000003,3.4819999999999998,3.4410000000000003,6400.0
2004-09-06,3.4410000000000003,3.4410000000000003,3.457,3.4,3186.96
2004-09-07,3.4410000000000003,3.47,3.4739999999999998,3.4330000000000003,430.12
2004-09-08,3.445,3.4410000000000003,3.478,3.429,7221.15
2004-09-09,3.4210000000000003,3.4330000000000003,3.4410000000000003,3.404,3479.83
2004-09-10,3.4210000000000003,3.449,3.466,3.3960000000000004,4942.87
2004-09-13,3.425,3.437,3.466,3.4,6976.25
2004-09-14,3.4410000000000003,3.502,3.5069999999999997,3.4410000000000003,19304.11
2004-09-15,3.511,3.687,3.7689999999999997,3.511,25718.41
2004-09-16,3.6910000000000003,3.707,3.7110000000000003,3.638,14116.81
2004-09-17,3.72,3.887,3.892,3.679,20699.88
2004-09-20,3.887,3.9739999999999998,3.9939999999999998,3.859,26073.74
2004-09-21,3.986,3.883,3.986,3.8339999999999996,22822.03
2004-09-22,3.8510000000000004,3.785,3.8789999999999996,3.7319999999999998,14788.28
2004-09-23,3.7689999999999997,3.855,3.859,3.736,13364.88
2004-09-24,3.924,3.842,3.9819999999999998,3.842,100136.4
2004-09-27,3.842,3.8339999999999996,3.969,3.8139999999999996,39445.21
2004-09-28,3.818,3.9,3.924,3.818,30010.44
2004-09-29,3.9,3.9330000000000003,3.9530000000000003,3.883,23667.04
2004-09-30,3.9160000000000004,3.842,3.924,3.773,20302.97
2004-10-08,3.7889999999999997,3.842,3.842,3.752,9344.51
2004-10-11,3.8710000000000004,3.6460000000000004,3.8710000000000004,3.5839999999999996,48054.29
2004-10-12,3.6460000000000004,3.478,3.6460000000000004,3.47,44275.93
2004-10-13,3.4819999999999998,3.3510000000000004,3.5189999999999997,3.318,44623.79
2004-10-14,3.359,3.2569999999999997,3.359,3.2319999999999998,23059.74
2004-10-15,3.2569999999999997,3.2569999999999997,3.326,3.216,18739.94
2004-10-18,3.265,3.285,3.3139999999999996,3.154,5775.95
2004-10-19,3.2769999999999997,3.265,3.347,3.2569999999999997,9626.98
2004-10-20,3.2889999999999997,3.199,3.302,3.187,6314.35
2004-10-21,3.2689999999999997,3.1910000000000003,3.273,3.1830000000000003,9958.0
2004-10-22,3.1910000000000003,3.1260000000000003,3.1910000000000003,3.105,21396.32
2004-10-25,3.113,2.835,3.1710000000000003,2.827,51674.39
2004-10-26,2.863,2.966,2.9989999999999997,2.863,23582.09
2004-10-27,2.966,2.958,2.9819999999999998,2.892,33988.37
2004-10-28,2.958,3.068,3.0810000000000004,2.929,59095.44
2004-10-29,2.945,2.978,3.0439999999999996,2.827,65163.03
2004-11-01,2.9619999999999997,3.06,3.089,2.9410000000000003,22537.23
2004-11-02,3.035,3.056,3.097,3.011,23550.84
2004-11-03,3.072,3.0810000000000004,3.105,2.99,22884.3
2004-11-04,3.089,3.0269999999999997,3.089,3.023,17099.51
2004-11-05,3.023,3.089,3.1260000000000003,3.011,26640.96
2004-11-08,3.076,3.1210000000000004,3.1260000000000003,3.0639999999999996,10602.46
2004-11-09,3.134,3.113,3.134,3.085,7214.27
2004-11-10,3.113,3.2239999999999998,3.2319999999999998,3.0639999999999996,31300.91
2004-11-11,3.2319999999999998,3.167,3.265,3.1460000000000004,18870.09
2004-11-12,3.167,3.13,3.187,3.105,20317.29
2004-11-15,3.13,3.162,3.199,3.13,31748.05
2004-11-16,3.1710000000000003,3.31,3.339,3.1710000000000003,42451.29
2004-11-17,3.302,3.3139999999999996,3.3710000000000004,3.236,40911.54
2004-11-18,3.3139999999999996,3.4939999999999998,3.502,3.3139999999999996,36482.06
2004-11-19,3.4939999999999998,3.5639999999999996,3.597,3.4530000000000003,30146.59
2004-11-22,3.552,3.5389999999999997,3.6289999999999996,3.5269999999999997,40958.38
2004-11-23,3.5389999999999997,3.502,3.5839999999999996,3.502,20466.69
2004-11-24,3.4819999999999998,3.515,3.531,3.4819999999999998,21220.96
2004-11-25,3.5069999999999997,3.556,3.568,3.486,16861.57
2004-11-26,3.5469999999999997,3.5839999999999996,3.638,3.535,14022.95
2004-11-29,3.58,3.5269999999999997,3.58,3.486,10858.46
2004-11-30,3.486,3.457,3.5189999999999997,3.4210000000000003,25119.76
2004-12-01,3.445,3.4410000000000003,3.478,3.408,12837.82
2004-12-02,3.4410000000000003,3.4330000000000003,3.4410000000000003,3.355,8444.2
2004-12-03,3.4330000000000003,3.47,3.4739999999999998,3.404,5385.63
2004-12-06,3.4819999999999998,3.4819999999999998,3.502,3.4610000000000003,7880.25
2004-12-07,3.4530000000000003,3.4210000000000003,3.4739999999999998,3.392,11903.09
2004-12-08,3.437,3.4530000000000003,3.4819999999999998,3.408,8499.94
2004-12-09,3.445,3.5189999999999997,3.543,3.4410000000000003,18570.9
2004-12-10,3.502,3.5389999999999997,3.552,3.4819999999999998,13611.27
2004-12-13,3.523,3.457,3.523,3.404,15323.72
2004-12-14,3.457,3.4610000000000003,3.478,3.4410000000000003,3479.69
2004-12-15,3.4610000000000003,3.4939999999999998,3.5189999999999997,3.4410000000000003,4575.8
2004-12-16,3.4939999999999998,3.502,3.535,3.4819999999999998,4483.0
2004-12-17,3.4610000000000003,3.4330000000000003,3.4610000000000003,3.4210000000000003,4939.55
2004-12-20,3.4330000000000003,3.363,3.4330000000000003,3.339,5382.21
2004-12-21,3.363,3.367,3.4210000000000003,3.355,9034.2
2004-12-22,3.478,3.4939999999999998,3.502,3.38,5717.59
2004-12-23,3.466,3.4610000000000003,3.543,3.4210000000000003,8346.43
2004-12-24,3.49,3.576,3.5839999999999996,3.4819999999999998,11792.94
2004-12-27,3.588,3.65,3.765,3.568,35376.47
2004-12-28,3.67,3.687,3.72,3.617,12629.54
2004-12-29,3.687,3.687,3.687,3.625,7127.81
2004-12-30,3.6460000000000004,3.638,3.699,3.5639999999999996,14861.74
2004-12-31,3.6460000000000004,3.531,3.715,3.515,11044.53
2005-01-04,3.576,3.466,3.58,3.318,17190.39
2005-01-05,3.4819999999999998,3.5069999999999997,3.531,3.449,5852.08
2005-01-06,3.4819999999999998,3.5469999999999997,3.5469999999999997,3.4819999999999998,3683.02
2005-01-07,3.5469999999999997,3.65,3.6660000000000004,3.523,10591.67
2005-01-10,3.687,3.6830000000000003,3.707,3.617,8723.49
2005-01-11,3.679,3.6460000000000004,3.6910000000000003,3.588,7851.53
2005-01-12,3.625,3.7239999999999998,3.728,3.625,11183.81
2005-01-13,3.7239999999999998,3.687,3.736,3.6660000000000004,16279.93
2005-01-14,3.662,3.6460000000000004,3.7030000000000003,3.634,2932.56
2005-01-17,3.707,3.593,3.707,3.523,4353.34
2005-01-18,3.593,3.625,3.638,3.5639999999999996,3911.52
2005-01-19,3.605,3.605,3.6210000000000004,3.531,1480.26
2005-01-20,3.568,3.6010000000000004,3.6460000000000004,3.523,5120.83
2005-01-21,3.597,3.736,3.7689999999999997,3.5069999999999997,10462.49
2005-01-24,3.781,3.773,3.801,3.674,19396.27
2005-01-25,3.728,3.7969999999999997,3.83,3.707,15716.26
2005-01-26,3.83,3.7769999999999997,3.8339999999999996,3.752,4334.74
2005-01-27,3.781,3.7030000000000003,3.781,3.6910000000000003,5223.5
2005-01-28,3.7030000000000003,3.634,3.7689999999999997,3.605,17231.0
2005-01-31,3.605,3.609,3.7560000000000002,3.5839999999999996,2056.26
2005-02-01,3.605,3.65,3.6910000000000003,3.535,17488.37
2005-02-02,3.7239999999999998,3.781,3.7889999999999997,3.6460000000000004,21932.16
2005-02-03,3.785,3.785,3.826,3.728,17868.92
2005-02-04,3.736,3.8139999999999996,3.826,3.736,13997.91
2005-02-16,3.83,3.8710000000000004,3.912,3.818,17023.26
2005-02-17,3.883,3.806,3.883,3.785,11299.6
2005-02-18,3.7969999999999997,3.7439999999999998,3.83,3.728,4245.0
2005-02-21,3.748,3.818,3.855,3.748,4914.57
2005-02-22,3.818,3.9,3.924,3.773,23106.6
2005-02-23,3.892,4.084,4.125,3.8710000000000004,54906.76
2005-02-24,4.096,4.0760000000000005,4.158,4.035,37526.02
2005-02-25,4.084,4.117,4.1739999999999995,4.072,23777.09
2005-02-28,4.117,4.096,4.137,4.0760000000000005,22023.58
2005-03-01,4.096,4.051,4.1,3.9939999999999998,14797.3
2005-03-02,4.027,4.006,4.055,4.006,9615.23
2005-03-03,3.9819999999999998,4.055,4.06,3.9410000000000003,6213.02
2005-03-04,4.013999999999999,4.1,4.121,4.006,14336.84
2005-03-07,4.096,4.211,4.227,4.055,29827.68
2005-03-08,4.211,4.277,4.342,4.199,41274.42
2005-03-09,4.26,4.26,4.309,4.207,20563.08
2005-03-10,4.227,4.1739999999999995,4.26,4.133,14532.26
2005-03-11,4.15,4.178,4.199,4.117,12689.47
2005-03-14,4.191,4.4,4.5310000000000015,4.187,47140.21
2005-03-15,4.4,4.363,4.436,4.342,23841.67
2005-03-16,4.354,4.342,4.363,4.268,30455.04
2005-03-17,4.3260000000000005,4.445,4.502,4.322,29115.07
2005-03-18,4.449,4.436,4.4860000000000015,4.334,32462.83
2005-03-21,4.436,4.625,4.731,4.4239999999999995,37243.57
2005-03-22,4.617,4.756,4.768,4.551,39230.05
2005-03-23,4.76,4.654,4.797,4.588,36602.66
2005-03-24,4.6080000000000005,4.506,4.649,4.4239999999999995,57272.3
2005-03-25,4.4860000000000015,4.465,4.543,4.4239999999999995,12009.42
2005-03-28,4.4239999999999995,4.629,4.629,4.096,21950.17
2005-03-29,4.6080000000000005,4.506,4.707,4.465,18554.85
2005-03-30,4.498,4.387,4.498,4.3260000000000005,30198.15
2005-03-31,4.375,4.391,4.404,4.322,13808.51
2005-04-01,4.363,4.67,4.744,4.359,35067.58
2005-04-04,4.6080000000000005,4.641,4.694,4.527,20280.45
2005-04-05,4.662,4.641,4.718999999999999,4.592,10366.72
2005-04-06,4.6,4.936,5.034,4.6,32117.91
2005-04-07,4.936,4.85,5.01,4.817,31589.98
2005-04-08,4.883,4.957,4.998,4.813,7617.07
2005-04-11,4.834,4.817,4.985,4.756,13817.0
2005-04-12,4.735,4.916,4.948,4.735,7996.26
2005-04-13,4.916,4.8260000000000005,5.1,4.735,23402.67
2005-04-14,4.8260000000000005,4.813,4.899,4.776,14648.79
2005-04-15,4.772,4.875,4.9030000000000005,4.772,9589.04
2005-04-18,4.813,4.899,4.985,4.776,4730.92
2005-04-19,4.887,4.846,4.895,4.793,4832.5
2005-04-20,4.838,4.67,4.875,4.645,18359.21
2005-04-21,4.649,4.748,4.752,4.592,9045.07
2005-04-22,4.793,4.813,4.842,4.711,19542.35
2005-04-25,4.752,4.809,4.8260000000000005,4.711,9045.44
2005-04-26,4.801,4.793,4.867,4.551,16690.83
2005-04-27,4.793,4.76,4.883,4.711,34900.34
2005-04-28,4.711,4.85,4.854,4.711,21017.82
2005-04-29,4.867,4.838,4.867,4.756,8625.79
2005-05-09,4.789,4.584,4.834,4.465,25069.13
2005-05-10,4.6080000000000005,4.588,4.6080000000000005,4.468999999999999,11014.62
2005-05-11,4.518,4.498,4.596,4.465,6607.98
2005-05-12,4.465,4.363,4.465,4.26,28180.99
2005-05-13,4.301,4.334,4.387,4.2810000000000015,7674.51
2005-05-16,4.301,4.383,4.391,4.26,4492.86
2005-05-17,4.383,4.408,4.468999999999999,4.314,4837.09
2005-05-18,4.408,4.379,4.461,4.3260000000000005,3909.52
2005-05-19,4.379,4.379,4.395,4.218999999999999,3245.03
2005-05-20,4.301,4.346,4.383,4.301,6380.62
2005-05-23,4.305,4.137,4.338,4.051,22782.46
2005-05-24,4.129,4.125,4.158,4.0310000000000015,10720.89
2005-05-25,4.096,4.027,4.129,3.924,5882.42
2005-05-26,3.969,3.945,4.027,3.928,12046.61
2005-05-27,3.949,3.887,3.9819999999999998,3.83,6249.94
2005-05-30,3.8789999999999996,3.8510000000000004,3.8789999999999996,3.748,3126.65
2005-05-31,3.8510000000000004,3.883,4.047,3.8510000000000004,5289.67
2005-06-01,3.9530000000000003,3.855,3.9530000000000003,3.801,6602.0
2005-06-02,3.83,3.568,3.83,3.4819999999999998,19227.99
2005-06-03,3.5639999999999996,3.605,3.613,3.4819999999999998,7310.18
2005-06-06,3.605,3.7110000000000003,3.81,3.523,12934.02
2005-06-07,3.728,3.6910000000000003,3.83,3.605,26024.86
2005-06-08,3.687,4.043,4.06,3.687,53770.21
2005-06-10,4.092,3.8510000000000004,4.146,3.801,37054.06
2005-06-13,3.83,3.679,3.8510000000000004,3.5839999999999996,41134.86
2005-06-14,3.687,3.605,3.687,3.597,22597.7
2005-06-15,3.6010000000000004,3.6010000000000004,3.625,3.523,13130.75
2005-06-16,3.605,3.4330000000000003,3.605,3.4,28648.08
2005-06-17,3.4210000000000003,3.302,3.515,3.2439999999999998,35126.88
2005-06-20,3.302,3.4160000000000004,3.4610000000000003,3.199,53127.76
2005-06-21,3.4819999999999998,3.5189999999999997,3.543,3.388,35853.71
2005-06-22,3.478,3.515,3.535,3.4610000000000003,11379.99
2005-06-23,3.511,3.445,3.523,3.4160000000000004,19106.68
2005-06-24,3.4410000000000003,3.4,3.4819999999999998,3.343,19860.95
2005-06-27,3.4,3.5839999999999996,3.617,3.4,48275.43
2005-06-28,3.6010000000000004,3.531,3.6010000000000004,3.4819999999999998,19001.74
2005-06-29,3.523,3.58,3.597,3.511,19505.08
2005-06-30,3.5639999999999996,3.4610000000000003,3.568,3.445,14885.7
2005-07-01,3.449,3.486,3.49,3.363,10394.15
2005-07-04,3.408,3.543,3.552,3.384,12542.19
2005-07-05,3.543,3.5469999999999997,3.5639999999999996,3.486,6410.0
2005-07-06,3.5639999999999996,3.429,3.5639999999999996,3.4210000000000003,5568.87
2005-07-07,3.4,3.4739999999999998,3.4819999999999998,3.392,4455.02
2005-07-08,3.4739999999999998,3.4610000000000003,3.4739999999999998,3.4,3206.21
2005-07-11,3.523,3.4410000000000003,3.5389999999999997,3.4210000000000003,6970.72
2005-07-12,3.4,3.486,3.531,3.359,18042.01
2005-07-13,3.4939999999999998,3.4210000000000003,3.498,3.412,12939.26
2005-07-14,3.412,3.265,3.4210000000000003,3.24,49505.01
2005-07-15,3.2569999999999997,3.306,3.359,3.2569999999999997,11750.08
2005-07-18,3.285,3.2769999999999997,3.302,3.2239999999999998,10420.53
2005-07-19,3.2569999999999997,3.1460000000000004,3.2769999999999997,3.1010000000000004,32976.68
2005-07-20,3.195,3.068,3.195,3.015,32947.35
2005-07-21,3.109,3.1260000000000003,3.138,3.031,23157.57
2005-07-22,3.1260000000000003,3.115,3.2119999999999997,3.023,28039.74
2005-07-25,3.11,2.991,3.11,2.985,32377.57
2005-07-26,2.985,3.201,3.218,2.985,46333.61
2005-07-27,3.201,3.3960000000000004,3.3960000000000004,3.174,42247.15
2005-07-28,3.4010000000000002,3.423,3.466,3.385,46160.4
2005-07-29,3.428,3.39,3.428,3.3089999999999997,23202.1
2005-08-01,3.3739999999999997,3.3739999999999997,3.46,3.32,43076.35
2005-08-02,3.3689999999999998,3.471,3.509,3.325,38540.1
2005-08-03,3.5039999999999996,3.5580000000000003,3.682,3.455,93091.77
2005-08-04,3.552,3.509,3.628,3.4819999999999998,42263.77
2005-08-05,3.509,3.6660000000000004,3.714,3.487,67029.53
2005-08-08,3.66,3.628,3.687,3.563,68862.6
2005-08-09,3.622,3.612,3.693,3.585,47766.56
2005-08-10,3.617,3.552,3.639,3.4930000000000003,52978.71
2005-08-11,3.563,3.7030000000000003,3.747,3.525,128237.68
2005-08-12,3.725,3.6060000000000003,3.747,3.509,74721.91
2005-08-15,3.595,3.6439999999999997,3.6660000000000004,3.536,38312.17
2005-08-16,3.655,3.66,3.752,3.617,62055.09
2005-08-17,3.66,3.763,3.784,3.622,88207.69
2005-08-18,3.7680000000000002,3.639,3.7680000000000002,3.633,77433.4
2005-08-19,3.628,3.568,3.698,3.4819999999999998,54053.57
2005-08-22,3.5469999999999997,3.5469999999999997,3.585,3.498,24120.72
2005-08-23,3.5469999999999997,3.514,3.574,3.487,35791.21
2005-08-24,3.509,3.5580000000000003,3.6060000000000003,3.509,29982.47
2005-08-25,3.563,3.525,3.563,3.487,27607.37
2005-08-26,3.509,3.5039999999999996,3.563,3.4010000000000002,28915.95
2005-08-29,3.498,3.487,3.498,3.39,16989.27
2005-08-30,3.428,3.39,3.466,3.3739999999999997,15192.87
2005-08-31,3.4010000000000002,3.466,3.471,3.363,10824.94
2005-09-01,3.471,3.595,3.6010000000000004,3.45,45717.33
2005-09-02,3.595,3.7030000000000003,3.725,3.595,55689.27
2005-09-05,3.698,3.676,3.725,3.6439999999999997,17817.66
2005-09-06,3.676,3.5410000000000004,3.698,3.52,48382.32
2005-09-07,3.5410000000000004,3.6010000000000004,3.6060000000000003,3.525,25863.29
2005-09-08,3.6010000000000004,3.5789999999999997,3.6710000000000003,3.563,44769.08
2005-09-09,3.5789999999999997,3.509,3.595,3.455,46803.13
2005-09-12,3.509,3.477,3.514,3.444,14743.8
2005-09-13,3.477,3.5410000000000004,3.5410000000000004,3.466,25494.78
2005-09-14,3.5410000000000004,3.59,3.595,3.509,47131.83
2005-09-15,3.595,3.5789999999999997,3.612,3.5469999999999997,46922.86
2005-09-16,3.617,3.6660000000000004,3.72,3.6060000000000003,133464.85
2005-09-19,3.6710000000000003,3.693,3.7030000000000003,3.6439999999999997,60681.28
2005-09-20,3.7030000000000003,3.6010000000000004,3.7089999999999996,3.574,58488.02
2005-09-21,3.6010000000000004,3.5039999999999996,3.6010000000000004,3.4930000000000003,40301.21
2005-09-22,3.4930000000000003,3.39,3.525,3.352,33062.71
2005-09-23,3.39,3.417,3.4389999999999996,3.3689999999999998,22620.6
2005-09-26,3.423,3.428,3.455,3.417,13898.61
2005-09-27,3.4010000000000002,3.282,3.428,3.272,39549.65
2005-09-28,3.282,3.147,3.304,3.12,39092.47
2005-09-29,3.147,3.2119999999999997,3.234,3.147,24195.46
2005-09-30,3.239,3.293,3.347,3.207,30018.41
2005-10-10,3.25,3.196,3.293,3.185,10157.76
2005-10-11,3.2119999999999997,3.25,3.266,3.137,20988.47
2005-10-12,3.261,3.239,3.261,3.1910000000000003,15927.21
2005-10-13,3.239,3.2119999999999997,3.261,3.207,17951.5
2005-10-14,3.201,3.083,3.201,3.072,31742.1
2005-10-17,3.083,3.0180000000000002,3.1689999999999996,2.985,38289.59
2005-10-18,3.023,2.937,3.023,2.85,113573.47
2005-10-19,2.915,2.937,2.991,2.8989999999999996,39607.2
2005-10-20,2.937,2.9210000000000003,2.958,2.8560000000000003,43268.08
2005-10-21,2.915,2.926,2.9530000000000003,2.8989999999999996,25273.28
2005-10-24,2.9419999999999997,3.1689999999999996,3.2119999999999997,2.8989999999999996,81294.6
2005-10-25,3.1639999999999997,3.185,3.239,3.115,73461.46
2005-10-26,3.185,3.1910000000000003,3.196,3.0660000000000003,57537.3
2005-10-27,3.185,3.25,3.2880000000000003,3.147,81789.04
2005-10-28,3.2769999999999997,3.2230000000000003,3.282,3.1639999999999997,49088.77
2005-10-31,3.2230000000000003,3.185,3.255,3.088,35884.69
2005-11-01,3.1910000000000003,3.2230000000000003,3.234,3.1039999999999996,32290.78
2005-11-02,3.245,3.272,3.3360000000000003,3.2230000000000003,64566.42
2005-11-03,3.266,3.218,3.32,3.201,26858.35
2005-11-04,3.218,3.072,3.218,2.985,59778.54
2005-11-07,3.05,3.072,3.083,3.002,17197.3
2005-11-08,3.077,3.0610000000000004,3.093,3.0069999999999997,22051.09
2005-11-09,3.05,3.05,3.0660000000000003,2.991,31319.07
2005-11-10,3.05,3.034,3.115,3.023,33557.9
2005-11-11,3.034,2.958,3.056,2.904,31554.25
2005-11-14,2.964,2.9960000000000004,3.002,2.9210000000000003,14773.59
2005-11-15,3.012,2.823,3.023,2.78,77637.99
2005-11-16,2.807,2.813,2.91,2.753,36107.11
2005-11-17,2.813,2.7910000000000004,2.8989999999999996,2.78,30861.73
2005-11-18,2.786,2.904,2.91,2.78,91150.7
2005-11-21,2.904,3.0180000000000002,3.0660000000000003,2.872,74598.97
2005-11-22,3.012,2.8989999999999996,3.023,2.888,34767.6
2005-11-23,2.888,2.8939999999999997,2.937,2.867,23284.4
2005-11-24,2.8939999999999997,2.9419999999999997,2.9960000000000004,2.872,50553.58
2005-11-25,2.915,2.985,2.991,2.904,40275.01
2005-11-28,2.975,2.9960000000000004,3.034,2.975,34338.5
2005-11-29,3.002,2.9210000000000003,3.002,2.9210000000000003,20360.32
2005-11-30,2.915,2.9210000000000003,2.931,2.872,22887.16
2005-12-01,2.937,2.9210000000000003,2.9419999999999997,2.888,11406.5
2005-12-02,2.8939999999999997,2.91,2.937,2.8339999999999996,30205.31
2005-12-05,2.883,2.867,2.9419999999999997,2.8339999999999996,11009.96
2005-12-06,2.861,2.85,2.877,2.807,17522.38
2005-12-07,2.8339999999999996,2.872,2.888,2.8339999999999996,16688.18
2005-12-08,2.8989999999999996,2.8560000000000003,2.8989999999999996,2.8289999999999997,8547.4
2005-12-09,2.845,2.926,2.9419999999999997,2.8339999999999996,21857.65
2005-12-12,2.926,2.9210000000000003,2.937,2.888,9618.68
2005-12-13,2.926,2.9419999999999997,2.948,2.872,17932.07
2005-12-14,2.9530000000000003,3.0069999999999997,3.034,2.915,41057.62
2005-12-15,3.012,3.023,3.056,2.9960000000000004,51925.86
2005-12-16,3.012,3.158,3.1689999999999996,3.002,109110.15
2005-12-19,3.158,3.115,3.185,3.093,48702.97
2005-12-20,3.115,3.196,3.207,3.1039999999999996,54193.43
2005-12-21,3.196,3.147,3.201,3.137,36070.0
2005-12-22,3.147,3.174,3.196,3.0989999999999998,47192.04
2005-12-23,3.174,3.158,3.201,3.1260000000000003,76931.98
2005-12-26,3.158,3.272,3.282,3.147,93343.05
2005-12-27,3.255,3.239,3.3089999999999997,3.218,56267.63
2005-12-28,3.234,3.158,3.255,3.083,90294.03
2005-12-29,3.153,3.158,3.18,3.115,112669.43
2005-12-30,3.1689999999999996,3.11,3.1910000000000003,3.0989999999999998,52516.17
2006-01-04,3.0989999999999998,3.282,3.347,3.077,116046.62
2006-01-05,3.282,3.3789999999999996,3.455,3.266,108936.5
2006-01-06,3.4010000000000002,3.487,3.536,3.352,133670.36
2006-01-09,3.4819999999999998,3.455,3.5039999999999996,3.417,101791.11
2006-01-10,3.4330000000000003,3.4930000000000003,3.498,3.412,61926.66
2006-01-11,3.498,3.444,3.5410000000000004,3.385,70402.49
2006-01-12,3.4389999999999996,3.568,3.59,3.412,83994.93
2006-01-13,3.509,3.498,3.568,3.4819999999999998,53795.96
2006-01-16,3.4819999999999998,3.352,3.487,3.342,90673.38
2006-01-17,3.3360000000000003,3.3789999999999996,3.385,3.293,59135.12
2006-01-18,3.3789999999999996,3.4930000000000003,3.525,3.3360000000000003,101559.87
2006-01-19,3.487,3.487,3.52,3.3960000000000004,101968.72
2006-01-20,3.487,3.633,3.714,3.417,165601.66
2006-01-23,3.617,3.6710000000000003,3.7739999999999996,3.563,127322.97
2006-01-24,3.682,3.655,3.7089999999999996,3.622,59343.83
2006-01-25,3.6439999999999997,3.698,3.752,3.633,62966.51
2006-02-06,3.7089999999999996,3.7569999999999997,3.833,3.7030000000000003,89138.22
2006-02-07,3.73,3.655,3.8110000000000004,3.59,105231.53
2006-02-08,3.655,3.628,3.6710000000000003,3.563,68766.78
2006-02-09,3.6060000000000003,3.612,3.676,3.563,64904.99
2006-02-10,3.622,3.801,3.8169999999999997,3.617,104855.76
2006-03-06,3.7030000000000003,3.423,3.7030000000000003,3.423,159967.99
2006-03-07,3.347,3.299,3.428,3.266,86145.48
2006-03-08,3.293,3.347,3.363,3.266,67357.17
2006-03-09,3.352,3.325,3.3739999999999997,3.2769999999999997,30551.91
2006-03-10,3.293,3.245,3.3360000000000003,3.2119999999999997,54286.1
2006-03-13,3.245,3.282,3.2880000000000003,3.2119999999999997,31551.99
2006-03-14,3.2880000000000003,3.266,3.315,3.228,32266.28
2006-03-15,3.266,3.282,3.3089999999999997,3.2119999999999997,64718.21
2006-03-16,3.282,3.3089999999999997,3.325,3.245,86846.86
2006-04-05,3.3089999999999997,3.315,3.45,3.266,549115.48
2006-04-06,3.299,3.18,3.3789999999999996,3.158,350724.2
2006-04-07,3.18,3.093,3.18,3.0610000000000004,203676.76
2006-04-10,3.083,3.234,3.261,3.023,183475.45
2006-04-11,3.234,3.2769999999999997,3.3360000000000003,3.228,203603.04
2006-04-12,3.282,3.299,3.3689999999999998,3.255,192738.49
2006-04-13,3.299,3.137,3.342,3.11,130347.18
2006-04-14,3.1310000000000002,3.2119999999999997,3.228,3.12,93510.73
2006-04-17,3.185,3.18,3.2119999999999997,3.1310000000000002,90247.47
2006-04-18,3.185,3.1310000000000002,3.201,3.093,88595.37
2006-04-19,3.1310000000000002,3.1260000000000003,3.1689999999999996,3.0610000000000004,63219.26
2006-04-20,3.1310000000000002,3.12,3.137,3.0660000000000003,79311.34
2006-04-21,3.077,3.137,3.18,3.0610000000000004,104369.18
2006-04-24,3.147,2.9530000000000003,3.1689999999999996,2.9210000000000003,119491.95
2006-04-25,2.948,3.0180000000000002,3.045,2.877,84254.31
2006-04-26,3.012,3.072,3.083,2.948,78916.14
2006-04-27,3.077,3.0069999999999997,3.077,2.958,88181.32
2006-04-28,2.861,3.023,3.029,2.861,75078.82
2006-05-08,3.012,3.1260000000000003,3.174,2.9960000000000004,128025.09
2006-05-09,3.18,3.266,3.272,3.072,236661.87
2006-05-10,3.293,3.385,3.509,3.293,298675.52
2006-05-11,3.3689999999999998,3.304,3.471,3.282,236453.24
2006-05-12,3.3089999999999997,3.423,3.509,3.3089999999999997,171233.33
2006-05-15,3.423,3.622,3.6710000000000003,3.406,244758.01
2006-05-16,3.6060000000000003,3.325,3.612,3.293,194717.2
2006-05-17,3.3310000000000004,3.385,3.428,3.2769999999999997,125414.44
2006-05-18,3.347,3.525,3.531,3.304,158953.46
2006-05-19,3.552,3.622,3.736,3.552,199194.93
2006-05-22,3.622,3.6489999999999996,3.741,3.563,138481.56
2006-05-23,3.617,3.406,3.617,3.4010000000000002,127069.0
2006-05-24,3.406,3.406,3.52,3.282,137069.66
2006-05-25,3.444,3.487,3.525,3.417,135963.62
2006-05-26,3.487,3.5039999999999996,3.552,3.466,77246.73
2006-05-29,3.514,3.747,3.763,3.509,219255.08
2006-05-30,3.752,3.725,3.7680000000000002,3.639,124106.05
2006-05-31,3.714,3.639,3.747,3.568,113775.0
2006-06-01,3.622,3.7739999999999996,3.855,3.6060000000000003,160055.15
2006-06-02,3.779,3.838,3.887,3.66,160560.16
2006-06-05,3.833,3.8819999999999997,3.984,3.822,128917.08
2006-06-06,3.833,3.833,3.963,3.779,99864.23
2006-06-07,3.833,3.5039999999999996,3.833,3.487,120648.68
2006-06-08,3.444,3.531,3.5789999999999997,3.4010000000000002,63987.74
2006-06-09,3.509,3.347,3.5410000000000004,3.342,77703.59
2006-06-12,3.347,3.3689999999999998,3.417,3.299,52601.31
2006-06-13,3.363,3.4010000000000002,3.4389999999999996,3.358,33401.45
2006-06-14,3.3960000000000004,3.3789999999999996,3.3960000000000004,3.3089999999999997,32526.93
2006-06-15,3.385,3.358,3.428,3.32,35298.08
2006-06-16,3.358,3.471,3.477,3.347,61065.24
2006-06-19,3.46,3.4930000000000003,3.514,3.412,75801.8
2006-06-21,3.4930000000000003,3.46,3.52,3.39,84053.46
2006-06-22,3.444,3.487,3.552,3.4330000000000003,63875.96
2006-06-23,3.498,3.455,3.5039999999999996,3.3960000000000004,69159.36
2006-06-26,3.466,3.568,3.59,3.417,90957.77
2006-06-27,3.568,3.595,3.655,3.552,58771.48
2006-06-28,3.585,3.536,3.639,3.514,57879.32
2006-06-29,3.536,3.628,3.6710000000000003,3.531,82134.38
2006-06-30,3.628,3.6489999999999996,3.693,3.552,83057.1
2006-07-03,3.66,3.72,3.747,3.628,108252.69
2006-07-04,3.725,3.617,3.763,3.6010000000000004,83760.29
2006-07-05,3.6060000000000003,3.5410000000000004,3.6060000000000003,3.498,61477.37
2006-07-06,3.552,3.617,3.6439999999999997,3.536,60059.92
2006-07-07,3.617,3.574,3.6439999999999997,3.552,51574.0
2006-07-10,3.574,3.5469999999999997,3.574,3.498,73370.12
2006-07-11,3.5469999999999997,3.655,3.6710000000000003,3.509,81690.54
2006-07-12,3.655,3.639,3.7030000000000003,3.612,83701.69
2006-07-13,3.622,3.45,3.622,3.385,106464.04
2006-07-14,3.4330000000000003,3.412,3.471,3.3789999999999996,46069.09
2006-07-17,3.3960000000000004,3.428,3.444,3.363,38992.75
2006-07-18,3.428,3.423,3.46,3.3960000000000004,30238.64
2006-07-19,3.412,3.32,3.412,3.2769999999999997,86414.09
2006-07-20,3.32,3.32,3.342,3.266,44963.83
2006-07-21,3.3310000000000004,3.3739999999999997,3.3960000000000004,3.3310000000000004,34752.68
2006-07-24,3.325,3.4330000000000003,3.455,3.299,45835.72
2006-07-25,3.428,3.525,3.536,3.412,62951.22
2006-07-26,3.536,3.525,3.5410000000000004,3.471,87997.85
2006-07-27,3.5410000000000004,3.52,3.5410000000000004,3.428,79118.89
2006-07-28,3.52,3.5789999999999997,3.6010000000000004,3.45,120925.71
2006-07-31,3.612,3.4389999999999996,3.655,3.4330000000000003,253814.76
2006-08-01,3.455,3.3960000000000004,3.477,3.3089999999999997,129452.51
2006-08-02,3.3739999999999997,3.4010000000000002,3.4330000000000003,3.32,27838.98
2006-08-03,3.4010000000000002,3.406,3.4389999999999996,3.385,44652.89
2006-08-04,3.417,3.3789999999999996,3.455,3.352,41448.54
2006-08-07,3.333,3.23,3.333,3.16,61357.19
2006-08-08,3.23,3.27,3.287,3.23,38176.99
2006-08-09,3.2760000000000002,3.218,3.287,3.201,27572.12
2006-08-10,3.2060000000000004,3.2060000000000004,3.247,3.1719999999999997,40543.86
2006-08-11,3.218,3.218,3.258,3.195,34988.48
2006-08-14,3.241,3.114,3.241,3.097,41443.19
2006-08-15,3.103,3.1260000000000003,3.137,3.091,27886.85
2006-08-16,3.1260000000000003,3.1719999999999997,3.1889999999999996,3.114,27474.64
2006-08-17,3.1719999999999997,3.1260000000000003,3.178,3.114,33214.1
2006-08-18,3.033,2.912,3.057,2.855,212598.2
2006-08-21,2.826,2.8369999999999997,2.878,2.78,126567.07
2006-08-22,2.855,2.912,2.947,2.8489999999999998,96707.59
2006-08-23,2.93,2.843,2.935,2.8369999999999997,64814.12
2006-08-24,2.843,2.889,2.895,2.843,44247.51
2006-08-25,2.9010000000000002,2.935,2.9530000000000003,2.884,54308.34
2006-08-28,2.947,2.9760000000000004,2.9819999999999998,2.918,65086.75
2006-08-29,2.9760000000000004,2.9589999999999996,3.01,2.935,118490.0
2006-08-30,2.9589999999999996,2.97,2.987,2.918,52129.73
2006-08-31,2.97,2.9530000000000003,2.987,2.935,50525.74
2006-09-01,2.9530000000000003,2.9930000000000003,2.9930000000000003,2.9010000000000002,85097.68
2006-09-04,3.01,3.074,3.085,2.9989999999999997,164045.73
2006-09-05,3.08,3.068,3.085,3.028,56673.22
2006-09-06,3.068,3.051,3.068,3.022,43973.13
2006-09-07,3.057,2.9989999999999997,3.062,2.9989999999999997,53566.34
2006-09-08,2.9930000000000003,2.9819999999999998,3.033,2.9760000000000004,34286.05
2006-09-11,2.987,3.114,3.114,2.9760000000000004,104834.87
2006-09-12,3.108,3.1430000000000002,3.178,3.103,104194.77
2006-09-13,3.1430000000000002,3.068,3.1489999999999996,3.068,50703.4
2006-09-14,3.045,3.08,3.1319999999999997,3.033,37260.9
2006-09-15,3.08,3.1260000000000003,3.16,3.062,61204.36
2006-09-18,3.1430000000000002,3.1430000000000002,3.1660000000000004,3.08,56794.78
2006-09-19,3.1489999999999996,3.114,3.16,3.103,42117.95
2006-09-20,3.108,3.108,3.1319999999999997,3.08,42753.82
2006-09-21,3.097,3.103,3.108,3.068,58479.81
2006-09-22,3.097,3.085,3.114,3.062,38800.03
2006-09-25,3.085,3.1430000000000002,3.1830000000000003,3.08,86417.92
2006-09-26,3.1660000000000004,3.097,3.1660000000000004,3.091,27987.98
2006-09-27,3.097,3.195,3.201,3.085,69570.59
2006-09-28,3.201,3.4539999999999997,3.5060000000000002,3.201,317387.72
2006-09-29,3.472,3.633,3.6510000000000002,3.42,288017.15
2006-10-09,3.656,3.633,3.772,3.61,216745.42
2006-10-10,3.633,3.7310000000000003,3.887,3.633,159006.85
2006-10-11,3.72,3.662,3.7489999999999997,3.645,60630.9
2006-10-12,3.645,3.61,3.7310000000000003,3.61,55116.99
2006-10-13,3.6039999999999996,3.6039999999999996,3.633,3.5580000000000003,43875.41
2006-10-16,3.593,3.6039999999999996,3.685,3.5810000000000004,35030.41
2006-10-17,3.6039999999999996,3.633,3.697,3.57,51008.5
2006-10-18,3.622,3.8,3.841,3.616,101206.51
2006-10-19,3.806,3.76,3.847,3.737,43765.16
2006-10-20,3.7539999999999996,3.6910000000000003,3.8,3.668,46373.45
2006-10-23,3.685,3.535,3.685,3.495,61308.76
2006-10-24,3.529,3.5810000000000004,3.61,3.529,51261.5
2006-10-25,3.61,3.535,3.61,3.5010000000000003,60049.28
2006-10-26,3.553,3.5580000000000003,3.6039999999999996,3.5180000000000002,45251.27
2006-10-27,3.5810000000000004,3.622,3.645,3.529,45054.46
2006-10-30,3.61,3.57,3.61,3.529,54161.3
2006-10-31,3.576,3.5639999999999996,3.6039999999999996,3.483,43724.16
2006-11-01,3.5639999999999996,3.656,3.668,3.5180000000000002,50673.85
2006-11-02,3.656,3.702,3.72,3.5869999999999997,38953.2
2006-11-03,3.679,3.795,3.824,3.662,87824.75
2006-11-06,3.7539999999999996,3.737,3.858,3.702,89287.12
2006-11-07,3.7260000000000004,3.662,3.7430000000000003,3.6039999999999996,56247.15
2006-11-08,3.662,3.622,3.668,3.593,38383.86
2006-11-09,3.622,3.6510000000000002,3.685,3.6039999999999996,35595.0
2006-11-10,3.668,3.5469999999999997,3.668,3.5180000000000002,58430.33
2006-11-13,3.5410000000000004,3.431,3.576,3.408,37703.93
2006-11-14,3.431,3.4539999999999997,3.4539999999999997,3.293,33497.79
2006-11-15,3.46,3.5639999999999996,3.593,3.408,28819.24
2006-11-16,3.57,3.478,3.5869999999999997,3.472,34551.35
2006-11-17,3.46,3.512,3.5580000000000003,3.46,21822.86
2006-11-20,3.512,3.46,3.5180000000000002,3.437,46463.2
2006-11-21,3.46,3.5060000000000002,3.529,3.397,36748.73
2006-11-22,3.5060000000000002,3.5180000000000002,3.5810000000000004,3.466,39829.7
2006-11-23,3.495,3.437,3.5180000000000002,3.42,50444.14
2006-11-24,3.437,3.362,3.46,3.322,98847.74
2006-11-27,3.345,3.426,3.443,3.287,142034.63
2006-11-28,3.403,3.443,3.512,3.397,82935.6
2006-11-29,3.431,3.633,3.656,3.3789999999999996,157022.03
2006-11-30,3.662,3.6510000000000002,3.7310000000000003,3.622,96159.08
2006-12-01,3.662,3.697,3.714,3.576,92106.82
2006-12-04,3.697,3.806,3.835,3.639,144749.53
2006-12-05,3.806,3.9730000000000003,4.013999999999999,3.806,180308.51
2006-12-06,4.072,4.0889999999999995,4.21,3.87,292693.46
2006-12-07,4.077,4.025,4.129,3.95,174590.03
2006-12-08,3.9789999999999996,3.847,4.118,3.841,131919.72
2006-12-11,3.8989999999999996,4.2330000000000005,4.2330000000000005,3.8930000000000002,275332.79
2006-12-12,4.268,4.25,4.331,4.129,174371.15
2006-12-13,4.262,4.262,4.296,4.129,105424.04
2006-12-14,4.239,4.475,4.556,4.221,146128.44
2006-12-15,4.452,4.671,4.729,4.428999999999999,138834.19
2006-12-18,4.729,4.803999999999999,4.988,4.683,177385.45
2006-12-19,4.803999999999999,4.792,4.8389999999999995,4.579,179174.49
2006-12-20,4.758,4.833,4.942,4.614,114141.78
2006-12-21,4.833,4.723,4.867,4.706,95644.03
2006-12-22,4.66,4.7810000000000015,4.827,4.619,119641.86
2006-12-25,4.843999999999999,4.843999999999999,4.914,4.758,101215.2
2006-12-26,4.843999999999999,4.677,4.896,4.602,109239.69
2006-12-27,4.683,4.654,4.729,4.619,64841.46
2006-12-28,4.648,4.452,4.7,4.412,99814.05
2006-12-29,4.441,4.4639999999999995,4.614,4.441,136701.23
2007-01-04,4.544,4.556,4.74,4.533,139305.33
2007-01-05,4.55,4.803999999999999,4.833,4.498,105552.89
2007-01-08,4.8210000000000015,5.2829999999999995,5.2829999999999995,4.8210000000000015,207371.21
2007-01-09,5.358,5.507999999999999,5.5360000000000005,5.306,160706.83
2007-01-10,5.479,5.587999999999999,5.709,5.3629999999999995,132871.55
2007-01-11,5.559,5.4670000000000005,5.854,5.4670000000000005,127570.06
2007-01-12,5.421,5.513,5.6339999999999995,5.329,134184.64
2007-01-15,5.519,6.055,6.055,5.513,140038.22
2007-01-16,5.94,5.992000000000001,6.101,5.8770000000000024,92529.08
2007-01-17,5.992000000000001,5.934,6.228,5.479,123387.53
2007-01-18,5.9110000000000005,5.859,5.934,5.593999999999999,139585.54
2007-01-19,5.888,6.275,6.3320000000000025,5.825,147402.86
2007-01-22,6.4479999999999995,6.3210000000000015,6.452999999999999,6.275,102126.29
2007-01-23,6.337999999999999,6.211,6.3610000000000015,5.888,142232.54
2007-01-24,6.228,6.275,6.337999999999999,6.061,87709.06
2007-01-25,6.142,5.807,6.246,5.807,105183.99
2007-01-26,5.761,5.9460000000000015,6.055,5.484,108660.77
2007-01-29,5.9460000000000015,6.084,6.148,5.8820000000000014,94648.32
2007-01-30,6.084,6.315,6.401,6.055,139155.87
2007-01-31,6.275,6.1129999999999995,6.695,6.09,163387.54
2007-02-01,6.09,6.367000000000001,6.407,5.9979999999999976,119231.99
2007-02-02,6.367000000000001,6.188,6.6320000000000014,6.142,99397.2
2007-02-05,6.1129999999999995,6.2920000000000025,6.377999999999999,6.032,74786.84
2007-02-06,6.303,6.3320000000000025,6.476,6.1129999999999995,74137.14
2007-02-07,6.459,6.794,6.834,6.2860000000000005,147931.09
2007-02-08,6.747000000000001,6.851,6.9670000000000005,6.718999999999999,92810.71
2007-02-09,6.874,6.805,6.978,6.765,35773.32
2007-02-12,6.834,6.926,6.926,6.6320000000000014,59932.1
2007-02-13,6.978,6.8629999999999995,7.065,6.794,56013.51
2007-02-14,6.915,6.909,6.9670000000000005,6.776,50355.13
2007-02-15,6.932,7.18,7.202999999999999,6.909,87551.08
2007-02-16,7.099,7.555,7.722,7.099,72176.45
2007-02-26,7.555,7.588999999999999,7.768,7.37,51002.81
2007-02-27,7.588999999999999,6.827999999999999,7.612,6.827999999999999,116223.37
2007-02-28,6.644,7.07,7.191,6.644,86414.0
2007-03-01,7.0420000000000025,6.551,7.07,6.459,64621.05
2007-03-02,6.58,6.7070000000000025,6.834,6.459,80025.38
2007-03-05,6.747000000000001,6.43,6.92,6.2570000000000014,75870.66
2007-03-06,6.476,6.621,6.6610000000000005,6.355,35958.1
2007-03-07,6.684,6.886,6.903,6.621,56875.54
2007-03-08,6.857,6.909,6.92,6.69,43884.84
2007-03-09,6.92,6.834,7.1339999999999995,6.7989999999999995,69142.82
2007-03-12,6.8629999999999995,6.805,6.909,6.6720000000000015,44630.27
2007-03-13,6.747000000000001,6.776,6.857,6.6610000000000005,40836.62
2007-03-14,6.69,6.534,6.69,6.459,68537.3
2007-03-15,6.522,6.58,6.603,6.442,92506.44
2007-03-16,6.574,6.684,6.886,6.511,81255.88
2007-03-19,6.459,6.574,6.805,6.3729999999999976,66812.65
2007-03-20,6.621,6.6320000000000014,6.718999999999999,6.511,53627.99
2007-03-21,6.626,7.237999999999999,7.295,6.621,135294.69
2007-03-22,7.232,7.1110000000000015,7.301,7.07,67158.18
2007-03-23,7.07,7.226,7.266,6.949,47278.75
2007-03-26,7.237999999999999,7.295,7.359,7.151,54234.44
2007-03-27,7.295,7.4110000000000005,7.5779999999999985,7.255,90126.37
2007-03-28,7.3820000000000014,7.122000000000001,7.428,6.805,99464.12
2007-03-29,7.1160000000000005,6.805,7.1679999999999975,6.782,79568.98
2007-03-30,6.7989999999999995,6.805,6.903,6.718999999999999,47301.22
2007-04-02,6.805,6.978,7.013,6.747000000000001,73423.79
2007-04-03,6.978,7.127999999999999,7.127999999999999,6.851,77764.5
2007-04-04,7.151,7.237999999999999,7.289,7.024,95693.94
2007-04-05,7.157,7.561,7.699,7.151,124551.89
2007-04-06,7.5779999999999985,7.63,7.659,7.445,94817.51
2007-04-09,7.6179999999999986,7.624,7.768,7.497000000000001,113605.81
2007-04-10,7.601,7.745,7.843,7.497000000000001,108026.02
2007-04-11,7.739,7.682,7.8370000000000015,7.595,78697.8
2007-04-12,7.705,8.218,8.224,7.584,162800.48
2007-04-13,8.091000000000001,8.27,8.564,8.091000000000001,157448.36
2007-04-16,8.293,8.356,8.708,8.293,86589.43
2007-04-17,8.374,8.068,8.42,7.877999999999999,161382.59
2007-04-18,8.051,8.824,8.875,7.895,231730.57
2007-04-19,8.247,8.351,8.725,8.149,144744.39
2007-04-20,8.466000000000001,9.187000000000001,9.187000000000001,8.466000000000001,138014.99
2007-04-23,9.66,9.977,10.104,9.619,256267.86
2007-04-24,10.017000000000001,9.792,10.133,9.717,131890.52
2007-04-25,9.677,9.85,10.092,9.579,93666.16
2007-04-26,9.862,9.867,10.092,9.792,64582.99
2007-04-27,9.982999999999999,9.66,9.982999999999999,9.631,86573.78
2007-04-30,9.544,9.591000000000001,9.781,9.343,104239.85
2007-05-08,9.752,9.908,10.006,9.706,103250.36
2007-05-09,9.919,10.11,10.467,9.516,158205.22
2007-05-10,10.121,10.179,10.179,9.81,102985.8
2007-05-11,10.035,9.729,10.081,9.562000000000001,101141.44
2007-05-14,9.446,9.406,9.619,9.227,144489.3
2007-05-15,9.347999999999999,8.829,9.458,8.812000000000003,142529.33
2007-05-16,8.824,9.17,9.175,8.754,93866.31
2007-05-17,9.17,9.337,9.446,9.054,101691.62
2007-05-18,9.366,9.406,9.677,9.232999999999999,105708.2
2007-05-21,8.892999999999997,9.423,9.458,8.892999999999997,157000.33
2007-05-23,9.567,9.89,9.937000000000001,9.354,175656.76
2007-05-24,9.908,9.579,10.035,9.4,129232.54
2007-05-25,9.458,9.458,9.55,9.347999999999999,126609.71
2007-05-28,9.521,9.746,9.896,9.516,168549.15
2007-05-29,9.821,10.04,10.121,9.804,190774.54
2007-05-30,9.256,9.037,9.787,9.037,148537.82
2007-05-31,8.881,8.656,9.106,8.195,146168.5
2007-06-01,8.581,7.9529999999999985,8.91,7.907,135938.84
2007-06-04,8.155,8.16,8.506,7.901,195102.71
2007-06-05,8.103,8.979,8.979,8.103,189073.37
2007-06-06,9.296,9.579,9.833,9.054,205882.87
2007-06-07,9.717,9.85,9.977,9.585,186957.26
2007-06-08,9.804,10.380999999999998,10.657,9.689,225816.53
2007-06-11,10.507,11.419,11.419,10.375,253187.01
2007-06-12,11.447000000000001,11.442,11.995,10.715,242503.1
2007-06-13,11.442,11.349,11.822000000000001,11.194,187648.51
2007-06-14,11.187999999999999,11.527999999999999,11.886,10.946,162665.94
2007-06-15,11.332,12.468,12.584000000000001,11.13,192646.9
2007-06-18,12.33,12.497,12.924000000000001,12.14,160692.24
2007-06-19,12.399000000000001,12.289000000000001,12.618,11.995,81239.55
2007-06-20,12.295,11.475999999999999,12.434000000000001,11.257,113359.3
2007-06-21,11.407,11.677999999999999,11.753,11.159,82553.73
2007-06-22,11.527999999999999,11.100999999999999,11.925999999999998,10.79,94027.66
2007-06-25,11.107000000000001,10.380999999999998,11.332,10.035,89812.28
2007-06-26,10.208,11.292,11.349,10.097999999999999,119774.93
2007-06-27,11.073,11.407,11.592,10.952,112374.75
2007-06-28,11.384,10.415,11.62,10.415,79774.94
2007-06-29,10.11,10.311,10.657,9.977,73913.53
2007-07-02,10.386,9.988,10.605,9.804,79778.72
2007-07-03,10.121,10.610999999999999,10.669,10.023,60952.3
2007-07-04,10.727,10.202,10.755,10.092,46627.05
2007-07-05,10.075,9.965,10.415,9.873,53155.23
2007-07-06,10.012,10.554,10.6,9.689,61044.6
2007-07-09,10.645999999999999,10.745,10.965,10.472999999999999,67340.06
2007-07-10,10.751,10.484000000000002,10.907,10.345999999999998,56862.79
2007-07-11,10.415,10.402999999999999,10.698,10.350999999999999,35973.68
2007-07-12,10.409,10.687000000000001,10.762,10.409,48855.4
2007-07-13,10.751,10.86,11.167,10.704,57605.35
2007-07-16,10.866,10.328,10.965,10.299000000000001,35211.29
2007-07-17,10.311,10.421,10.617,10.177999999999999,30920.23
2007-07-18,10.460999999999999,10.432,10.732999999999999,10.184,36011.21
2007-07-19,10.427,10.317,10.675,10.282,31549.07
2007-07-20,10.317,10.884,10.982000000000001,10.212,77894.46
2007-07-23,11.109000000000002,11.526,11.555,10.936,153636.07
2007-07-24,11.503,11.312000000000001,11.734000000000002,11.289000000000001,73658.16
2007-07-25,11.312000000000001,11.399000000000001,11.497,11.138,85423.2
2007-07-26,11.462,11.63,11.699000000000002,11.254000000000001,78488.92
2007-07-27,11.543,11.415999999999999,11.699000000000002,11.352,64293.18
2007-07-30,11.427999999999999,11.555,11.85,11.283,83772.5
2007-07-31,11.572000000000001,12.585,12.712,11.485,176713.63
2007-08-01,12.585,11.572000000000001,12.585,11.48,127093.93
2007-08-02,11.665,11.792,12.122,11.329,88796.77
2007-08-03,11.948,12.052,12.347999999999999,11.665,113683.33
2007-08-06,12.07,12.087,12.475,11.860999999999999,91201.94
2007-08-07,12.075999999999999,11.699000000000002,12.087,11.572000000000001,95555.59
2007-08-08,11.572000000000001,11.277000000000001,11.798,10.994000000000002,65141.04
2007-08-09,11.294,11.167,11.532,11.167,54098.71
2007-08-10,11.270999999999999,10.994000000000002,11.468,10.722000000000001,77650.06
2007-08-13,10.907,11.138,11.283,10.878,44218.82
2007-08-14,11.167,11.37,11.415999999999999,10.999,47922.93
2007-08-15,11.364,11.022,11.565999999999999,10.878,58698.67
2007-08-16,11.011,11.08,11.265999999999998,10.779000000000002,48629.01
2007-08-17,11.109000000000002,10.635,11.283,10.56,83075.38
2007-08-20,10.849,11.022,11.092,10.808,51930.57
2007-08-21,11.138,11.167,11.422,11.103,70136.31
2007-08-22,10.889000000000001,11.3,11.380999999999998,10.889000000000001,76923.66
2007-08-23,11.306,11.682,11.757,11.167,100154.37
2007-08-24,11.804,11.543,11.908,11.456,83177.32
2007-08-27,11.543,11.237,11.745999999999999,11.15,85104.9
2007-08-28,11.167,10.936,11.179,10.745,109882.46
2007-08-29,10.866,10.953,11.155999999999999,10.732999999999999,74490.13
2007-08-30,11.005,12.035,12.047,11.005,229799.74
2007-08-31,12.093,11.970999999999998,12.376,11.792,143267.95
2007-09-03,12.093,12.485999999999999,12.7,12.093,144483.53
2007-09-05,12.324000000000002,12.44,12.614,12.214,73225.94
2007-09-06,12.44,12.139000000000001,12.562000000000001,11.919,104445.31
2007-09-07,12.005999999999998,11.977,12.607999999999999,11.867,121079.59
2007-09-10,11.752,11.937000000000001,12.023,11.745999999999999,82632.07
2007-09-11,11.879000000000001,11.155999999999999,11.879000000000001,11.155999999999999,82949.47
2007-09-12,11.196,11.561,11.561,11.085999999999999,75087.42
2007-09-13,11.572000000000001,11.427999999999999,11.659,11.213,47463.12
2007-09-14,11.399000000000001,11.399000000000001,11.63,11.167,45988.21
2007-09-17,11.415999999999999,12.538,12.538,11.415999999999999,119113.33
2007-09-18,12.787,12.839,13.302,12.335999999999999,146100.44
2007-09-19,12.834000000000001,12.44,12.834000000000001,12.214,62833.09
2007-09-20,12.434000000000001,12.093,12.498,12.075999999999999,59800.71
2007-09-21,12.272,12.128,12.695,11.775,62631.05
2007-09-24,12.128,12.145,12.265999999999998,11.745999999999999,68151.07
2007-09-25,12.265999999999998,11.600999999999999,12.324000000000002,11.514000000000001,75890.2
2007-09-26,11.600999999999999,11.549000000000001,11.798,11.503,31606.33
2007-09-27,11.659,11.659,11.798,11.352,48171.83
2007-09-28,11.856,11.89,12.040999999999999,11.792,51671.27
2007-10-08,12.197000000000001,11.925,12.544,11.919,73353.81
2007-10-09,11.989,11.809000000000001,12.052,11.572000000000001,63224.94
2007-10-10,11.838,11.572000000000001,12.017999999999999,11.462,94955.54
2007-10-11,11.636,11.329,11.694,11.155999999999999,96590.98
2007-10-12,11.352,10.878,11.392999999999999,10.357000000000001,101899.29
2007-10-15,10.878,11.15,11.15,10.675,75048.85
2007-10-16,11.167,10.97,11.213,10.814,59819.13
2007-10-17,10.97,11.04,11.283,10.93,46823.39
2007-10-18,11.04,10.525,11.138,10.460999999999999,51012.28
2007-10-19,10.525,10.38,10.693,10.045,99762.44
2007-10-22,10.328,10.247,10.45,10.027000000000001,36732.75
2007-10-23,10.241,9.836,10.386,9.258,61439.06
2007-10-24,9.894,9.443,9.987,9.373,45676.35
2007-10-25,9.431000000000001,8.725,9.431000000000001,8.685,61416.05
2007-10-26,8.783,8.934,9.142000000000001,8.783,44534.04
2007-10-29,9.073,8.916,9.2,8.737,33625.32
2007-10-30,8.986,9.402000000000001,9.414,8.87,34913.05
2007-10-31,9.488999999999999,9.854,10.137,9.488999999999999,73911.38
2007-11-01,9.981,9.431000000000001,9.981,9.362,42026.38
2007-11-02,9.229,8.968,9.304,8.853,37367.99
2007-11-05,8.968,9.287,9.547,8.853,34159.26
2007-11-06,9.287,9.321,9.576,9.252,21709.2
2007-11-07,9.269,9.078,9.547,8.951,23377.18
2007-11-08,9.158999999999999,8.957,9.304,8.749,57481.78
2007-11-09,8.957,8.853,9.026,8.529,74881.66
2007-11-12,8.679,8.597999999999999,8.766,8.39,31891.47
2007-11-13,8.714,8.615,8.853,8.5,53620.91
2007-11-14,8.696,9.026,9.125,8.621,71932.49
2007-11-15,8.974,8.679,9.021,8.633,57335.76
2007-11-16,8.662,8.679,8.887,8.506,33220.77
2007-11-19,8.766,9.061,9.084,8.737,36861.67
2007-11-20,9.021,9.206,9.264,8.911,40079.95
2007-11-21,9.229,9.003,9.368,8.997,27544.13
2007-11-22,8.853,8.656,8.892999999999997,8.592,22478.7
2007-11-23,8.592,8.766,8.766,8.506,30751.04
2007-11-26,8.911,8.708,9.015,8.685,31603.23
2007-11-27,8.668,8.853,8.94,8.61,37582.05
2007-11-28,8.863999999999997,8.911,9.067,8.801,38760.44
2007-11-29,9.026,9.663,9.732000000000001,8.911,112642.19
2007-11-30,9.75,9.345,9.75,9.345,57997.76
2007-12-03,9.264,9.391,9.535,9.235,47921.84
2007-12-04,9.42,9.316,9.588,9.222999999999999,21801.34
2007-12-05,9.402000000000001,9.547,9.692,9.321,44443.47
2007-12-06,9.616,9.836,9.929,9.517999999999999,69370.81
2007-12-07,9.836,9.854,9.94,9.721,29311.46
2007-12-10,9.709,10.386,10.432,9.64,95106.26
2007-12-11,10.38,10.530999999999999,10.571,10.184,81138.37
2007-12-12,10.432,10.415,10.645999999999999,10.345999999999998,34713.19
2007-12-13,10.444,10.068,10.577,10.045,47260.69
2007-12-14,9.952,10.427,10.460999999999999,9.894,37658.16
2007-12-17,10.427,10.71,10.884,10.357000000000001,48338.09
2007-12-18,10.617,10.71,10.913,10.502,34269.03
2007-12-19,10.808,10.779000000000002,10.889000000000001,10.56,29354.65
2007-12-20,10.866,10.779000000000002,11.097999999999999,10.645999999999999,35803.01
2007-12-21,10.745,10.843,11.011,10.617,37686.37
2007-12-24,11.022,10.866,11.138,10.82,31961.87
2007-12-25,10.975999999999999,10.825999999999999,10.988,10.664000000000001,32395.47
2007-12-26,10.751,11.196,11.277000000000001,10.751,46110.5
2007-12-27,11.208,11.196,11.399000000000001,11.08,32741.81
2007-12-28,11.161,10.825999999999999,11.167,10.82,41265.04
2008-01-02,10.849,10.907,11.034,10.623,41662.22
2008-01-03,10.878,11.600999999999999,11.675999999999998,10.751,95398.64
2008-01-04,11.607000000000001,11.652999999999999,11.860999999999999,11.485,65793.13
2008-01-07,11.63,12.168,12.376,11.63,93494.16
2008-01-08,12.18,12.157,12.544,11.860999999999999,127148.28
2008-01-09,12.093,13.372,13.372,11.982999999999999,180638.25
2008-01-10,13.626,13.545,13.887,13.255999999999998,154557.8
2008-01-11,13.649000000000001,13.638,13.845999999999998,13.110999999999999,67837.57
2008-01-14,13.62,13.395,14.28,13.296,73707.09
2008-01-15,13.453,13.279000000000002,13.880999999999998,13.25,66923.69
2008-01-16,12.967,12.857000000000001,13.239,12.642999999999999,83673.5
2008-01-17,12.758,13.065,13.244000000000002,12.614,109070.62
2008-01-18,13.071,13.667,14.002,12.729000000000001,92806.24
2008-01-21,13.655,13.713,14.175999999999998,13.626,125560.45
2008-01-22,13.25,12.382,13.869000000000002,12.342,108096.42
2008-01-23,12.585,13.105,13.129000000000001,12.099,103389.17
2008-01-24,13.192,14.292,14.292,12.960999999999999,94541.09
2008-01-25,14.349,13.972999999999999,14.558,13.875,89161.81
2008-01-28,13.915999999999999,13.134,14.175999999999998,12.747,73002.88
2008-01-29,13.21,13.308,13.482000000000001,13.007,46142.76
2008-01-30,13.887,13.279000000000002,14.210999999999999,13.192,93042.04
2008-01-31,13.325,12.729000000000001,13.713,12.729000000000001,63196.94
2008-02-01,12.758,11.85,12.850999999999999,11.642000000000001,76964.58
2008-02-04,12.209000000000001,12.890999999999998,12.932,12.209000000000001,25709.08
2008-02-05,12.787,12.828,13.013,12.614,16582.77
2008-02-13,12.556,12.960999999999999,13.435,12.151,13581.15
2008-02-14,13.024000000000001,13.024000000000001,13.366,12.960999999999999,16448.37
2008-02-15,12.960999999999999,13.065,13.296,12.776,11951.0
2008-02-18,13.296,13.412,13.615,13.192,38368.76
2008-02-19,13.534,13.592,13.649000000000001,13.308,23203.75
2008-02-20,13.719000000000001,13.597000000000001,14.17,13.539000000000001,37501.89
2008-02-21,13.308,13.429,13.770999999999999,13.129000000000001,27447.55
2008-02-22,13.290999999999999,12.614,13.377,12.44,39076.79
2008-02-25,12.585,12.607999999999999,12.672,12.099,23806.38
2008-02-26,12.845,12.18,13.123,11.919,22923.64
2008-02-27,12.18,12.886,13.019,12.18,30644.94
2008-02-28,12.890999999999998,13.152000000000001,13.308,12.729000000000001,23579.18
2008-02-29,13.145999999999999,13.198,13.458,13.007,20896.44
2008-03-03,13.181,13.592,13.713,13.077,32081.41
2008-03-04,13.667,13.094000000000001,13.829,12.967,30121.62
2008-03-05,13.077,13.204,13.25,12.446,31871.41
2008-03-06,13.244000000000002,13.019,13.308,12.978,20020.56
2008-03-07,12.955,12.51,13.013,12.394,42300.37
2008-03-10,12.214,11.565999999999999,12.44,11.456,66632.62
2008-03-11,11.565999999999999,11.804,11.860999999999999,11.225,40205.7
2008-03-12,12.047,11.341,12.151,10.994000000000002,34696.2
2008-03-13,11.196,11.08,11.561,10.924000000000001,23004.2
2008-03-14,10.988,11.167,11.503,10.982000000000001,19391.33
2008-03-17,11.196,10.878,11.572000000000001,10.878,25077.85
2008-03-18,10.878,10.126,11.254000000000001,9.883,29722.87
2008-03-19,10.415,10.16,10.739,10.045,29064.51
2008-03-20,10.224,10.623,10.751,9.616,46276.41
2008-03-21,10.617,10.629000000000001,11.155999999999999,10.386,56767.66
2008-03-24,10.693,10.113999999999999,10.878,10.113999999999999,38758.94
2008-03-25,9.894,10.23,10.293,9.842,39175.47
2008-03-26,10.334000000000001,10.519,10.790999999999999,10.224,39128.72
2008-03-27,10.472999999999999,10.004,10.472999999999999,9.952,33978.75
2008-03-28,9.998,10.068,10.126,9.547,49885.13
2008-03-31,9.952,9.836,10.05,9.547,24987.98
2008-04-01,9.777999999999999,8.853,9.854,8.853,63182.37
2008-04-02,8.882,7.9670000000000005,8.963,7.9670000000000005,185018.75
2008-04-03,7.6960000000000015,8.106,8.216000000000001,7.522,76215.84
2008-04-07,8.124,8.708,8.801,8.031,95173.92
2008-04-08,8.737,9.015,9.298,8.679,92190.91
2008-04-09,8.853,8.274,9.107000000000001,8.274,52270.0
2008-04-10,8.205,8.533999999999999,8.621,8.101,44899.09
2008-04-11,8.54,8.61,8.812000000000003,8.477,31912.23
2008-04-14,8.39,7.985,8.546,7.915,54445.32
2008-04-15,7.752999999999999,8.095,8.095,7.463999999999999,56381.84
2008-04-16,7.915,7.898,8.257,7.858,74398.78
2008-04-17,7.817,7.117000000000001,8.158,7.1110000000000015,122106.0
2008-04-18,7.087999999999999,6.654,7.162999999999999,6.4979999999999976,100723.34
2008-04-21,7.319,6.706,7.319,6.365,190116.8
2008-04-22,6.596,6.295,6.619,6.035,172124.76
2008-04-23,6.249,6.926,6.926,6.075,139330.45
2008-04-24,7.615,7.62,7.62,7.29,306898.72
2008-04-25,7.2620000000000005,7.7360000000000015,8.048,7.2620000000000005,236003.44
2008-04-28,7.522,7.522,7.724,7.435,96079.13
2008-04-29,7.516,7.7010000000000005,7.852,7.4060000000000015,108274.2
2008-04-30,7.724,8.089,8.158,7.724,100525.28
2008-05-05,8.164,8.176,8.274,7.904,82719.76
2008-05-06,8.101,8.158,8.361,7.9910000000000005,75550.78
2008-05-07,8.118,8.072000000000001,8.621,8.043,116294.6
2008-05-08,7.898,8.419,8.436,7.811,74400.81
2008-05-09,8.448,8.494,8.737,8.101,102464.19
2008-05-12,8.222000000000001,8.673,8.795,8.066,80575.05
2008-05-13,8.384,8.21,8.61,8.135,92802.38
2008-05-14,8.187000000000001,8.511000000000001,8.592,8.182,69804.12
2008-05-15,8.533999999999999,8.396,8.725,8.361,67804.78
2008-05-16,8.384,8.17,8.533999999999999,7.944,80212.39
2008-05-19,8.101,8.101,8.205,7.985,33433.21
2008-05-20,8.147,7.574,8.263,7.47,43979.44
2008-05-21,7.463999999999999,7.638,7.7479999999999976,7.001,70931.75
2008-05-22,7.441,7.308,7.62,7.233,56208.49
2008-05-23,7.319,7.0470000000000015,7.4060000000000015,6.92,46116.74
2008-05-26,6.943,6.596,6.978,6.567,50592.04
2008-05-27,6.596,6.747000000000001,6.8329999999999975,6.579,41332.29
2008-05-28,6.7520000000000024,7.105,7.157,6.596,67883.7
2008-05-29,7.059,6.88,7.0820000000000025,6.88,34881.0
2008-05-30,6.8389999999999995,6.966,7.001,6.8329999999999975,45869.58
2008-06-02,6.885,7.03,7.105,6.827999999999999,22176.11
2008-06-03,7.03,6.7929999999999975,7.0820000000000025,6.77,33231.19
2008-06-04,6.77,6.527,6.822,6.422999999999999,56834.23
2008-06-05,6.4110000000000005,6.48,6.608,6.324,40066.94
2008-06-06,6.556,6.521,6.579,6.452000000000001,13892.83
2008-06-10,6.145,5.867000000000001,6.307,5.867000000000001,54955.94
2008-06-11,5.7170000000000005,5.3870000000000005,5.7920000000000025,5.37,71547.39
2008-06-13,5.3870000000000005,5.045,5.479,4.953,53021.85
2008-06-16,5.08,4.8260000000000005,5.172999999999999,4.629,148122.58
2008-06-17,4.843,4.774,4.976,4.687,116956.76
2008-06-18,4.745,5.254,5.254,4.687,130684.91
2008-06-19,5.207999999999998,4.727,5.289,4.727,110992.58
2008-06-20,4.756,4.901,5.15,4.426,122972.41
2008-06-23,4.849,4.941,5.1610000000000005,4.716,69907.27
2008-06-24,4.918,5.207999999999998,5.329,4.895,79170.2
2008-06-25,5.178999999999999,5.52,5.555,5.138,105434.94
2008-06-26,5.485,5.468,5.577999999999999,5.3229999999999995,95846.91
2008-06-27,5.207999999999998,4.9239999999999995,5.2829999999999995,4.9239999999999995,83273.86
2008-06-30,4.745,4.97,4.97,4.698,44504.3
2008-07-01,4.8660000000000005,4.629,4.941,4.6,52790.93
2008-07-02,4.716,4.664,4.831,4.559,90525.32
2008-07-03,4.577,4.907,5.022,4.542,93944.62
2008-07-04,4.849,4.774,4.941,4.745,51870.73
2008-07-07,4.802,5.254,5.254,4.802,109230.25
2008-07-08,5.468,5.37,5.468,5.144,145887.24
2008-07-09,5.364,5.665,5.763,5.3,144559.75
2008-07-10,5.497000000000001,5.416,5.7170000000000005,5.398,94333.16
2008-07-11,5.335,5.294,5.4510000000000005,5.218999999999999,62795.15
2008-07-14,5.26,5.416,5.4220000000000015,5.212999999999999,71979.25
2008-07-15,5.4510000000000005,5.074,5.497000000000001,5.074,75929.83
2008-07-16,4.976,4.71,5.034,4.64,76423.15
2008-07-17,4.837,4.704,4.888999999999999,4.629,67333.28
2008-07-18,4.774,5.092,5.109,4.756,91502.02
2008-07-21,5.103,5.393,5.4510000000000005,5.0169999999999995,123859.76
2008-07-22,5.375,5.352,5.4270000000000005,5.26,62296.42
2008-07-23,5.364,5.26,5.497000000000001,5.2360000000000015,58391.84
2008-07-24,5.352,5.41,5.497000000000001,5.3229999999999995,67452.75
2008-07-25,5.335,5.231,5.37,5.225,61334.86
2008-07-28,5.2360000000000015,5.341,5.404,5.2360000000000015,52992.55
2008-07-29,5.2360000000000015,5.0569999999999995,5.294,5.011,80002.15
2008-07-30,5.178999999999999,5.04,5.1960000000000015,4.959,35968.43
2008-07-31,5.08,4.8660000000000005,5.098,4.8660000000000005,36836.44
2008-08-01,4.814,5.022,5.063,4.75,39039.19
2008-08-04,4.993,4.875,5.058,4.84,24933.23
2008-08-05,4.881,4.887,5.081,4.8580000000000005,53712.75
2008-08-06,5.022,4.968999999999999,5.087,4.881,58034.64
2008-08-07,4.993,4.893,5.064,4.7810000000000015,31604.03
2008-08-08,4.916,4.428,4.928,4.404,57116.04
2008-08-11,4.404,3.986,4.428,3.986,98531.85
2008-08-12,3.992,4.027,4.086,3.945,38998.34
2008-08-13,4.021,3.969,4.045,3.821,32839.92
2008-08-14,3.9330000000000003,3.969,4.033,3.9210000000000003,19614.16
2008-08-15,3.998,3.951,4.033,3.892,14968.96
2008-08-18,4.063,3.603,4.069,3.5980000000000003,24723.72
2008-08-19,3.5860000000000003,3.662,3.739,3.533,19727.48
2008-08-20,3.68,4.01,4.027,3.609,41696.29
2008-08-21,3.945,3.7739999999999996,4.021,3.7739999999999996,28750.2
2008-08-22,3.727,3.656,3.798,3.48,29547.18
2008-08-25,3.668,3.68,3.727,3.609,11969.14
2008-08-26,3.5980000000000003,3.615,3.7039999999999997,3.545,26416.93
2008-08-27,3.668,3.656,3.821,3.633,35025.92
2008-08-28,3.7039999999999997,3.827,3.8739999999999997,3.6510000000000002,40641.12
2008-08-29,3.839,3.9160000000000004,3.992,3.798,50603.03
2008-09-01,3.898,3.992,4.092,3.863,92618.47
2008-09-02,3.963,3.945,4.004,3.898,39292.44
2008-09-03,3.9160000000000004,4.01,4.045,3.898,32779.27
2008-09-04,3.963,4.045,4.11,3.951,33684.88
2008-09-05,3.904,4.039,4.198,3.8680000000000003,61778.57
2008-09-08,4.004,3.633,4.092,3.633,62167.44
2008-09-09,3.6210000000000004,3.745,3.845,3.545,36214.71
2008-09-10,3.68,3.715,3.8680000000000003,3.6510000000000002,29217.67
2008-09-11,3.7039999999999997,3.592,3.739,3.533,35537.68
2008-09-12,3.5980000000000003,3.639,3.6860000000000004,3.592,25254.72
2008-09-16,3.6510000000000002,3.7089999999999996,3.7510000000000003,3.5389999999999997,52793.29
2008-09-17,3.6919999999999997,3.668,3.78,3.645,27332.7
2008-09-18,3.556,3.4619999999999997,3.6210000000000004,3.315,52444.1
2008-09-19,3.798,3.81,3.81,3.7089999999999996,102194.67
2008-09-22,4.0569999999999995,4.021,4.192,3.886,129864.02
2008-09-23,3.8569999999999998,3.7739999999999996,3.927,3.745,75100.42
2008-09-24,3.7039999999999997,3.827,3.827,3.562,81426.24
2008-09-25,3.804,3.927,3.9739999999999998,3.7569999999999997,93925.04
2008-09-26,3.945,4.045,4.1160000000000005,3.88,111684.1
2008-10-06,3.957,3.8510000000000004,4.051,3.827,53906.79
2008-10-07,3.7089999999999996,3.815,3.91,3.6510000000000002,29665.01
2008-10-08,3.715,3.7089999999999996,3.804,3.639,29988.8
2008-10-09,3.804,3.5980000000000003,3.81,3.592,23417.88
2008-10-10,3.468,3.3680000000000003,3.5210000000000004,3.3560000000000003,32409.36
2008-10-13,3.3560000000000003,3.444,3.444,3.15,31714.56
2008-10-14,3.58,3.2969999999999997,3.5860000000000003,3.2739999999999996,32706.94
2008-10-15,3.2089999999999996,3.2089999999999996,3.327,3.18,13792.67
2008-10-16,3.062,2.944,3.085,2.932,35873.22
2008-10-17,2.9730000000000003,3.003,3.0439999999999996,2.915,18826.4
2008-10-20,2.9560000000000004,3.097,3.1319999999999997,2.95,20932.65
2008-10-21,3.127,3.074,3.156,3.062,21726.64
2008-10-22,3.05,2.944,3.0789999999999997,2.915,26768.54
2008-10-23,2.85,2.9619999999999997,2.991,2.838,30602.59
2008-10-24,2.9619999999999997,2.92,2.985,2.873,19503.63
2008-10-27,2.909,2.6260000000000003,2.909,2.6260000000000003,35800.51
2008-10-28,2.573,2.697,2.75,2.5380000000000003,33373.34
2008-10-29,2.7260000000000004,2.555,2.761,2.532,27160.66
2008-10-30,2.603,2.5610000000000004,2.603,2.491,79004.24
2008-10-31,2.555,2.449,2.555,2.432,36341.77
2008-11-03,2.444,2.485,2.502,2.432,20022.94
2008-11-04,2.461,2.449,2.479,2.4019999999999997,19012.89
2008-11-05,2.485,2.5140000000000002,2.5610000000000004,2.455,41905.47
2008-11-06,2.438,2.4730000000000003,2.485,2.426,15197.55
2008-11-07,2.432,2.5380000000000003,2.5610000000000004,2.426,29097.46
2008-11-10,2.62,2.738,2.75,2.5669999999999997,64431.87
2008-11-11,2.697,2.638,2.767,2.638,55441.56
2008-11-12,2.614,2.75,2.75,2.597,64592.82
2008-11-13,2.708,3.0260000000000002,3.0260000000000002,2.697,133123.71
2008-11-14,3.091,3.2030000000000003,3.2560000000000002,3.032,190945.93
2008-11-17,3.18,3.321,3.3560000000000003,3.0789999999999997,147772.39
2008-11-18,3.321,2.991,3.321,2.991,132139.78
2008-11-19,2.9619999999999997,3.221,3.238,2.9619999999999997,92541.96
2008-11-20,3.1210000000000004,3.18,3.227,3.0380000000000003,98748.75
2008-11-21,3.0380000000000003,3.085,3.185,2.991,57115.05
2008-11-24,3.103,2.926,3.1210000000000004,2.926,43946.08
2008-11-25,2.9730000000000003,2.903,3.003,2.832,31024.04
2008-11-26,2.909,2.885,2.95,2.838,26993.02
2008-11-28,2.915,2.72,2.915,2.673,139890.28
2008-12-01,2.708,2.8560000000000003,2.862,2.685,73537.01
2008-12-02,2.785,2.9730000000000003,2.9730000000000003,2.7560000000000002,106466.59
2008-12-03,3.097,3.18,3.197,3.05,141794.22
2008-12-04,3.2439999999999998,3.1910000000000003,3.444,3.185,197025.31
2008-12-05,3.174,3.35,3.391,3.174,128276.35
2008-12-08,3.486,3.645,3.645,3.444,190194.81
2008-12-09,3.68,3.492,3.6860000000000004,3.4560000000000004,138441.5
2008-12-10,3.444,3.562,3.609,3.397,100901.72
2008-12-11,3.568,3.515,3.7089999999999996,3.515,149792.22
2008-12-12,3.4739999999999998,3.286,3.5210000000000004,3.233,114059.09
2008-12-15,3.362,3.327,3.391,3.238,63094.56
2008-12-16,3.2560000000000002,3.362,3.3739999999999997,3.2030000000000003,63842.97
2008-12-17,3.3560000000000003,3.3560000000000003,3.4210000000000003,3.333,77034.21
2008-12-18,3.333,3.386,3.409,3.28,71822.22
2008-12-19,3.397,3.533,3.562,3.386,158319.01
2008-12-22,3.533,3.444,3.58,3.403,95720.49
2008-12-23,3.4619999999999997,3.168,3.509,3.168,89567.75
2008-12-24,3.109,3.138,3.162,3.032,75522.9
2008-12-25,3.2030000000000003,3.18,3.321,3.138,128132.61
2008-12-26,3.168,3.074,3.2030000000000003,3.0439999999999996,69243.88
2008-12-29,3.0789999999999997,3.003,3.0789999999999997,2.903,67831.55
2008-12-30,3.015,2.938,3.0439999999999996,2.903,54044.21
2008-12-31,2.9560000000000004,2.944,3.003,2.915,50721.53
2009-01-05,3.0210000000000004,3.1210000000000004,3.1210000000000004,2.9789999999999996,61252.0
2009-01-06,3.103,3.227,3.2560000000000002,3.074,92539.49
2009-01-07,3.227,3.2739999999999996,3.333,3.168,100118.42
2009-01-08,3.197,3.1210000000000004,3.238,3.091,60437.51
2009-01-09,3.1319999999999997,3.18,3.221,3.127,65075.7
2009-01-12,3.168,3.286,3.327,3.156,75228.63
2009-01-13,3.2439999999999998,3.2739999999999996,3.38,3.227,138591.82
2009-01-14,3.233,3.4389999999999996,3.444,3.233,116229.21
2009-01-15,3.415,3.427,3.497,3.362,92218.45
2009-01-16,3.444,3.427,3.592,3.415,108182.62
2009-01-19,3.45,3.38,3.5389999999999997,3.339,92318.16
2009-01-20,3.3739999999999997,3.48,3.497,3.3089999999999997,117035.47
2009-01-21,3.415,3.574,3.662,3.397,155490.72
2009-01-22,3.6210000000000004,3.674,3.6860000000000004,3.556,129853.18
2009-01-23,3.639,3.839,3.9210000000000003,3.568,199377.15
2009-02-02,3.8739999999999997,3.8680000000000003,4.027,3.827,150188.65
2009-02-03,3.88,4.08,4.098,3.821,166808.87
2009-02-04,4.051,4.086,4.163,4.027,160920.67
2009-02-05,4.063,3.886,4.204,3.815,165032.73
2009-02-06,3.9210000000000003,4.275,4.275,3.9210000000000003,334281.48
2009-02-09,4.328,4.298,4.345,4.228,245188.05
2009-02-10,4.303999999999999,4.481,4.493,4.239,204671.28
2009-02-11,4.357,4.322,4.487,4.251,244614.2
2009-02-12,4.334,4.328,4.381,4.133,137552.36
2009-02-13,4.316,4.71,4.74,4.292,298938.23
2009-02-16,4.728,4.769,4.81,4.5569999999999995,208447.76
2009-02-17,4.74,4.416,4.74,4.416,223488.05
2009-02-18,4.298,4.434,4.551,4.239,266450.67
2009-02-19,4.44,4.699,4.734,4.41,215749.63
2009-02-20,4.71,4.968999999999999,5.058,4.593,289239.76
2009-02-23,4.9639999999999995,5.164,5.211,4.7989999999999995,236086.93
2009-02-24,5.105,5.034,5.199,4.763,323478.22
2009-02-25,5.034,4.922,5.122999999999998,4.716,224314.58
2009-02-26,4.875,4.44,4.975,4.428,253993.61
2009-02-27,4.328,4.133,4.416,3.998,228182.12
2009-03-02,4.051,4.21,4.275,4.004,113102.97
2009-03-03,4.1160000000000005,4.216,4.2860000000000005,4.069,88041.0
2009-03-04,4.292,4.604,4.6339999999999995,4.275,176328.83
2009-03-05,4.64,4.569,4.6930000000000005,4.416,193851.04
2009-03-06,4.4510000000000005,4.475,4.551,4.428,81944.49
2009-03-09,4.522,4.357,4.628,4.328,105185.76
2009-03-10,4.357,4.457,4.463,4.316,55619.51
2009-03-11,4.563,4.516,4.669,4.468999999999999,98227.09
2009-03-12,4.504,4.504,4.5569999999999995,4.357,71448.94
2009-03-13,4.5569999999999995,4.604,4.657,4.498,99653.05
2009-03-16,4.675,4.757,4.763,4.534,99427.68
2009-03-17,4.775,4.987,5.064,4.681,174889.25
2009-03-18,4.987,5.052,5.2170000000000005,4.934,157609.46
2009-03-19,5.046,5.122999999999998,5.193,5.005,110853.97
2009-03-20,5.14,4.993,5.17,4.9460000000000015,101923.12
2009-03-23,5.046,5.2989999999999995,5.376,5.0169999999999995,140052.83
2009-03-24,5.4110000000000005,5.4460000000000015,5.647,5.329,156489.3
2009-03-25,5.422999999999999,5.2989999999999995,5.5820000000000025,5.282,159705.29
2009-03-26,5.252000000000002,5.393,5.452000000000001,5.07,184165.98
2009-03-27,5.358,5.757999999999999,5.87,5.329,233369.99
2009-03-30,5.8,5.853,5.947,5.652,263283.23
2009-03-31,5.77,6.053,6.129,5.652,257798.79
2009-04-01,6.0820000000000025,5.965,6.382999999999999,5.952999999999999,404613.41
2009-04-02,5.959,5.922999999999999,6.087999999999999,5.829,319993.93
2009-04-03,5.928999999999999,5.935,6.065,5.682,355059.81
2009-04-07,5.888,5.864,6.029,5.782,140730.93
2009-04-08,5.859,5.922999999999999,5.982,5.8229999999999995,205285.65
2009-04-09,5.922999999999999,5.711,5.935,5.4639999999999995,206902.75
2009-04-10,5.711,5.888,5.935,5.5760000000000005,219873.37
2009-04-13,5.888,6.117999999999999,6.218,5.859,281159.92
2009-04-14,6.0820000000000025,6.477,6.577000000000001,6.07,340602.76
2009-04-15,6.53,7.124,7.124,6.53,461843.85
2009-04-16,7.154,6.888999999999999,7.183,6.777,298965.46
2009-04-17,6.912000000000001,7.066,7.183,6.806,307834.93
2009-04-20,6.771,6.653,6.895,6.4179999999999975,450484.06
2009-04-21,6.565,6.4060000000000015,6.648,6.2589999999999995,257056.62
2009-04-22,6.4179999999999975,6.129,6.665,5.994,202804.14
2009-04-23,6.065,6.347,6.4179999999999975,5.941,191599.56
2009-04-24,6.252999999999999,6.171,6.4,6.153,106949.02
2009-04-27,6.023,5.829,6.093999999999999,5.77,233816.17
2009-04-28,5.8,5.9,5.959,5.782,73121.53
2009-04-29,5.9,6.182,6.265,5.888,123943.57
2009-04-30,6.2410000000000005,6.388,6.43,6.135,117825.83
2009-05-04,6.4239999999999995,6.683,6.742000000000001,6.4239999999999995,214637.34
2009-05-05,6.7479999999999976,6.771,6.871,6.642,191992.68
2009-05-06,6.771,6.912000000000001,7.047999999999999,6.706,179601.93
2009-05-07,7.06,6.9179999999999975,7.066,6.7010000000000005,162489.28
2009-05-08,6.888999999999999,7.142,7.295,6.812,235607.84
2009-05-11,7.189,6.983,7.354,6.954,205139.46
2009-05-13,7.183,7.095,7.331,7.013,159602.6
2009-05-14,6.971,7.107,7.13,6.971,88901.51
2009-05-15,7.124,7.419,7.56,7.124,188933.57
2009-05-18,7.348,7.949,7.961,7.348,269270.87
2009-05-19,8.014,7.831,8.125,7.749,215670.53
2009-05-20,7.86,7.831,7.949,7.725,134680.42
2009-05-21,7.8370000000000015,7.431,7.919,7.383999999999999,190355.01
2009-05-22,7.633999999999999,7.782999999999999,7.848,7.4670000000000005,201865.85
2009-05-25,7.5920000000000005,8.093,8.099,7.335,170504.64
2009-05-26,8.218,7.9910000000000005,8.337,7.9620000000000015,242371.27
2009-05-27,7.633999999999999,7.192,7.633999999999999,7.085,308064.3
2009-06-01,7.192,7.222,7.382999999999999,7.0429999999999975,207364.97
2009-06-02,7.2639999999999985,7.2639999999999985,7.443,7.216,157036.52
2009-06-03,7.347,7.322999999999999,7.455,7.294,180105.71
2009-06-04,7.335,7.067,7.335,6.978,208680.15
2009-06-05,7.097,6.942,7.097,6.7989999999999995,182787.46
2009-06-08,6.9479999999999995,6.93,7.025,6.888,75000.54
2009-06-09,6.876,6.817,6.989,6.608,94366.24
2009-06-10,6.805,6.96,7.0070000000000014,6.805,103158.05
2009-06-11,7.025,7.001,7.121,6.942,99694.76
2009-06-12,7.001,6.685,7.001,6.626,104673.65
2009-06-15,6.733,6.655,6.733,6.5420000000000025,62613.61
2009-06-16,6.62,6.6670000000000025,6.733,6.5360000000000005,68544.45
2009-06-17,6.614,6.59,6.6610000000000005,6.452999999999999,96095.07
2009-06-18,6.59,6.678999999999999,6.721,6.56,103551.93
2009-06-19,6.709,6.59,6.727,6.56,90503.67
2009-06-22,6.65,6.608,6.65,6.5420000000000025,71037.21
2009-06-23,6.53,6.489,6.577999999999999,6.4110000000000005,111400.54
2009-06-24,6.489,6.506,6.53,6.322,107087.05
2009-06-25,6.5,6.614,6.644,6.483,109197.99
2009-06-26,6.644,6.553999999999999,6.672999999999999,6.489,68636.38
2009-06-29,6.547999999999999,6.422999999999999,6.553999999999999,6.4110000000000005,75226.14
2009-06-30,6.441,6.547999999999999,6.608,6.327000000000001,119656.26
2009-07-01,6.53,6.972,7.079,6.465,227670.05
2009-07-02,6.966,6.995,7.15,6.822,150675.08
2009-07-03,6.966,6.811,6.966,6.7989999999999995,87528.49
2009-07-06,6.7989999999999995,6.727,6.9179999999999975,6.702999999999999,83894.29
2009-07-07,6.721,6.7810000000000015,6.9,6.702999999999999,75837.0
2009-07-08,6.739,6.727,6.805,6.62,78637.01
2009-07-09,6.727,6.9,6.983,6.6670000000000025,103507.33
2009-07-10,6.9239999999999995,6.9239999999999995,7.025,6.858,108955.81
2009-07-13,6.9239999999999995,7.037000000000001,7.097,6.864,128553.9
2009-07-14,7.0429999999999975,7.395,7.4670000000000005,7.0429999999999975,232900.05
2009-07-15,7.5020000000000024,7.395,7.5139999999999985,7.282,115674.44
2009-07-16,7.4129999999999985,7.222,7.461,7.216,93175.15
2009-07-17,7.1560000000000015,7.061,7.222,7.013,120204.3
2009-07-20,7.067,7.1560000000000015,7.21,7.067,96390.9
2009-07-21,7.1560000000000015,6.6670000000000025,7.1560000000000015,6.62,166618.83
2009-07-22,6.739,6.7989999999999995,6.827999999999999,6.62,138226.64
2009-07-23,6.7570000000000014,6.751,6.787000000000001,6.638,92783.88
2009-07-24,6.739,6.888,6.954,6.655,150869.94
2009-07-27,6.888,6.954,7.019,6.733,155366.98
2009-07-28,6.9179999999999975,6.888,6.954,6.7929999999999975,103364.04
2009-07-29,6.9060000000000015,6.547999999999999,7.097,6.268,170792.68
2009-07-30,6.56,6.435,6.709,6.274,116867.99
2009-07-31,6.459,6.602,6.6320000000000014,6.435,111639.01
2009-08-03,6.596,6.6670000000000025,6.672999999999999,6.547999999999999,140368.17
2009-08-04,6.702999999999999,6.691,6.751,6.547999999999999,108160.23
2009-08-05,6.685,6.876,6.942,6.65,151103.1
2009-08-06,6.876,6.834,6.978,6.745,156537.77
2009-08-07,6.805,6.5,6.876,6.441,148108.8
2009-08-10,6.572,6.5,6.59,6.381,101795.66
2009-08-11,6.5120000000000005,6.614,6.65,6.441,88134.56
2009-08-12,6.7570000000000014,6.769,7.103,6.727,320487.84
2009-08-13,6.822,6.852,7.0070000000000014,6.6670000000000025,188617.54
2009-08-14,6.864,6.357,6.9179999999999975,6.357,134389.39
2009-08-17,6.202000000000001,5.718999999999999,6.2079999999999975,5.718999999999999,125765.06
2009-08-18,5.5760000000000005,5.666,5.737,5.439,69122.28
2009-08-19,5.642,5.099,5.695,5.099,97440.33
2009-08-20,5.188,5.612,5.612,5.188,178832.68
2009-08-21,5.666,5.999,6.077000000000001,5.617999999999999,225073.48
2009-08-24,5.934,6.0829999999999975,6.1720000000000015,5.791,118192.89
2009-08-25,6.0710000000000015,6.143,6.1720000000000015,5.856,109343.96
2009-08-26,6.077000000000001,6.2620000000000005,6.3870000000000005,5.994,103755.34
2009-08-27,6.2620000000000005,6.244,6.459,6.166,78817.03
2009-08-28,6.178,6.095,6.3629999999999995,5.91,85732.72
2009-08-31,6.053,5.487,6.053,5.487,82984.38
2009-09-01,5.415,5.355,5.636,5.247999999999998,79297.8
2009-09-02,5.355,5.475,5.528,5.308,42465.49
2009-09-03,5.475,5.785,5.843999999999999,5.475,68207.45
2009-09-04,5.785,5.837999999999999,5.976,5.755,62932.73
2009-09-07,5.843999999999999,5.982,6.1610000000000005,5.843999999999999,80258.39
2009-09-08,5.9639999999999995,6.059,6.143,5.862,67236.19
2009-09-09,6.053,6.2920000000000025,6.327000000000001,5.982,133835.79
2009-09-10,6.303999999999999,6.119,6.31,6.1129999999999995,70132.85
2009-09-11,6.125,6.28,6.4110000000000005,6.0889999999999995,98932.61
2009-09-14,6.441,6.655,6.727,6.441,151556.13
2009-09-15,6.6670000000000025,6.577999999999999,6.678999999999999,6.477,112530.13
2009-09-16,6.5420000000000025,6.477,6.553999999999999,6.322,78651.81
2009-09-17,6.518,6.691,6.763,6.441,101927.18
2009-09-18,6.678999999999999,6.375,6.733,6.322,125332.54
2009-09-21,6.351,6.65,6.709,6.31,116324.73
2009-09-22,6.678999999999999,6.787000000000001,7.013,6.62,221596.55
2009-09-23,6.858,6.972,7.0729999999999995,6.7989999999999995,260726.07
2009-09-24,6.864,7.216,7.216,6.733,302578.87
2009-09-25,7.1560000000000015,7.317,7.455,7.037000000000001,257865.94
2009-09-28,7.371,6.9479999999999995,7.484,6.9,198575.29
2009-09-29,6.966,6.93,7.115,6.721,109026.31
2009-09-30,6.888,6.9239999999999995,7.204,6.888,83755.68
2009-10-09,7.097,7.425,7.568,6.978,140354.51
2009-10-12,7.5020000000000024,7.902,8.17,7.395,237000.82
2009-10-13,7.782999999999999,7.979,8.021,7.752999999999999,131457.22
2009-10-14,7.92,7.818,8.087,7.771,149775.98
2009-10-15,7.944,8.087,8.224,7.824,136611.69
2009-10-16,8.051,7.86,8.158,7.735,126057.77
2009-10-19,7.944,7.95,8.14,7.872000000000001,117045.83
2009-10-20,7.9910000000000005,8.248,8.402999999999999,7.9910000000000005,132947.96
2009-10-21,8.312999999999999,8.254,8.439,8.176,111949.28
2009-10-22,8.187999999999999,8.408999999999999,8.445,8.051,129310.42
2009-10-23,8.408999999999999,8.379,8.498,8.23,106638.81
2009-10-26,8.318999999999999,8.373,8.468,8.236,93554.45
2009-10-27,8.337,8.647,8.767000000000001,8.176,167679.41
2009-10-28,8.677,8.731,8.904,8.546,125020.77
2009-10-29,8.533999999999999,8.826,9.005,8.533999999999999,127873.12
2009-10-30,8.874,9.005,9.177999999999999,8.731,127435.54
2009-11-02,8.886000000000003,9.512,9.53,8.874,137721.43
2009-11-03,9.542,9.607999999999999,9.78,9.315,163132.12
2009-11-04,9.578,9.417,9.59,9.363,78112.88
2009-11-05,9.417,9.256,9.517999999999999,8.952,130067.27
2009-11-06,9.28,9.351,9.392999999999999,9.202,76533.39
2009-11-09,9.333,9.244,9.351,9.184,56301.53
2009-11-10,9.232000000000001,9.302999999999999,9.613,9.232000000000001,93642.74
2009-11-11,9.22,9.011000000000001,9.28,8.963,113843.62
2009-11-12,9.059,9.542,9.703,9.035,150206.73
2009-11-13,9.464,9.482000000000001,9.584,9.262,73751.69
2009-11-16,9.578,9.649,9.78,9.423,101053.71
2009-11-17,9.709,9.536,9.709,9.267999999999999,120589.65
2009-11-18,9.482000000000001,9.548,9.661,9.423,83152.97
2009-11-19,9.542,9.524,9.602,9.452,60614.18
2009-11-20,9.554,10.031,10.107999999999999,9.423,153671.91
2009-11-23,10.049,10.067,10.466,10.019,152314.02
2009-11-24,10.12,9.661,10.311,9.542,145573.74
2009-11-25,9.602,10.132,10.198,9.548,94256.48
2009-11-26,10.132,9.59,10.347000000000001,9.53,104715.61
2009-11-27,9.482000000000001,9.309,9.685,9.184,90586.02
2009-11-30,9.363,9.93,9.971,9.363,99395.19
2009-12-01,9.959,10.258,10.280999999999999,9.84,82782.83
2009-12-02,10.495999999999999,10.609000000000002,10.669,10.335,144931.94
2009-12-03,10.615,10.562000000000001,10.620999999999999,10.347000000000001,94259.77
2009-12-04,10.442,10.198,10.574000000000002,9.965,137050.35
2009-12-07,10.156,10.615,10.705,10.156,109164.72
2009-12-08,10.675,10.615,10.776,10.514000000000001,67050.6
2009-12-09,10.484000000000002,10.49,10.776,10.370999999999999,58696.46
2009-12-10,10.597000000000001,10.585999999999999,10.753,10.436,38812.95
2009-12-11,10.502,10.574000000000002,10.741,10.502,55636.76
2009-12-14,10.556,10.722999999999999,10.722999999999999,10.113999999999999,69268.33
2009-12-15,10.675,10.585999999999999,10.77,10.502,44924.22
2009-12-16,10.597000000000001,10.615,10.884,10.556,59841.11
2009-12-17,10.609000000000002,10.317,10.669,10.245999999999999,48513.28
2009-12-18,10.144,9.661,10.311,9.59,64544.14
2009-12-21,9.661,10.085,10.097000000000001,9.661,61335.35
2009-12-22,10.079,9.715,10.079,9.631,62756.18
2009-12-23,9.679,9.757,9.78,9.602,31944.16
2009-12-24,9.769,10.735,10.735,9.769,151563.78
2009-12-25,10.884,10.854000000000001,10.943,10.568,91367.31
2009-12-28,10.854000000000001,10.854000000000001,10.949000000000002,10.741,54485.25
2009-12-29,10.854000000000001,11.270999999999999,11.492,10.854000000000001,109686.09
2009-12-30,11.242,11.295,11.373,11.039000000000001,81547.04
2009-12-31,11.295,11.242,11.360999999999999,11.164000000000001,39459.92
2010-01-04,11.325,11.331,11.629000000000001,11.283,59538.8
2010-01-05,11.325,11.152000000000001,11.325,10.972999999999999,71252.93
2010-01-06,11.045,11.2,11.51,11.027000000000001,85666.09
2010-01-07,11.206,10.735,11.259,10.705,90632.36
2010-01-08,10.454,10.615,10.705,10.436,45781.98
2010-01-11,10.741,11.015,11.045,10.377,62251.29
2010-01-12,10.914000000000001,11.218,11.360999999999999,10.824000000000002,44839.9
2010-01-13,11.057,10.972999999999999,11.253,10.914000000000001,60851.82
2010-01-14,10.925,11.097999999999999,11.187999999999999,10.914000000000001,71477.22
2010-01-15,11.224,11.343,11.402999999999999,11.003,62034.4
2010-01-18,11.390999999999998,11.409,11.485999999999999,11.319,56158.35
2010-01-19,11.409,11.558,11.623,11.325,60679.15
2010-01-20,11.558,10.495999999999999,11.575999999999999,10.401,167091.4
2010-01-21,10.615,10.454,10.788,10.228,79796.0
2010-01-22,10.258,10.126,10.495999999999999,10.091000000000001,88033.25
2010-01-25,10.113999999999999,10.019,10.341,10.013,64701.65
2010-01-26,10.107999999999999,9.757,10.113999999999999,9.661,65439.04
2010-01-27,9.721,9.751,9.988999999999999,9.488,61529.13
2010-01-28,9.757,10.168,10.192,9.727,39701.56
2010-01-29,10.174,10.389000000000001,10.842,10.019,88837.14
2010-02-01,10.389000000000001,10.293,10.532,10.138,37741.04
2010-02-02,10.293,9.888,10.544,9.846,36637.38
2010-02-03,9.918,9.888,10.001,8.963,55919.96
2010-02-04,9.959,9.637,9.988999999999999,9.602,59707.14
2010-02-05,9.482000000000001,9.655,9.84,9.302999999999999,31855.23
2010-02-08,9.649,10.019,10.107999999999999,9.649,45171.44
2010-02-09,9.959,10.156,10.192,9.906,33405.68
2010-02-10,10.258,10.413,10.466,10.138,32979.3
2010-02-11,10.419,10.495999999999999,10.508,10.347000000000001,30617.65
2010-02-12,10.544,10.454,10.55,10.347000000000001,22073.64
2010-02-22,10.436,10.216000000000001,10.436,10.102,20282.59
2010-02-23,10.216000000000001,10.747,10.818,10.18,57507.08
2010-02-24,10.735,11.009,11.122,10.615,39896.97
2010-02-25,11.033,11.349,11.527999999999999,11.009,83577.47
2010-02-26,11.331,11.307,11.48,11.152000000000001,46562.21
2010-03-01,11.265,11.325,11.390999999999998,11.158,26302.89
2010-03-02,11.325,11.212,11.504000000000001,11.092,39843.35
2010-03-04,11.270999999999999,11.2,11.725,11.092,85119.34
2010-03-05,11.097999999999999,11.379000000000001,11.599,11.097999999999999,74887.01
2010-03-08,11.414000000000001,11.325,11.610999999999999,11.242,52521.49
2010-03-09,11.331,11.270999999999999,11.599,11.212,47868.0
2010-03-10,11.270999999999999,11.307,11.437999999999999,11.128,48757.07
2010-03-11,11.307,10.847999999999999,11.355,10.794,30492.5
2010-03-12,10.937000000000001,10.615,10.937000000000001,10.544,42715.85
2010-03-15,10.615,10.46,10.753,10.258,30098.1
2010-03-16,10.466,10.495999999999999,10.609000000000002,10.347000000000001,13262.84
2010-03-17,10.574000000000002,10.955,10.955,10.574000000000002,32273.32
2010-03-18,10.972999999999999,10.943,11.206,10.878,27396.66
2010-03-19,10.943,10.914000000000001,11.11,10.812000000000001,26075.94
2010-03-22,10.925,10.972999999999999,11.092,10.782,29951.15
2010-03-23,10.979000000000001,10.824000000000002,11.050999999999998,10.794,22133.49
2010-03-24,10.794,11.050999999999998,11.062999999999999,10.794,20399.35
2010-03-25,10.972999999999999,11.015,11.242,10.943,29450.23
2010-03-26,10.972999999999999,11.033,11.14,10.902000000000001,25281.09
2010-03-29,11.062999999999999,11.164000000000001,11.194,10.902000000000001,34872.7
2010-03-30,11.248,11.409,11.45,11.092,56445.41
2010-03-31,11.42,11.331,11.492,11.319,18695.2
2010-04-01,11.331,11.689,11.927,11.277000000000001,85258.18
2010-04-02,11.737,11.796,11.898,11.689,51088.25
2010-04-06,11.838,11.825999999999999,11.957,11.647,48671.4
2010-04-07,11.808,11.552,11.904000000000002,11.51,34828.52
2010-04-08,11.515999999999998,11.253,11.677,11.033,69295.75
2010-04-09,11.182,11.515999999999998,11.54,11.092,54415.36
2010-04-12,11.558,11.300999999999998,11.587,11.218,60229.08
2010-04-13,11.360999999999999,11.164000000000001,11.425999999999998,10.89,41755.18
2010-04-14,11.17,11.42,11.444,11.062999999999999,44087.67
2010-04-15,11.390999999999998,11.206,11.474,11.152000000000001,20749.52
2010-04-16,11.206,11.128,11.253,11.020999999999999,34158.62
2010-04-19,11.033,10.425,11.14,10.383,80101.13
2010-04-20,10.425,10.329,10.657,10.019,72436.56
2010-04-21,10.299000000000001,10.645,10.735,10.107999999999999,97352.09
2010-04-22,10.556,10.985,11.045,10.436,76318.35
2010-04-23,10.997,10.735,11.14,10.681,59501.76
2010-04-26,10.717,10.902000000000001,11.212,10.687000000000001,64287.05
2010-04-27,10.997,10.502,10.997,9.882,107878.37
2010-04-28,10.311,9.84,10.508,9.78,80534.76
2010-04-29,9.93,9.906,10.198,9.9,63218.02
2010-04-30,9.906,9.709,10.12,9.423,72284.52
2010-05-04,9.488,9.602,9.971,9.429,47926.44
2010-05-05,9.542,9.405,9.757,9.052999999999999,99394.71
2010-05-06,9.5,9.101,9.524,9.035,73511.52
2010-05-07,8.946,9.005,9.184,8.826,49535.57
2010-05-10,9.005,8.695,9.101,8.457,75210.05
2010-05-11,8.91,8.445,8.91,8.397,66891.25
2010-05-12,8.385,8.218,8.457,7.944,48183.27
2010-05-13,8.283999999999999,8.468,8.504,7.9670000000000005,77873.18
2010-05-14,8.379,8.427,8.51,8.295,50590.91
2010-05-17,8.283999999999999,8.003,8.468,7.997000000000001,41841.37
2010-05-18,8.003,8.187999999999999,8.206,7.687,74052.39
2010-05-19,8.158,8.618,8.635,8.099,90450.38
2010-05-20,8.527999999999999,8.606,8.999,8.445,118001.34
2010-05-21,8.468,9.005,9.047,8.361,82165.22
2010-05-24,9.052999999999999,9.154,9.392999999999999,8.993,90034.85
2010-05-25,9.166,8.755,9.315,8.713,88747.23
2010-05-26,8.767000000000001,8.731,8.975,8.6,69499.72
2010-05-28,9.047,8.838,9.095,8.737,104368.56
2010-05-31,8.755,8.767000000000001,8.856,8.533999999999999,79793.43
2010-06-01,8.618,8.474,8.796,8.266,50336.67
2010-06-02,8.474,8.564,8.719,8.343,63283.97
2010-06-03,8.57,8.546,8.773,8.527999999999999,60939.46
2010-06-04,8.516,8.6,8.606,8.29,64821.98
2010-06-07,8.408999999999999,8.379,8.498,8.337,50834.42
2010-06-08,8.355,8.385,8.457,8.266,40811.7
2010-06-09,8.439,8.767000000000001,8.779,8.337,91676.25
2010-06-10,8.707,8.94,9.017000000000001,8.629,88381.21
2010-06-11,8.946,9.118,9.154,8.856,87608.46
2010-06-17,9.124,8.946,9.214,8.874,56158.05
2010-06-18,8.987,8.82,8.987,8.635,54092.81
2010-06-21,8.802,9.059,9.148,8.713,79758.25
2010-06-22,9.052999999999999,9.28,9.411,9.005,115563.21
2010-06-23,9.214,9.095,9.327,8.981,41825.81
2010-06-24,8.981,9.023,9.184,8.952,54223.52
2010-06-25,9.017000000000001,8.707,9.077,8.558,69338.4
2010-06-28,8.689,8.527999999999999,8.79,8.457,55749.81
2010-06-29,8.57,8.23,8.576,7.9910000000000005,77775.79
2010-06-30,8.14,8.111,8.23,7.747000000000001,42701.16
2010-07-01,8.051,7.836,8.17,7.812,24142.95
2010-07-02,7.8420000000000005,7.9910000000000005,8.051,7.693,42249.51
2010-07-05,7.92,8.051,8.14,7.812,31731.22
2010-07-06,7.9620000000000015,8.218,8.325,7.9620000000000015,37446.07
2010-07-07,8.2,8.433,8.486,8.158,43656.11
2010-07-08,8.468,8.582,8.737,8.468,58136.66
2010-07-09,8.582,8.832,8.927999999999997,8.558,57447.86
2010-07-12,8.838,8.785,8.993,8.713,56038.0
2010-07-13,8.713,8.767000000000001,8.796,8.468,51594.61
2010-07-14,8.749,8.993,9.035,8.749,54706.3
2010-07-15,8.922,8.701,9.047,8.647,26118.09
2010-07-16,8.652999999999999,8.713,8.767000000000001,8.468,34055.89
2010-07-19,8.612,9.202,9.274,8.527999999999999,78753.91
2010-07-20,9.19,9.392999999999999,9.548,9.19,100156.26
2010-07-21,9.424,9.351,9.478,9.279,47130.25
2010-07-22,9.273,9.64,9.695,9.273,70873.17
2010-07-23,9.562000000000001,9.634,9.725,9.538,57606.68
2010-07-26,9.634,9.49,9.725,9.418,51764.99
2010-07-27,9.49,9.472000000000001,9.652000000000001,9.363,79778.88
2010-07-28,9.472000000000001,9.851,9.929,9.46,104535.27
2010-07-29,9.839,9.767000000000001,9.899,9.634,60667.99
2010-07-30,9.767000000000001,9.731,9.827,9.634,43571.36
2010-08-02,9.731,9.875,9.881,9.719,53692.68
2010-08-03,9.887,9.52,9.911,9.49,92731.49
2010-08-04,9.478,9.683,9.695,9.381,65951.15
2010-08-05,9.64,9.634,9.785,9.592,51460.53
2010-08-06,9.604,10.056000000000001,10.097999999999999,9.604,109168.51
2010-08-09,10.056000000000001,10.237,10.345,9.972000000000001,54001.0
2010-08-10,10.465,9.935,10.465,9.899,57023.57
2010-08-11,10.092,10.014,10.152000000000001,9.755,58642.26
2010-08-12,9.917,10.14,10.345,9.857000000000001,72747.52
2010-08-13,10.152000000000001,10.350999999999999,10.387,10.056000000000001,69443.28
2010-08-16,10.290999999999999,10.989,11.049000000000001,10.237,152396.52
2010-08-17,10.899000000000001,11.2,11.29,10.899000000000001,115573.31
2010-08-18,11.134,11.019,11.32,10.959000000000001,106834.03
2010-08-19,10.977,10.917,11.187999999999999,10.887,50513.44
2010-08-20,10.923,10.977,11.11,10.790999999999999,54196.73
2010-08-23,10.959000000000001,10.892999999999999,10.970999999999998,10.718,30790.54
2010-08-24,10.815,10.965,11.074000000000002,10.568,78546.25
2010-08-25,10.892999999999999,10.604000000000001,10.947000000000001,10.597999999999999,40704.84
2010-08-26,10.592,10.604000000000001,10.772,10.538,38067.0
2010-08-27,10.597999999999999,10.765999999999998,10.809000000000001,10.392999999999999,45465.0
2010-08-30,10.833,11.32,11.369000000000002,10.777999999999999,70626.0
2010-08-31,11.248,11.652000000000001,11.862,11.164000000000001,87163.0
2010-09-01,11.620999999999999,11.387,11.645999999999999,11.194,41641.0
2010-09-02,11.447000000000001,11.923,12.103,11.447000000000001,73200.0
2010-09-03,11.911,12.013,12.41,11.652000000000001,59248.0
2010-09-06,12.151,12.037,12.284,11.772,39355.0
2010-09-07,12.073,12.620999999999999,12.76,11.982999999999999,114064.0
2010-09-08,12.645,12.525,12.946,12.507,66042.0
2010-09-09,12.530999999999999,13.175,13.639000000000001,12.530999999999999,98949.0
2010-09-10,13.193,13.235,13.488,12.705,70425.0
2010-09-13,13.235,13.620999999999999,13.783,12.958,49949.0
2010-09-14,13.542,13.609000000000002,13.770999999999999,13.427999999999999,51732.0
2010-09-15,13.609000000000002,13.115,13.783,13.043,60839.0
2010-09-16,13.005999999999998,12.88,13.247,12.645,55967.0
2010-09-17,12.874,13.770999999999999,14.169,12.874,88613.0
2010-09-20,13.722999999999999,14.379000000000001,15.06,13.717,106652.0
2010-09-21,14.402999999999999,14.210999999999999,14.452,13.915999999999999,44904.0
2010-09-27,14.210999999999999,14.452,14.819,14.210999999999999,32267.0
2010-09-28,14.5,14.379000000000001,14.812999999999999,14.247,30948.0
2010-09-29,14.331,13.44,14.44,13.133,98428.0
2010-09-30,13.687000000000001,14.783,14.783,13.669,109994.0
2010-10-08,15.264000000000001,16.077,16.252,15.06,120751.0
2010-10-11,16.144000000000002,16.258,17.27,15.897,146229.0
2010-10-12,16.559,16.348,17.149,16.258,79051.0
2010-10-13,16.294,16.047,16.487000000000002,15.969000000000001,96961.0
2010-10-14,16.077,15.295,16.439,15.054,121839.0
2010-10-15,15.138,15.427,16.132,14.741,136491.0
2010-10-18,15.343,14.71,15.626,14.56,123491.0
2010-10-19,14.789000000000001,16.18,16.18,14.789000000000001,120653.0
2010-10-20,15.897,17.041,17.209,15.897,181590.0
2010-10-21,17.053,17.041,17.462,16.384,112635.0
2010-10-22,17.342,17.258,17.992,17.131,100587.0
2010-10-25,17.342,17.535,17.98,16.980999999999998,75451.0
2010-10-26,17.432000000000002,17.426,17.745,17.221,78739.0
2010-10-27,17.535,17.288,17.914,17.047,69535.0
2010-10-28,17.173,18.456,18.456,17.155,88594.0
2010-10-29,18.486,18.956,19.919,18.48,87170.0
2010-11-01,18.907,19.486,19.6,18.462,92787.0
2010-11-02,19.449,18.968,19.57,18.715,79835.0
2010-11-03,18.673,18.004,18.829,17.944000000000006,97792.0
2010-11-04,18.215,18.546,18.775,18.215,60777.0
2010-11-05,18.799,19.588,19.738,18.667,103634.0
2010-11-08,19.913,20.082,20.587,19.437,91205.0
2010-11-16,22.093000000000004,22.093000000000004,22.093000000000004,22.093000000000004,93011.0
2010-11-17,21.677,19.883,22.039,19.883,206544.0
2010-11-18,19.449,20.473,21.123,19.449,157686.0
2010-11-19,20.804000000000002,21.881999999999998,22.009,20.473,92927.0
2010-11-22,22.099,23.345,23.785,22.039,129307.0
2010-11-23,23.484,22.839000000000002,23.544,22.394000000000002,85117.0
2010-11-24,22.641,25.122,25.122,22.587,150524.0
2010-11-25,24.989,25.17,25.651,24.267,101199.0
2010-11-26,25.14,24.351,25.17,24.014,92955.0
2010-11-29,24.357,24.05,24.55,23.183000000000003,92364.0
2010-11-30,23.785,24.146,24.555999999999997,23.128,85386.0
2010-12-01,23.965,23.604,24.241999999999997,23.189,73561.0
2010-12-02,23.965,22.647,24.2,22.52,109210.0
2010-12-03,22.647,22.791,23.531999999999996,22.555999999999997,59701.0
2010-12-06,22.587,22.346,23.031999999999996,21.381999999999998,107268.0
2010-12-07,22.206999999999997,22.796999999999997,23.183000000000003,21.75,64555.0
2010-12-08,22.941999999999997,23.230999999999998,23.965,22.671,70397.0
2010-12-09,23.273000000000003,22.881999999999998,23.279,22.52,42561.0
2010-12-10,22.9,22.978,23.230999999999998,22.153000000000002,72372.0
2010-12-13,23.068,23.863000000000003,23.965,23.068,61713.0
2010-12-14,23.893,23.833000000000002,24.176,23.237,66654.0
2010-12-15,23.845,22.875999999999998,24.055999999999997,22.761,79507.0
2010-12-16,22.761,22.55,23.05,22.159000000000002,93199.0
2010-12-17,22.496,22.531999999999996,22.851999999999997,22.34,35781.0
2010-12-20,22.689,22.941999999999997,22.996,22.093000000000004,58556.0
2010-12-21,22.941999999999997,22.941999999999997,23.291,22.279,42015.0
2010-12-22,22.99,22.912,23.351,22.635,41046.0
2010-12-23,22.881999999999998,22.009,22.881999999999998,22.009,67145.0
2010-12-27,22.045,21.978,22.454,21.075,61889.0
2010-12-28,21.671,21.9,22.279,21.226,49827.0
2010-12-29,22.087,21.695,22.087,21.256,31330.0
2010-12-30,21.695,21.683000000000003,21.96,21.195999999999998,69172.0
2010-12-31,21.768,22.37,22.689,21.683000000000003,78198.0
2011-01-04,22.55,22.52,22.87,22.039,42353.0
2011-01-05,22.689,24.447,24.772,22.165,147434.0
2011-01-06,24.146,24.45300000000001,24.935,24.146,87128.0
2011-01-07,24.369,24.393,24.989,23.978,61093.0
2011-01-10,24.416999999999998,22.881999999999998,24.538,22.881999999999998,55926.0
2011-01-11,22.641,22.206999999999997,22.730999999999998,21.623,64677.0
2011-01-12,22.230999999999998,22.153000000000002,22.37,21.858,23196.0
2011-01-13,22.279,22.039,22.32800000000001,21.647,18494.0
2011-01-14,22.153000000000002,21.701,22.316,21.683000000000003,17248.0
2011-01-17,21.774,21.111,21.774,20.322,41937.0
2011-01-18,20.834,21.557,21.906,20.69,41839.0
2011-01-19,21.738000000000003,22.057,22.267,19.576,22435.0
2011-01-20,22.057,21.756,22.37,21.515,29045.0
2011-01-21,21.616999999999997,21.033,21.888,21.015,24155.0
2011-01-24,21.075,20.473,21.436,20.413,42076.0
2011-01-25,20.347,20.352999999999998,20.533,19.930999999999997,30342.0
2011-01-26,21.244,21.256,21.665,20.967,47609.0
2011-01-27,21.304000000000002,23.381,23.381,21.226,70184.0
2011-01-28,23.183000000000003,23.484,24.00800000000001,23.122,64944.0
2011-01-31,23.183000000000003,23.604,24.218000000000004,23.031999999999996,41720.0
2011-02-01,23.544,23.881,24.351,23.386999999999997,40450.0
2011-02-09,23.484,23.496,23.959,23.061999999999998,32309.0
2011-02-10,23.243000000000002,24.303,24.303,22.948,48218.0
2011-02-11,24.381,24.055999999999997,24.616,23.978,59806.0
2011-02-14,24.164,26.13300000000001,26.464000000000002,24.031999999999996,101565.0
2011-02-15,26.13300000000001,26.814,27.994,25.892,100095.0
2011-02-16,26.808000000000003,28.15,28.891,26.627,67573.0
2011-02-17,28.066,29.686,29.987,28.066,91701.0
2011-02-18,29.746,29.349,29.866999999999997,28.789,53486.0
2011-02-21,29.03,29.415,29.842,28.662,37968.0
2011-02-22,29.313000000000002,27.337,29.385,26.976,89746.0
2011-02-23,27.096999999999998,26.645,27.699,26.199,95104.0
2011-02-24,26.669,28.715999999999998,28.776999999999997,26.254,89414.0
2011-02-25,28.307,27.843000000000004,28.831,27.458000000000002,44729.0
2011-02-28,28.0,28.0,28.47,26.808000000000003,54387.0
2011-03-01,28.12,28.03,28.566,27.639,59232.0
2011-03-02,27.57800000000001,27.096999999999998,27.639,26.771,77348.0
2011-03-03,27.096999999999998,26.326,27.506,26.254,73313.0
2011-03-04,26.29,25.921999999999997,27.096999999999998,25.531,86309.0
2011-03-07,25.989,26.398000000000003,26.784000000000002,25.218000000000004,124629.0
2011-03-08,26.180999999999997,25.590999999999998,26.180999999999997,25.308000000000003,98815.0
2011-03-09,25.513,25.741999999999997,25.995,25.122,65972.0
2011-03-10,25.706,24.941,25.706,24.688000000000002,88005.0
2011-03-11,24.706,25.26,26.066999999999997,24.7,96194.0
2011-03-14,25.23,26.428,26.519000000000002,25.085,91096.0
2011-03-15,26.500999999999998,25.784000000000002,26.615,25.17,77174.0
2011-03-16,25.76,25.579,26.180999999999997,25.32,59841.0
2011-03-17,25.32,25.23,25.465,24.869,39223.0
2011-03-18,25.561,25.241999999999997,25.874000000000002,25.176,33270.0
2011-03-21,25.531,25.176,25.892,24.916999999999998,62457.0
2011-03-22,25.32,24.712,25.399,24.568,48582.0
2011-03-23,24.76,25.248,25.393,24.357,59961.0
2011-03-24,25.29,26.013,26.421999999999997,25.284000000000002,93633.0
2011-03-25,25.892,26.13300000000001,26.314,25.688000000000002,66668.0
2011-03-28,26.073,26.26,26.874000000000002,25.838,81300.0
2011-03-29,26.193,25.090999999999998,26.428,25.049,55691.0
2011-03-30,25.104,24.08,25.278000000000002,23.965,73947.0
2011-03-31,24.116,23.791,24.134,23.219,56398.0
2011-04-01,23.725,24.261,24.375,23.604,31196.0
2011-04-06,24.02,23.779,24.586,23.719,31322.0
2011-04-07,23.791,23.339000000000002,24.05,22.93,103677.0
2011-04-08,23.273000000000003,24.476999999999997,24.604,22.948,55971.0
2011-04-11,24.441,23.478,24.447,23.424,59106.0
2011-04-12,23.478,23.779,24.345,23.122,50627.0
2011-04-13,23.725,23.779,23.785,23.291,26088.0
2011-04-14,23.910999999999998,23.984,24.273000000000003,23.785,35088.0
2011-04-15,23.965,23.893,24.869,23.845,86443.0
2011-04-18,23.893,23.471999999999998,23.965,23.122,52403.0
2011-04-19,23.177,23.857,24.044,23.122,32110.0
2011-04-20,23.935,24.447,24.79,23.49,42565.0
2011-04-21,24.555999999999997,24.23,25.019000000000002,24.206,32423.0
2011-04-22,24.351,24.664,24.869,24.116,31913.0
2011-04-25,24.718000000000004,24.959,25.079,24.489,50014.0
2011-04-26,24.748,24.386999999999997,24.989,23.893,34734.0
2011-04-27,24.381,24.416999999999998,24.67,23.845,29653.0
2011-04-28,24.447,23.43,24.447,23.243000000000002,45070.0
2011-04-29,23.484,23.592,23.658,23.201,14658.0
2011-05-03,23.484,23.592,23.706999999999997,23.183000000000003,22956.0
2011-05-04,23.484,22.358,23.484,21.82800000000001,65196.0
2011-05-05,21.978,22.033,22.43,21.491,39073.0
2011-05-06,21.822,21.616999999999997,21.971999999999998,21.587,21518.0
2011-05-09,21.677,22.653000000000002,22.761,21.557,49810.0
2011-05-10,22.653000000000002,22.737,23.002,22.4,14590.0
2011-05-11,22.737,22.213,22.755,22.171,28571.0
2011-05-12,22.171,22.279,22.641,21.774,34982.0
2011-05-13,22.267,21.894000000000002,22.514,21.689,25094.0
2011-05-16,21.9,21.021,21.912,20.985,44361.0
2011-05-17,21.021,21.165,21.551,20.551,52130.0
2011-05-18,21.135,21.159000000000002,21.214000000000002,20.714000000000002,22734.0
2011-05-19,21.195999999999998,20.834,21.539,20.804000000000002,13206.0
2011-05-20,20.804000000000002,20.714000000000002,21.063000000000002,20.563000000000002,16294.0
2011-05-23,20.72,20.202,20.804000000000002,20.082,22864.0
2011-05-24,20.112000000000002,20.285999999999998,20.401,19.769000000000002,15179.0
2011-05-25,20.285999999999998,20.256,20.804000000000002,20.118,15442.0
2011-05-26,20.467,20.244,20.701999999999998,20.232,10570.0
2011-05-27,20.082,19.865,20.285999999999998,19.799,18414.0
2011-05-30,19.865,19.558,20.052,19.455,15103.0
2011-05-31,19.534000000000002,20.256,20.256,19.528,26404.0
2011-06-01,20.25,20.63,20.714000000000002,19.997,20915.0
2011-06-02,20.413,20.834,21.009,20.112000000000002,26048.0
2011-06-03,20.774,20.84,21.195999999999998,20.774,19767.0
2011-06-07,20.774,20.84,21.045,20.521,11927.0
2011-06-08,20.925,20.828000000000007,20.943,20.479,12242.0
2011-06-09,20.557,20.575,20.925,20.526999999999997,9715.0
2011-06-10,20.575,20.503,20.701999999999998,19.871,21534.0
2011-06-13,20.178,20.774,20.864,19.930999999999997,13541.0
2011-06-14,20.761999999999997,21.394000000000002,21.521,20.563000000000002,25380.0
2011-06-15,21.135,21.184,21.56900000000001,21.135,11235.0
2011-06-16,20.955,20.774,21.135,20.666,8475.0
2011-06-17,20.774,20.798000000000002,21.19,20.485,7600.0
2011-06-20,20.648000000000003,20.851999999999997,21.123,20.648000000000003,9580.0
2011-06-21,20.864,21.388,21.418000000000006,20.834,14526.0
2011-06-22,21.551,21.719,22.039,21.394000000000002,29631.0
2011-06-23,21.677,22.009,22.153000000000002,21.285999999999998,21932.0
2011-06-24,22.015,22.544,23.08,21.791999999999998,35768.0
2011-06-27,22.587,22.941999999999997,23.05,22.43,45161.0
2011-06-28,22.820999999999998,23.363000000000003,23.412,22.581,57489.0
2011-06-29,23.363000000000003,23.213,23.544,23.183000000000003,39534.0
2011-07-01,23.651999999999997,23.002,23.796999999999997,22.773000000000003,35231.0
2011-07-04,22.881999999999998,23.424,23.514,22.851999999999997,77955.0
2011-07-05,23.273000000000003,22.881999999999998,23.333000000000002,22.496,50614.0
2011-07-06,22.755,22.465999999999998,22.96,22.279,69383.0
2011-07-07,22.448,22.093000000000004,22.730999999999998,21.99,61089.0
2011-07-08,22.039,22.279,22.441999999999997,21.99,29231.0
2011-07-11,22.147,22.406,22.55,22.063000000000002,39859.0
2011-07-12,22.34,22.441999999999997,22.641,22.129,28163.0
2011-07-13,22.587,22.561999999999998,22.725,22.316,35479.0
2011-07-14,22.611,22.695,23.05,22.52,29044.0
2011-07-15,22.701,22.375999999999998,22.845,22.322,33288.0
2011-07-18,22.49,21.665,22.55,21.647,52808.0
2011-07-19,21.677,21.232,21.791999999999998,21.111,30030.0
2011-07-20,21.298000000000002,21.19,21.557,21.116999999999997,26730.0
2011-07-21,21.195999999999998,21.521,21.706999999999997,21.19,35156.0
2011-07-22,21.497,21.526999999999997,21.611,21.381999999999998,14147.0
2011-07-25,21.497,20.612,21.497,20.599,23432.0
2011-07-26,20.612,20.377,20.761999999999997,20.136,19445.0
2011-07-27,20.371,20.425,20.701999999999998,20.172,25667.0
2011-07-28,20.352999999999998,20.425,20.587,20.142,24286.0
2011-07-29,20.425,20.112000000000002,20.557,19.871,18950.0
2011-08-01,20.172,20.371,20.526999999999997,20.058,12661.0
2011-08-02,20.202,20.389,20.449,20.039,13136.0
2011-08-03,20.25,20.895,21.159000000000002,20.094,34158.0
2011-08-04,20.774,20.851999999999997,21.171999999999997,20.744,16358.0
2011-08-05,20.352999999999998,20.985,21.165,20.184,25518.0
2011-08-08,20.533,20.335,21.063000000000002,19.528,31732.0
2011-08-09,19.269000000000002,20.1,20.274,19.209,20845.0
2011-08-10,20.533,20.322,20.774,20.292,15523.0
2011-08-11,20.039,20.87,20.955,19.871,29283.0
2011-08-12,20.936999999999998,21.135,21.226,20.901,18291.0
2011-08-15,21.135,22.273000000000003,22.273000000000003,20.985,47739.0
2011-08-16,22.249000000000002,22.159000000000002,22.665,22.039,48288.0
2011-08-17,22.068,22.165,22.421,21.873,18803.0
2011-08-18,22.116999999999997,21.671999999999997,22.336,21.506999999999998,44816.0
2011-08-19,21.148000000000003,21.447,21.568,21.13,25672.0
2011-08-22,21.386,21.331,21.855,21.203000000000007,14087.0
2011-08-23,21.561999999999998,21.483,21.678,21.264,15419.0
2011-08-24,21.666,21.94,22.019000000000002,21.465,20721.0
2011-08-25,22.232,22.111,22.239,21.781999999999996,36457.0
2011-08-26,21.983,21.526,22.105,21.355,27151.0
2011-08-29,21.331,21.305999999999997,21.654,21.264,10270.0
2011-08-30,21.386,21.434,21.605,21.386,13867.0
2011-08-31,21.434,21.897,21.995,21.392,27878.0
2011-09-01,21.891,21.739,22.250999999999998,21.544,15588.0
2011-09-02,21.873,21.635,21.928,21.331,15835.0
2011-09-05,21.428,21.666,21.873,21.142,15007.0
2011-09-06,21.398000000000003,20.673000000000002,21.678,20.447,25359.0
2011-09-07,21.02,20.892,21.02,20.35,23952.0
2011-09-08,20.874000000000002,20.496,20.892,20.35,10185.0
2011-09-09,20.374000000000002,20.399,20.831,20.35,7748.0
2011-09-13,20.160999999999998,20.057000000000002,20.392,19.905,7104.0
2011-09-14,20.045,20.198,20.301,19.977999999999998,19174.0
2011-09-15,20.198,20.215999999999998,20.484,20.173,5816.0
2011-09-16,20.222,20.289,20.410999999999998,20.167,6314.0
2011-09-19,20.35,20.003,20.35,19.984,6550.0
2011-09-20,19.984,20.198,20.222,19.977999999999998,4280.0
2011-09-21,20.198,20.935,21.203000000000007,20.124000000000002,16477.0
2011-09-22,20.758000000000006,20.118,20.929000000000002,20.1,12713.0
2011-09-23,19.910999999999998,19.503,20.094,19.497,15395.0
2011-09-26,19.727999999999998,19.521,19.862000000000002,19.369,11584.0
2011-09-27,19.631,20.105999999999998,20.118,19.503,21226.0
2011-09-28,20.149,20.167,20.502,19.984,13918.0
2011-09-29,20.105999999999998,19.698,20.105999999999998,19.619,7208.0
2011-09-30,19.801,19.875,20.167,19.558,6054.0
2011-10-10,19.741,19.855999999999998,19.977999999999998,19.741,3184.0
2011-10-11,20.289,19.619,20.453,19.131,8058.0
2011-10-12,19.801,19.862000000000002,19.954,19.137,37054.0
2011-10-13,19.789,19.253,19.789,19.101,51166.0
2011-10-14,19.247,17.998,19.247,17.425,68762.0
2011-10-17,17.894000000000005,18.180999999999997,18.601,17.706,27324.0
2011-10-18,18.12,17.961,18.327,17.949,18006.0
2011-10-19,17.961,17.706,18.125999999999998,17.602,15104.0
2011-10-20,17.706,16.95,17.820999999999994,16.95,14198.0
2011-10-21,16.974,16.511,17.06,16.219,16539.0
2011-10-24,16.463,16.907,16.92,15.914000000000001,28391.0
2011-10-25,16.914,17.303,17.334,16.694000000000006,39070.0
2011-10-26,17.34,17.974,18.163,17.273,45245.0
2011-10-27,17.986,18.278,18.504,17.846,35685.0
2011-10-28,18.327,18.339000000000002,18.619,18.083,28703.0
2011-10-31,18.315,19.375,19.539,18.125999999999998,68870.0
2011-11-01,19.363,19.412,19.533,19.192,39850.0
2011-11-02,19.131,19.82,19.82,18.644000000000002,24201.0
2011-11-03,19.741,20.045,20.441,19.418,45718.0
2011-11-04,20.325,20.105999999999998,20.35,19.984,15378.0
2011-11-07,20.063,20.105999999999998,20.410999999999998,19.82,16839.0
2011-11-08,20.112000000000002,19.801,20.167,19.692,16115.0
2011-11-09,19.789,20.959,21.02,19.741,45970.0
2011-11-10,20.715,20.898000000000003,21.294,20.594,31124.0
2011-11-11,20.91,20.227999999999998,21.142,20.204,33126.0
2011-11-14,20.35,20.99,21.014,20.307000000000002,27242.0
2011-11-15,20.983,21.325,21.355,20.77,25568.0
2011-11-16,21.264,21.051,21.593000000000004,20.807,27858.0
2011-11-17,21.02,21.081,21.142,20.781999999999996,14310.0
2011-11-18,20.837,20.533,21.02,20.307000000000002,27754.0
2011-11-21,20.410999999999998,20.410999999999998,20.685,20.227999999999998,16569.0
2011-11-22,20.295,20.319000000000006,20.52,20.045,12180.0
2011-11-23,20.35,20.405,20.825,20.118,16825.0
2011-11-24,20.118,20.52,20.789,20.118,10586.0
2011-11-25,20.355999999999998,20.362000000000002,20.557,20.24,9934.0
2011-11-28,20.410999999999998,20.594,20.764,20.35,14602.0
2011-11-29,20.654,21.051,21.203000000000007,20.654,24119.0
2011-11-30,21.051,20.496,21.226999999999997,20.045,18451.0
2011-12-01,20.953000000000007,21.178,21.538,20.801,36877.0
2011-12-02,21.02,21.008000000000006,21.178,20.715,22731.0
2011-12-05,20.734,19.637,20.947,19.375,39138.0
2011-12-06,19.479,19.497,19.789,19.472,17176.0
2011-12-07,19.521,19.96,20.124000000000002,19.375,35908.0
2011-12-08,19.96,20.447,20.715,19.85,30672.0
2011-12-09,20.289,20.52,20.868000000000002,20.1,43307.0
2011-12-12,20.472,19.948,20.502,19.862000000000002,31051.0
2011-12-13,19.759,19.375,19.771,19.332,13505.0
2011-12-14,19.326,19.064,19.619,18.887999999999998,14097.0
2011-12-15,18.997,19.07,19.314,18.979,9328.0
2011-12-16,19.247,19.649,19.996,19.009,37418.0
2011-12-19,19.674,20.862,21.506999999999998,19.649,64273.0
2011-12-20,20.855999999999998,20.976999999999997,21.252,20.410999999999998,20365.0
2011-12-21,21.325,20.819000000000006,21.648000000000003,20.715,30863.0
2011-12-22,20.654,20.837,21.002,20.277,27052.0
2011-12-23,20.819000000000006,21.233,21.447,20.545,31626.0
2011-12-26,21.305999999999997,21.568,21.843000000000004,21.142,24460.0
2011-12-27,21.526,21.014,21.561999999999998,20.35,31048.0
2011-12-28,20.886,20.813000000000002,20.996,19.801,31184.0
2011-12-29,20.715,20.715,21.02,20.38,47423.0
2011-12-30,20.781999999999996,21.866999999999997,22.178,20.781999999999996,61538.0
2012-01-04,21.811999999999998,20.289,21.861,19.984,48585.0
2012-01-05,20.258,18.887999999999998,20.258,18.845,44589.0
2012-01-06,18.814,18.766,19.43,18.601,23997.0
2012-01-09,19.156,18.601,19.156,17.852,55933.0
2012-01-10,18.625999999999998,19.6,19.68,18.437,98572.0
2012-01-11,19.558,19.418,19.984,19.223,71256.0
2012-01-12,19.369,19.485,19.594,19.229,36105.0
2012-01-13,19.727999999999998,18.37,19.727999999999998,18.236,42096.0
2012-01-16,18.339000000000002,18.047,18.339000000000002,17.974,15588.0
2012-01-17,18.096,19.192,19.29,18.053,25016.0
2012-01-18,18.949,18.546,19.375,18.278,25149.0
2012-01-19,18.54,19.253,19.375,18.278,21541.0
2012-01-20,19.271,19.558,19.722,19.046,20689.0
2012-01-30,19.558,19.375,19.82,18.887999999999998,17361.0
2012-01-31,19.314,19.491,19.649,19.314,12626.0
2012-02-01,19.57,19.271,20.076,19.18,14884.0
2012-02-02,19.424,19.539,19.576,19.198,20574.0
2012-02-03,19.503,19.558,19.759,19.485,27154.0
2012-02-06,19.747,19.588,19.747,19.405,14228.0
2012-02-07,19.436,18.869,19.6,18.37,24268.0
2012-02-08,19.009,19.326,19.558,18.583,16348.0
2012-02-09,19.326,19.381,19.46,19.192,16587.0
2012-02-10,19.198,19.637,19.942,19.198,21413.0
2012-02-13,19.68,19.917,20.13,19.509,30106.0
2012-02-14,19.862000000000002,20.088,20.118,19.649,23959.0
2012-02-15,20.015,20.149,20.198,19.99,21184.0
2012-02-16,20.149,20.447,20.764,20.057000000000002,28597.0
2012-02-17,20.715,20.502,20.77,20.198,14410.0
2012-02-20,20.734,20.185,20.831,20.051,28111.0
2012-02-21,20.472,20.410999999999998,20.472,20.057000000000002,13738.0
2012-02-22,20.472,20.581,20.801,20.167,23426.0
2012-02-23,20.484,20.636,20.715,20.423,25462.0
2012-02-24,20.77,20.654,20.77,20.581,21324.0
2012-02-27,21.008000000000006,20.752,21.044,20.594,36931.0
2012-02-28,20.892,20.715,21.02,20.624000000000002,22547.0
2012-02-29,20.837,21.209,21.311999999999998,20.533,31594.0
2012-03-01,21.294,20.886,21.3,20.837,19515.0
2012-03-02,20.843000000000004,21.093000000000004,21.221,20.843000000000004,28597.0
2012-03-05,21.081,20.265,21.136,20.258,70180.0
2012-03-06,20.105999999999998,19.552,20.137,19.497,62603.0
2012-03-08,19.741,19.68,19.771,19.552,30634.0
2012-03-09,19.68,19.862000000000002,19.965999999999998,19.68,21660.0
2012-03-12,19.838,19.71,19.855999999999998,19.265,63124.0
2012-03-13,19.715999999999998,20.009,20.105999999999998,19.564,31392.0
2012-03-14,20.105999999999998,20.258,20.654,19.99,70078.0
2012-03-15,19.936,20.155,20.594,19.936,34730.0
2012-03-16,20.155,19.862000000000002,20.319000000000006,19.57,37790.0
2012-03-19,19.814,19.741,20.021,19.43,29984.0
2012-03-20,19.747,19.21,19.795,19.21,23387.0
2012-03-21,19.46,19.399,19.552,19.131,15271.0
2012-03-22,19.436,19.43,19.607,19.253,12631.0
2012-03-23,19.43,19.284000000000002,19.491,19.192,13585.0
2012-03-26,19.265,19.095,19.412,19.009,11533.0
2012-03-27,19.107,19.284000000000002,19.43,18.936,15274.0
2012-03-28,19.247,18.851,19.314,18.839000000000002,23215.0
2012-03-29,18.887999999999998,18.906,19.009,18.644000000000002,17162.0
2012-03-30,18.772000000000002,18.973,19.314,18.766,20586.0
2012-04-05,18.973,19.241,19.497,18.973,18948.0
2012-04-06,19.143,19.326,19.472,19.143,12911.0
2012-04-09,19.314,19.107,19.314,19.009,13503.0
2012-04-10,19.302,19.192,19.302,19.016,15611.0
2012-04-11,19.192,19.594,19.85,19.009,25074.0
2012-04-12,19.564,19.862000000000002,19.893,19.509,15036.0
2012-04-13,20.039,19.698,20.045,19.497,16579.0
2012-04-16,19.527,19.692,19.984,19.21,13597.0
2012-04-17,19.546,19.57,19.765,19.436,10681.0
2012-04-18,19.698,19.625,19.85,19.314,18412.0
2012-04-19,19.68,19.801,19.910999999999998,19.527,14703.0
2012-04-20,19.771,19.808,19.954,19.649,10878.0
2012-04-23,19.692,20.338,20.587,19.692,27034.0
2012-04-24,20.325,20.277,20.46,19.808,17401.0
2012-04-25,19.99,20.319000000000006,20.35,19.899,12525.0
2012-04-26,20.313,20.105999999999998,20.423,20.105999999999998,11167.0
2012-04-27,20.105999999999998,20.112000000000002,20.215999999999998,19.965999999999998,8441.0
2012-05-02,20.191,20.399,20.685,20.191,28496.0
2012-05-03,20.368,20.569000000000006,20.868000000000002,20.368,19094.0
2012-05-04,20.776,21.233,21.361,20.533,33147.0
2012-05-07,21.02,21.325,21.355,20.886,27625.0
2012-05-08,21.325,20.898000000000003,21.325,20.764,20732.0
2012-05-09,20.715,21.02,21.02,20.38,23441.0
2012-05-10,21.178,20.959,21.178,20.472,17330.0
2012-05-11,20.825,20.795,20.898000000000003,20.533,12326.0
2012-05-14,20.6,20.015,20.77,20.009,26567.0
2012-05-15,19.881,19.625,20.105999999999998,19.491,32258.0
2012-05-16,19.576,19.192,19.619,19.18,21149.0
2012-05-17,19.381,19.405,19.552,19.29,19725.0
2012-05-18,19.497,19.436,19.497,19.162,11361.0
2012-05-21,19.479,19.363,19.692,19.271,8153.0
2012-05-22,19.357,19.789,19.789,19.357,17849.0
2012-05-24,19.844,19.497,19.844,19.351,12668.0
2012-05-25,19.375,19.332,19.637,19.198,6335.0
2012-05-28,19.332,20.045,20.082,19.076,19311.0
2012-05-29,19.99,20.1,20.283,19.862000000000002,14400.0
2012-05-30,20.137,19.783,20.271,19.727999999999998,11825.0
2012-05-31,19.789,19.99,20.137,19.789,19254.0
2012-06-01,19.99,20.24,20.526999999999997,19.99,18163.0
2012-06-04,20.094,19.801,20.094,19.741,15900.0
2012-06-05,19.801,19.533,19.977999999999998,19.527,13239.0
2012-06-06,19.71,19.381,19.844,19.229,11233.0
2012-06-07,19.613,19.259,19.855999999999998,19.253,7631.0
2012-06-08,19.259,19.18,19.71,19.18,8815.0
2012-06-11,19.302,19.497,19.631,19.29,9535.0
2012-06-12,19.314,19.107,19.607,18.894000000000002,10221.0
2012-06-13,19.168,19.308,19.491,19.168,10678.0
2012-06-14,19.308,19.326,19.46,19.204,5956.0
2012-06-15,19.485,19.509,19.558,19.326,9093.0
2012-06-18,19.472,19.619,19.71,19.436,6457.0
2012-06-19,19.576,19.302,19.619,19.101,9383.0
2012-06-20,19.32,19.338,19.479,19.241,5599.0
2012-06-21,19.338,19.009,19.357,18.961,9707.0
2012-06-25,19.009,18.035,19.369,17.901,19246.0
2012-06-26,17.547,17.84,17.974,17.486,21037.0
2012-06-27,17.73,17.182000000000002,17.809,17.06,38671.0
2012-06-28,17.279,16.633,17.34,16.274,56377.0
2012-06-29,16.524,16.694000000000006,16.877,16.329,33246.0
2012-07-02,16.7,16.457,16.749000000000002,16.249000000000002,37938.0
2012-07-03,16.432000000000002,16.45,16.865,16.347,25118.0
2012-07-04,16.615,16.53,16.615,16.219,19208.0
2012-07-05,16.53,15.908,16.53,15.908,28262.0
2012-07-06,15.969000000000001,16.755,16.755,15.524000000000001,56350.0
2012-07-09,16.45,16.219,16.572,16.035999999999998,28239.0
2012-07-10,16.237000000000002,16.42,16.633,16.230999999999998,24850.0
2012-07-11,16.42,16.7,16.932000000000002,16.347,25844.0
2012-07-12,16.633,17.011,17.169,16.633,28213.0
2012-07-13,17.194000000000006,16.914,17.194000000000006,16.785999999999998,12858.0
2012-07-16,17.06,15.950999999999999,17.06,15.78,36962.0
2012-07-17,16.061,16.054000000000002,16.237000000000002,15.847000000000001,11361.0
2012-07-18,16.055,16.166,16.227,15.833,9042.0
2012-07-19,16.049,16.252,16.585,16.049,11243.0
2012-07-20,16.252,15.937999999999999,16.252,15.808,13595.0
2012-07-23,15.784,15.716,16.024,15.642000000000001,14798.0
2012-07-24,15.654000000000002,15.679,15.777000000000001,15.605,7269.0
2012-07-25,15.716,15.345999999999998,15.814,15.315,26302.0
2012-07-26,15.345999999999998,15.512,15.654000000000002,15.13,13732.0
2012-07-27,15.519,15.525,15.648,15.352,9186.0
2012-07-30,15.537,15.642000000000001,15.71,15.537,16948.0
2012-07-31,15.642000000000001,15.408,15.747,15.352,10149.0
2012-08-01,15.408,15.574000000000002,15.833,15.408,13017.0
2012-08-02,15.469000000000001,15.519,15.623,15.345999999999998,8636.0
2012-08-03,15.42,15.555,15.610999999999999,15.383,8087.0
2012-08-06,15.623,15.857000000000001,15.95,15.555,22180.0
2012-08-07,15.722000000000001,16.264,16.301,15.722000000000001,23427.0
2012-08-08,16.258,16.264,16.424,15.968,14439.0
2012-08-09,16.27,16.289,16.394000000000002,16.153,11648.0
2012-08-10,16.295,16.332,16.498,16.166,12629.0
2012-08-13,16.332,16.221,16.455,16.195999999999998,14900.0
2012-08-14,16.252,16.024,16.326,15.408,27807.0
2012-08-15,16.012,16.005,16.27,15.469000000000001,13749.0
2012-08-16,15.839,15.592,16.024,15.530999999999999,16731.0
2012-08-17,15.654000000000002,15.605,15.703,15.482000000000001,9229.0
2012-08-20,15.5,15.796,15.962,15.377,35737.0
2012-08-21,15.796,15.839,16.035999999999998,15.74,11373.0
2012-08-22,15.827,16.381,16.572,15.777000000000001,34135.0
2012-08-23,16.387,16.918,17.410999999999998,16.387,60813.0
2012-08-24,16.665,16.64,16.905,16.338,42446.0
2012-08-27,16.628,16.677,16.794,16.455,38587.0
2012-08-28,16.652,16.677,16.825,16.529,20188.0
2012-08-29,16.548,16.733,16.948,16.283,34086.0
2012-08-30,16.874000000000002,16.129,16.905,15.962,22556.0
2012-08-31,15.975,15.765,16.258,15.665999999999999,19275.0
2012-09-03,15.857000000000001,15.42,15.944,15.389000000000001,26431.0
2012-09-04,15.432,15.204,15.488,15.069,27621.0
2012-09-05,15.173,15.136,15.29,15.069,10922.0
2012-09-06,15.222999999999999,15.118,15.370999999999999,14.853,20580.0
2012-09-07,15.186,15.679,16.024,15.142999999999999,68956.0
2012-09-10,15.685,16.442999999999998,16.517,15.685,60315.0
2012-09-11,16.277,16.012,16.295,15.827,27109.0
2012-09-12,16.195999999999998,16.172,16.332,15.987,17364.0
2012-09-13,16.042,16.258,16.461,16.042,19980.0
2012-09-14,16.4,16.135,16.424,16.012,23128.0
2012-09-17,16.135,15.599,16.203,15.599,17004.0
2012-09-18,15.599,15.315,15.599,15.173,8742.0
2012-09-19,15.345999999999998,15.377,15.716,15.21,17430.0
2012-09-20,15.222999999999999,15.118,15.357999999999999,15.099,11915.0
2012-09-21,15.118,15.241,15.277999999999999,15.038,17208.0
2012-09-24,15.241,15.482000000000001,15.71,14.995,18848.0
2012-09-25,15.469000000000001,15.345999999999998,15.519,15.309000000000001,17503.0
2012-09-26,15.58,14.73,15.58,14.722999999999999,17706.0
2012-09-27,14.915,15.247,15.345999999999998,14.317,44072.0
2012-09-28,15.099,15.327,15.648,14.908,23304.0
2012-10-08,15.592,15.623,15.703,15.34,15937.0
2012-10-09,15.408,15.907,15.981,15.352,25596.0
2012-10-10,15.839,16.178,16.332,15.839,22622.0
2012-10-11,16.184,15.95,16.184,15.907,8731.0
2012-10-12,16.166,15.833,16.264,15.777000000000001,10951.0
2012-10-15,15.845,15.574000000000002,15.937999999999999,15.377,7598.0
2012-10-16,15.568,15.352,15.617,15.34,23601.0
2012-10-17,15.530999999999999,15.408,15.530999999999999,15.302999999999999,7912.0
2012-10-18,15.537,15.519,15.592,15.21,19822.0
2012-10-19,15.530999999999999,16.622,16.825,15.408,58856.0
2012-10-22,16.523,17.072,17.115,16.4,54144.0
2012-10-23,17.004,16.776,17.035,16.572,32621.0
2012-10-24,16.585,17.09,17.317999999999998,16.579,49613.0
2012-10-25,17.065,17.072,17.256,16.887,39767.0
2012-10-26,16.954,16.301,17.053,16.159000000000002,35108.0
2012-10-29,16.178,16.338,16.394000000000002,16.098,8875.0
2012-10-30,16.332,16.258,16.616,16.221,12774.0
2012-10-31,16.246,16.03,16.394000000000002,15.975,18430.0
2012-11-01,16.073,16.523,16.628,16.067,24820.0
2012-11-02,16.511,16.893,17.041,16.406,24375.0
2012-11-05,16.726,17.608,17.737000000000005,16.671,43072.0
2012-11-06,17.577,17.472,17.805,17.337,40786.0
2012-11-07,17.565,17.133,17.657,17.133,21879.0
2012-11-08,16.948,16.936,17.195,16.813,9405.0
2012-11-09,17.059,17.115,17.121,16.616,17400.0
2012-11-12,17.102,16.745,17.102,16.702,22300.0
2012-11-13,16.708,16.702,17.059,16.517,15752.0
2012-11-14,16.855999999999998,17.195,17.238,16.708,31827.0
2012-11-15,17.195,17.01,17.485,16.887,19279.0
2012-11-16,16.874000000000002,16.825,17.133,16.517,16953.0
2012-11-19,16.813,17.176,17.183,16.671,18074.0
2012-11-20,17.244,17.269000000000002,17.435,17.01,21184.0
2012-11-21,17.3,17.207,17.497,17.17,24482.0
2012-11-22,17.232,17.583,17.651,17.183,23250.0
2012-11-23,17.565,17.565,18.002,17.528,32979.0
2012-11-26,17.509,17.133,17.509,17.078,23077.0
2012-11-27,16.954,17.084,17.256,16.893,12779.0
2012-11-28,16.936,16.64,17.176,16.394000000000002,20865.0
2012-11-29,16.64,16.868,17.084,16.64,13084.0
2012-11-30,16.831,17.287,17.465999999999998,16.831,26738.0
2012-12-03,17.164,17.565,17.91,17.164,19986.0
2012-12-04,17.565,17.625999999999994,17.805,17.386,43723.0
2012-12-05,17.497,18.180999999999997,18.23,17.324,58034.0
2012-12-06,18.15,17.811,18.31,17.725,31213.0
2012-12-07,17.7,18.36,18.378,17.7,26381.0
2012-12-10,18.575,18.180999999999997,18.674,18.045,31245.0
2012-12-11,18.088,18.101,18.292,17.785999999999994,15819.0
2012-12-12,18.187,18.119,18.273,17.934,11779.0
2012-12-13,17.99,18.101,18.347,17.922,13722.0
2012-12-14,18.156,19.105,19.192,18.156,40161.0
2012-12-17,19.105,18.779,19.284000000000002,18.643,33083.0
2012-12-18,18.902,19.019000000000002,19.309,18.625,18328.0
2012-12-19,18.964000000000002,18.674,19.044,18.569000000000006,18173.0
2012-12-20,18.500999999999998,18.532,18.816,18.076,14512.0
2012-12-21,18.500999999999998,18.865,19.007,18.489,11828.0
2012-12-24,19.055999999999997,18.828,19.198,18.508,12684.0
2012-12-25,18.705,19.66,19.722,18.434,47995.0
2012-12-26,19.537,19.617,19.925,19.204,26027.0
2012-12-27,19.722,19.605,19.783,19.480999999999998,14241.0
2012-12-28,19.833,19.66,19.925,19.512,21928.0
2012-12-31,19.845,19.66,19.907,19.229,27441.0
2013-01-04,19.66,19.142,19.715999999999998,19.099,47762.0
2013-01-07,19.105,18.797,19.414,18.655,40606.0
2013-01-08,18.754,19.167,19.333,18.674,39604.0
2013-01-09,19.055999999999997,19.475,19.722,19.055999999999997,25444.0
2013-01-10,19.487000000000002,19.235,19.58,19.105,19224.0
2013-01-11,19.241,19.229,19.537,18.575,32577.0
2013-01-14,19.401,19.845,20.603,19.377,160323.0
2013-01-15,19.919,20.954,21.065,19.654,73147.0
2013-01-16,20.769000000000002,20.4,20.916999999999998,20.153,46938.0
2013-01-17,20.437,20.523000000000003,20.739,20.307000000000002,39260.0
2013-01-18,20.769000000000002,21.324,21.805,20.529,74108.0
2013-01-21,21.38,21.324,21.69400000000001,21.201,43607.0
2013-01-22,21.54,20.504,21.54,20.461,34853.0
2013-01-23,20.523000000000003,20.874000000000002,21.078000000000007,20.4,20675.0
2013-01-24,21.016,20.64,21.416999999999998,20.061,39597.0
2013-01-25,20.862,20.954,21.46,20.461,43625.0
2013-01-28,21.046999999999997,22.15,22.285,20.805999999999997,57411.0
2013-01-29,22.162,22.415,22.717,21.947,38139.0
2013-01-30,22.495,22.464000000000002,22.526,22.064,29387.0
2013-01-31,22.372,23.142,23.221999999999998,22.205,56012.0
2013-02-01,23.235,25.114,25.459,23.235,134055.0
2013-02-04,24.651999999999997,25.416,25.971,24.344,90152.0
2013-02-05,25.188000000000002,25.576999999999998,26.193,24.498,58570.0
2013-02-06,25.583000000000002,25.823,26.748,25.416,41328.0
2013-02-07,26.748,26.1,27.333000000000002,25.976999999999997,108577.0
2013-02-08,26.081999999999997,26.691999999999997,27.241,25.891,44087.0
2013-02-18,26.871,27.98,28.029,26.778000000000002,61154.0
2013-02-19,27.98,26.199,27.98,26.199,72618.0
2013-02-20,25.915,26.932,27.259,25.915,65085.0
2013-02-21,26.809,26.205,26.809,24.892,70147.0
2013-02-22,26.193,25.546,26.500999999999998,25.275,33461.0
2013-02-25,25.872,25.583000000000002,26.193,24.96,50009.0
2013-02-26,25.595,24.843000000000004,26.23,24.695,52973.0
2013-02-27,24.849,24.805999999999997,25.311999999999998,24.572,33660.0
2013-02-28,25.09,26.415,26.593000000000004,25.083000000000002,55144.0
2013-03-01,26.476,27.764,27.764,26.415,59599.0
2013-03-04,27.671999999999997,27.320999999999998,28.073,26.267,68612.0
2013-03-05,27.136,27.116999999999997,27.561,25.842,63866.0
2013-03-06,27.13,26.741,27.166999999999998,26.248,62859.0
2013-03-07,26.464000000000002,25.219,26.624000000000002,24.899,104905.0
2013-03-08,25.268,25.083000000000002,25.656999999999996,24.64,40496.0
2013-03-11,24.781999999999996,24.535,25.471999999999998,24.406,47493.0
2013-03-12,24.603,24.72,24.916999999999998,23.320999999999998,59747.0
2013-03-13,24.831,24.57800000000001,24.929000000000002,24.344,34574.0
2013-03-14,24.56,24.59,25.206999999999997,24.461,32913.0
2013-03-15,24.609,25.09,25.638,24.609,51747.0
2013-03-18,25.070999999999998,25.638,26.014,24.965999999999998,46232.0
2013-03-19,25.816999999999997,25.083000000000002,25.945999999999998,24.811999999999998,30064.0
2013-03-20,25.127,25.576999999999998,25.755,24.965999999999998,33889.0
2013-03-21,25.607,26.291,26.766,25.318,53884.0
2013-03-22,26.439,25.86,26.624000000000002,25.761,41848.0
2013-03-25,26.07,24.281999999999996,26.186999999999998,23.746,122139.0
2013-03-26,24.035999999999998,24.651999999999997,25.022,23.419,56252.0
2013-03-27,24.59,24.529,24.997,24.054000000000002,40078.0
2013-03-28,24.651999999999997,23.555,24.714000000000002,22.803,86307.0
2013-03-29,23.555,23.198,23.968000000000004,23.116999999999997,36841.0
2013-04-01,22.908,23.339000000000002,23.721,22.660999999999998,39230.0
2013-04-02,23.142,23.401,23.851,23.142,31056.0
2013-04-03,23.475,22.660999999999998,23.715,22.249000000000002,60523.0
2013-04-08,22.186999999999998,23.358,23.456,21.91,40965.0
2013-04-09,23.358,22.97,23.802,22.84,34437.0
2013-04-10,22.803,22.729,23.154,22.359,29181.0
2013-04-11,22.908,23.37,23.604,22.908,40710.0
2013-04-12,23.395,23.734,23.869,23.375999999999998,39403.0
2013-04-15,23.82,23.475,23.851,23.302,21467.0
2013-04-16,23.641,23.611,23.974,23.296,24235.0
2013-04-17,23.604,23.006999999999998,23.783,22.865,33912.0
2013-04-18,23.025,23.326999999999998,23.480999999999998,22.809,21254.0
2013-04-19,23.351999999999997,24.59,24.775,23.351999999999997,48092.0
2013-04-22,24.651999999999997,24.035999999999998,24.763,23.956,36872.0
2013-04-23,24.011,22.612,24.011,22.514,62874.0
2013-04-24,22.581,23.074,23.142,21.921999999999997,73447.0
2013-04-25,22.803,22.279,22.914,22.101,59351.0
2013-04-26,22.47,22.081999999999997,22.803,22.064,29412.0
2013-05-02,21.928,21.755,22.372,21.478,43750.0
2013-05-03,21.879,22.180999999999997,22.514,21.86,31747.0
2013-05-06,22.224,23.272,23.59800000000001,22.224,56858.0
2013-05-07,23.0,23.999000000000002,24.221,23.0,52182.0
2013-05-08,24.307,24.159000000000002,24.651999999999997,24.005,55692.0
2013-05-09,24.646,26.014,26.563000000000002,24.59,111841.0
2013-05-10,25.945999999999998,26.624000000000002,27.345,25.945999999999998,80786.0
2013-05-13,26.605999999999998,26.180999999999997,26.908,25.835,56233.0
2013-05-14,26.136999999999997,23.604,26.136999999999997,23.561,206104.0
2013-05-15,23.296,23.666,24.035999999999998,23.221999999999998,63828.0
2013-05-16,23.826,23.993000000000002,24.215,23.604,47785.0
2013-05-17,24.035999999999998,23.993000000000002,24.250999999999998,23.629,55966.0
2013-05-20,24.035999999999998,25.712,26.113000000000003,24.035999999999998,78523.0
2013-05-21,25.854,25.268,25.854,24.658,57568.0
2013-05-22,24.96,25.139,25.441,24.775,43588.0
2013-05-23,24.781999999999996,24.627,25.268,24.455,46038.0
2013-05-24,24.64,25.33,25.385,24.634,28436.0
2013-05-27,25.342,25.989,26.180999999999997,25.318,54469.0
2013-05-28,26.07,25.976999999999997,26.162,25.373,29958.0
2013-05-29,25.959,25.712,26.236,25.680999999999997,28615.0
2013-05-30,25.509,25.385,25.749000000000002,25.145,30797.0
2013-05-31,25.515,25.891,26.279,25.213,39074.0
2013-06-03,26.057,26.07,26.809,25.761,65719.0
2013-06-04,26.07,24.701,26.136999999999997,24.516,60048.0
2013-06-05,24.59,24.338,25.083000000000002,24.159000000000002,37910.0
2013-06-06,24.31900000000001,24.096999999999998,24.584,23.943,33000.0
2013-06-07,24.096999999999998,23.795,24.338,23.480999999999998,32802.0
2013-06-13,23.406999999999996,23.081,23.419,22.636999999999997,46276.0
2013-06-14,23.081,24.288,24.393,22.933000000000003,57686.0
2013-06-17,24.47300000000001,23.857,24.64,23.789,47840.0
2013-06-18,23.851,23.463,23.968000000000004,23.154,36200.0
2013-06-19,23.438000000000002,22.896,23.438000000000002,22.514,39563.0
2013-06-20,22.68,21.54,22.68,21.261999999999997,72362.0
2013-06-21,21.261999999999997,21.84800000000001,21.99,20.954,28991.0
2013-06-24,21.873,20.276,21.873,20.03,62102.0
2013-06-25,19.887999999999998,21.503,21.743000000000002,18.605999999999998,76983.0
2013-06-26,21.503,21.509,21.983,21.022,47277.0
2013-06-27,21.811,20.831,21.823,20.56,51696.0
2013-06-28,20.554000000000002,20.578000000000007,20.85,20.079,51237.0
2013-07-01,20.43,20.246,20.695,19.29,63572.0
2013-07-02,20.165,20.474,20.554000000000002,19.66,66327.0
2013-07-03,20.335,20.344,20.54,19.869,65240.0
2013-07-04,20.428,21.147,21.631999999999998,19.925,104061.0
2013-07-05,21.156,21.081,21.613000000000003,20.895,60389.0
2013-07-08,20.941,20.149,20.941,19.897000000000002,48593.0
2013-07-09,19.971,18.992,20.195,18.712,87094.0
2013-07-10,18.936,19.3,19.402,18.395,127945.0
2013-07-11,19.374000000000002,20.382,20.791999999999998,19.215999999999998,105797.0
2013-07-12,20.382,19.617,20.708000000000002,19.608,101740.0
2013-07-15,19.822,19.962,20.195,19.635,104760.0
2013-07-16,20.046,21.044,21.136999999999997,19.878,128620.0
2013-07-17,20.988000000000003,20.465999999999998,20.988000000000003,20.354,82892.0
2013-07-18,20.307000000000002,19.281,20.307000000000002,19.038,175152.0
2013-07-19,19.141,18.712,19.272000000000002,18.656,121130.0
2013-07-22,18.6,19.421,19.449,18.432000000000002,84353.0
2013-07-23,19.449,19.58,19.840999999999998,19.355999999999998,119718.0
2013-07-24,19.402,19.402,19.57,18.899,106550.0
2013-07-25,19.374000000000002,19.281,19.486,18.964000000000002,86750.0
2013-07-26,19.076,19.942999999999998,19.99,19.029,121056.0
2013-07-29,19.934,19.197,19.934,18.936,83601.0
2013-07-30,19.393,19.011,19.458,18.432000000000002,82342.0
2013-07-31,19.169,19.048,19.449,18.945,45171.0
2013-08-01,19.328,19.393,19.449,19.029,65548.0
2013-08-02,19.57,19.048,19.775,19.029,60531.0
2013-08-05,19.048,19.393,19.44,18.871,72008.0
2013-08-06,19.188,19.840999999999998,20.037,19.188,100823.0
2013-08-07,19.897000000000002,19.85,20.298,19.757,101495.0
2013-08-08,19.878,20.354,20.662,19.840999999999998,101701.0
2013-08-09,20.102,20.494,20.662,20.102,72084.0
2013-08-12,20.774,21.109,21.221,20.774,99764.0
2013-08-13,21.343000000000004,21.156,21.725,20.904,87265.0
2013-08-14,21.175,20.848000000000006,21.66,20.69,74418.0
2013-08-15,20.875999999999998,20.214000000000002,21.035,20.102,86311.0
2013-08-16,20.177,19.775,20.708000000000002,19.719,93880.0
2013-08-19,19.775,20.4,20.4,19.552,92599.0
2013-08-20,20.41,19.85,20.428,19.775,102376.0
2013-08-21,19.887,19.384,19.887,19.215999999999998,98640.0
2013-08-22,19.384,19.71,19.719,19.132,75133.0
2013-08-23,19.775,19.113,19.831,18.917,125493.0
2013-08-26,19.141,19.337,19.458,19.122,61645.0
2013-08-27,19.673,19.99,20.354,19.663,137949.0
2013-08-28,20.009,19.625999999999998,20.018,19.58,96755.0
2013-08-29,20.083,20.27,20.615,20.083,158594.0
2013-08-30,20.149,20.634,20.969,20.149,157147.0
2013-09-02,20.69,21.305,21.576,20.382,170982.0
2013-09-03,21.398000000000003,21.361,21.51,21.025,137735.0
2013-09-04,21.343000000000004,20.941,21.343000000000004,20.895,107849.0
2013-09-05,20.932,21.548000000000002,21.706,20.736,110497.0
2013-09-06,21.464000000000002,21.305,21.641,21.184,66546.0
2013-09-09,21.482,21.482,21.641,21.128,64780.0
2013-09-10,21.491999999999997,22.750999999999998,23.32,21.491999999999997,155047.0
2013-09-11,23.068,22.779,23.283,22.63,126339.0
2013-09-12,22.807,22.77,23.07800000000001,22.666999999999998,72411.0
2013-09-13,23.13300000000001,22.704,23.74,22.686,102705.0
2013-09-16,22.535999999999998,22.574,22.695,21.734,108133.0
2013-09-17,22.583000000000002,22.145,22.583000000000002,22.089000000000002,61319.0
2013-09-18,22.359,22.041999999999998,22.359,21.734,45412.0
2013-09-23,22.275,22.546,22.686,21.901999999999997,61616.0
2013-09-24,23.011999999999997,23.217,23.609,22.741999999999997,141968.0
2013-09-25,23.04,23.143,23.553,22.807,70392.0
2013-09-26,22.947,22.163,23.07800000000001,22.163,62588.0
2013-09-27,22.107,21.473000000000006,22.331,21.156,98875.0
2013-09-30,21.641,22.005,22.386999999999997,21.641,55462.0
2013-10-08,22.386999999999997,23.311,23.441,22.386999999999997,132641.0
2013-10-09,23.226999999999997,23.189,23.404,22.779,79670.0
2013-10-10,23.199,23.171,23.73,22.9,92277.0
2013-10-11,23.32,24.840999999999998,25.064,23.273000000000003,213306.0
2013-10-14,24.691,25.101999999999997,25.158,24.253,109337.0
2013-10-15,25.186,24.57,25.307,24.215999999999998,87593.0
2013-10-16,24.579,23.693,24.607,23.46,118153.0
2013-10-17,23.926,23.721,24.625999999999998,23.6,96849.0
2013-10-18,23.609,23.842,24.029,23.226999999999997,63404.0
2013-10-21,23.936,25.335,25.484,23.936,187055.0
2013-10-22,25.745,25.035999999999998,26.921,25.026999999999997,318701.0
2013-10-23,25.101999999999997,25.326,25.596,24.673000000000002,130808.0
2013-10-24,25.326,24.951999999999998,25.811,24.906,142506.0
2013-10-25,24.924,24.514,25.829,24.309,138287.0
2013-10-28,24.719,23.908,24.775,23.75800000000001,100826.0
2013-10-29,23.926,23.245,24.439,22.303,133057.0
2013-10-30,23.226999999999997,24.476999999999997,24.607,23.04,98273.0
2013-10-31,24.421,23.861,24.625999999999998,23.796,55246.0
2013-11-01,23.861,23.87,24.309,23.525,49647.0
2013-11-04,24.261999999999997,24.859,25.158,24.253,97675.0
2013-11-05,24.625999999999998,25.232,25.307,24.206,95871.0
2013-11-06,25.26,24.673000000000002,25.745,24.635,91950.0
2013-11-07,24.625999999999998,24.701,24.962,24.253,50845.0
2013-11-08,24.561,24.803,25.22300000000001,24.355,77655.0
2013-11-11,24.766,24.272,24.906,24.076,52764.0
2013-11-12,23.889,24.15,24.318,23.151999999999997,90716.0
2013-11-13,23.785999999999998,24.122,24.785,23.656,60155.0
2013-11-14,24.309,24.141,24.309,23.506999999999998,43676.0
2013-11-15,24.048000000000002,24.346,24.934,23.908,79654.0
2013-11-18,24.449,25.326,25.354,24.449,108581.0
2013-11-19,25.484,25.791999999999998,25.885,25.250999999999998,109512.0
2013-11-20,26.1,25.699,26.156,25.475,52261.0
2013-11-21,25.568,25.232,26.118000000000002,24.999000000000002,55656.0
2013-11-22,25.651999999999997,25.465,26.016,25.186,53577.0
2013-11-25,25.316,25.875999999999998,26.044,25.083000000000002,55385.0
2013-11-26,25.875999999999998,25.279,26.081,25.186,49010.0
2013-11-27,25.232,25.148000000000003,25.372,24.691,70536.0
2013-11-28,25.111,25.660999999999998,25.913,25.111,70134.0
2013-11-29,25.671,25.745,25.783,25.372,47566.0
2013-12-02,25.092,24.635,25.605,24.486,70629.0
2013-12-03,24.449,25.204,25.279,24.449,42818.0
2013-12-04,25.148000000000003,26.118000000000002,26.24,25.026999999999997,97405.0
2013-12-05,26.285999999999998,25.783,26.37,25.643,71402.0
2013-12-06,25.885,26.631,27.079,25.84800000000001,181551.0
2013-12-09,27.518,27.704,28.75800000000001,27.256,212084.0
2013-12-10,27.891,28.311,28.636999999999997,26.949,178988.0
2013-12-11,27.881,29.029,29.346,27.714000000000002,186333.0
2013-12-12,28.796,28.59,29.113000000000003,28.245,71785.0
2013-12-13,28.076999999999998,27.947,28.357,27.415,100657.0
2013-12-16,27.769000000000002,27.359,28.59,27.331,94869.0
2013-12-17,27.238000000000003,26.995,27.49,26.725,59912.0
2013-12-18,27.051,28.245,28.245,27.051,84391.0
2013-12-19,28.264,27.451999999999998,29.15,27.424,102905.0
2013-12-20,27.163,26.305,27.769000000000002,26.146,100964.0
2013-12-23,26.585,26.910999999999998,27.219,26.109,65436.0
2013-12-24,26.93,27.266,27.546,26.678,53096.0
2013-12-25,27.275,27.424,27.741999999999997,27.125999999999998,56559.0
2013-12-26,27.611,27.76,28.441,27.526999999999997,135422.0
2013-12-27,27.76,28.889,29.046999999999997,27.76,144317.0
2013-12-30,28.954,28.916999999999998,29.271,28.46,81751.0
2013-12-31,28.73,28.73,29.197,28.34800000000001,69417.0
2014-01-02,28.684,28.488000000000003,28.73,27.984,66379.0
2014-01-03,28.264,28.021,28.636999999999997,27.72300000000001,68985.0
2014-01-06,28.021,27.173000000000002,28.021,27.033,83199.0
2014-01-07,26.949,27.49,27.583000000000002,26.799,75403.0
2014-01-08,27.564,27.434,28.151999999999997,27.005,63500.0
2014-01-09,27.48,26.576,27.48,26.305,102100.0
2014-01-10,26.416999999999998,25.511999999999997,26.585,25.316,77595.0
2014-01-13,25.41,24.747,25.660999999999998,24.719,79620.0
2014-01-14,24.738000000000003,25.755,25.839000000000002,24.16,100491.0
2014-01-15,25.708000000000002,26.156,26.212,25.559,69759.0
2014-01-16,26.165,25.755,26.445,25.736,60416.0
2014-01-17,25.764,25.101999999999997,25.904,25.092,40505.0
2014-01-20,25.241999999999997,25.484,26.025,25.139,47906.0
2014-01-21,25.484,25.811,26.053,25.447,30693.0
2014-01-22,25.755,26.715,27.125999999999998,24.673000000000002,145264.0
2014-01-23,26.631,26.416999999999998,26.697,26.165,69481.0
2014-01-24,26.38,26.826999999999998,26.958000000000002,26.23,72656.0
2014-01-27,26.678,25.857,26.678,25.839000000000002,84869.0
2014-01-28,25.764,25.279,26.23,25.12,64210.0
2014-01-29,25.511999999999997,25.250999999999998,25.559,25.074,61803.0
2014-01-30,25.279,25.335,25.587,25.166999999999998,34255.0
2014-02-07,24.999000000000002,25.381999999999998,25.41,24.999000000000002,43263.0
2014-02-10,25.773000000000003,26.678,26.939,25.568,119687.0
2014-02-11,26.678,26.603,27.125999999999998,26.044,89041.0
2014-02-12,26.585,27.322,27.49,26.52,97741.0
2014-02-13,27.975,26.594,28.217,26.426,144980.0
2014-02-14,26.594,26.818,26.93,26.165,82016.0
2014-02-17,26.921,27.09800000000001,27.331,26.659000000000002,88054.0
2014-02-18,27.145,26.305,27.238000000000003,26.156,115203.0
2014-02-19,26.128,26.006999999999998,26.416999999999998,25.755,83883.0
2014-02-20,26.006999999999998,26.034000000000002,26.276999999999997,25.465,67399.0
2014-02-21,26.025,26.109,26.398000000000003,25.839000000000002,58626.0
2014-02-24,26.212,25.148000000000003,26.305,24.906,125933.0
2014-02-25,25.176,23.096,25.27,22.63,254225.0
2014-02-26,22.741999999999997,22.219,22.76,21.548000000000002,162192.0
2014-02-27,22.266,22.023000000000003,22.62,21.65,126315.0
2014-02-28,21.967,22.639,22.741999999999997,21.65,142252.0
2014-03-03,22.666999999999998,23.581,23.675,22.666999999999998,129120.0
2014-03-04,23.590999999999998,23.535,23.73,23.04,74820.0
2014-03-05,23.581,23.18,23.842,23.087,69203.0
2014-03-06,23.151999999999997,23.208000000000002,23.46,22.275,69646.0
2014-03-07,23.04,22.77,23.395,22.63,52913.0
2014-03-10,22.77,22.49,23.151999999999997,22.340999999999998,67619.0
2014-03-11,22.415,23.32,23.432,22.107,87226.0
2014-03-12,23.311,23.283,23.506999999999998,22.807,52841.0
2014-03-13,23.311,23.432,23.563000000000002,23.031,57216.0
2014-03-14,23.301,22.881999999999998,23.357,22.714000000000002,42592.0
2014-03-17,23.13300000000001,23.003,23.13300000000001,22.574,56598.0
2014-03-18,22.872,23.04,23.291999999999998,22.872,54046.0
2014-03-19,23.04,22.07,23.04,21.809,94038.0
2014-03-20,22.107,20.988000000000003,22.471,20.829,119979.0
2014-03-21,20.941,21.38,21.52,20.848000000000006,64237.0
2014-03-24,21.529,21.986,22.285,21.249000000000002,64827.0
2014-03-25,21.921,21.753,22.201,21.585,51293.0
2014-03-26,21.865,21.949,22.238000000000003,21.82800000000001,31593.0
2014-03-27,22.014,21.268,22.014,21.268,55219.0
2014-03-28,21.268,21.315,21.548000000000002,21.1,35236.0
2014-03-31,21.538,21.361,21.631999999999998,21.221,23846.0
2014-04-01,21.361,21.753,21.874000000000002,21.268,29440.0
2014-04-02,21.855999999999998,21.576,21.901999999999997,21.529,32675.0
2014-04-03,21.82800000000001,22.041999999999998,22.499000000000002,21.548000000000002,76483.0
2014-04-04,22.005,22.807,22.872,21.921,96995.0
2014-04-08,22.601999999999997,23.199,23.395,22.601999999999997,80322.0
2014-04-09,23.226999999999997,23.32,23.469,22.994,52299.0
2014-04-10,23.32,22.564,23.32,22.406,112576.0
2014-04-11,22.546,22.014,22.546,21.986,92485.0
2014-04-14,22.023000000000003,22.881999999999998,22.9,22.023000000000003,80977.0
2014-04-15,23.301,22.666999999999998,23.553,22.611,168521.0
2014-04-16,22.666999999999998,23.115,23.171,22.658,51925.0
2014-04-17,23.18,23.151999999999997,23.506999999999998,22.826,60768.0
2014-04-18,22.947,22.91,23.171,22.77,40574.0
2014-04-21,22.714000000000002,22.07,23.105999999999998,21.949,77997.0
2014-04-22,21.82800000000001,22.07,22.173000000000002,21.548000000000002,51041.0
2014-04-23,21.921,23.506999999999998,24.141,21.82800000000001,143463.0
2014-04-24,23.413,23.264,23.647,22.975,82886.0
2014-04-25,23.329,22.76,23.647,22.695,56702.0
2014-04-28,22.526999999999997,22.443,22.9,22.191,50942.0
2014-04-29,22.480999999999998,23.18,23.236,22.480999999999998,68738.0
2014-04-30,23.160999999999998,23.385,23.46,23.05,57220.0
2014-05-05,23.301,23.636999999999997,23.647,23.199,67267.0
2014-05-06,23.628,23.366999999999997,24.076,23.366999999999997,76721.0
2014-05-07,23.236,23.516,23.861,23.031,80267.0
2014-05-08,23.413,23.087,23.88,22.965999999999998,74407.0
2014-05-09,23.199,22.854,23.311,22.611,51536.0
2014-05-12,23.160999999999998,23.143,23.236,22.526999999999997,66551.0
2014-05-13,23.04,22.854,23.199,22.750999999999998,41903.0
2014-05-14,22.76,22.443,22.835,22.294,77955.0
2014-05-15,22.434,22.07,22.564,22.07,48446.0
2014-05-16,22.182,21.8,22.182,21.343000000000004,74182.0
2014-05-19,21.734,21.893,21.967,21.51,33647.0
2014-05-20,22.014,21.874000000000002,22.275,21.715999999999998,45227.0
2014-05-21,21.818,22.154,22.173000000000002,21.51,37412.0
2014-05-22,22.09800000000001,21.949,22.35,21.921,40754.0
2014-05-23,21.995,22.014,22.09800000000001,21.837,27283.0
2014-05-26,22.219,22.154,22.369,22.023000000000003,35420.0
2014-05-27,22.154,22.191,22.509,22.145,36993.0
2014-05-28,22.191,22.303,22.415,21.744,56741.0
2014-05-29,22.229,22.154,22.480999999999998,22.107,57296.0
2014-05-30,22.154,23.13300000000001,23.451,22.154,188745.0
2014-06-03,23.329,23.954,24.244,23.329,181245.0
2014-06-04,23.833000000000002,23.87,24.122,23.516,89556.0
2014-06-05,23.833000000000002,23.842,23.954,23.506999999999998,53064.0
2014-06-06,23.964000000000002,24.066,24.467,23.964000000000002,102348.0
2014-06-09,23.954,23.656,24.253,23.544,63987.0
2014-06-10,23.656,24.374000000000002,24.421,23.432,92947.0
2014-06-11,24.374000000000002,24.38300000000001,24.663,24.066,70866.0
2014-06-12,24.206,24.141,24.766,24.066,54229.0
2014-06-13,24.141,24.896,25.074,23.97300000000001,90953.0
2014-06-16,24.924,24.654,25.465,24.579,74526.0
2014-06-17,24.813000000000002,24.326999999999998,24.813000000000002,24.244,75909.0
2014-06-18,24.326999999999998,24.048000000000002,24.467,23.97300000000001,53115.0
2014-06-19,24.048000000000002,23.97300000000001,24.691,23.954,59993.0
2014-06-20,23.88,24.57,24.747,23.88,62615.0
2014-06-23,24.813000000000002,25.158,25.493000000000002,24.589000000000002,89656.0
2014-06-24,25.576999999999998,25.326,26.109,25.204,111056.0
2014-06-25,25.4,25.745,25.839000000000002,25.046,59336.0
2014-06-26,25.745,25.783,26.025,25.372,70466.0
2014-06-27,25.783,25.316,25.82,25.279,50042.0
2014-06-30,25.298000000000002,25.158,25.465,24.794,100795.0
2014-07-01,25.176,25.363000000000003,25.708000000000002,24.934,78902.0
2014-07-02,25.391,25.22300000000001,25.624000000000002,24.840999999999998,62602.0
2014-07-03,24.98,25.344,25.643,24.934,68085.0
2014-07-04,25.372,25.344,25.587,25.035999999999998,50271.0
2014-07-07,25.279,24.738000000000003,25.456,24.729,69729.0
2014-07-08,24.738000000000003,25.074,25.250999999999998,24.579,69620.0
2014-07-09,25.046,24.663,25.166999999999998,24.523000000000003,72736.0
2014-07-10,24.551,23.954,24.551,23.88,84821.0
2014-07-11,23.97300000000001,24.000999999999998,24.197,23.74,83705.0
2014-07-14,24.113000000000003,24.645,24.645,24.01,69327.0
2014-07-15,24.682,23.964000000000002,24.719,23.74,116433.0
2014-07-16,24.068,23.908,24.323,23.831999999999997,53587.0
2014-07-17,23.916999999999998,23.03,24.002,22.945,102148.0
2014-07-18,23.03,23.322,23.53,23.011,59038.0
2014-07-21,23.36,23.7,23.916999999999998,23.36,63486.0
2014-07-22,23.624000000000002,23.7,24.096,23.615,71242.0
2014-07-23,23.7,22.954,23.831999999999997,22.888,95600.0
2014-07-24,22.964000000000002,22.840999999999998,23.2,22.548000000000002,125888.0
2014-07-25,22.840999999999998,23.256,23.294,22.803,72141.0
2014-07-28,23.331999999999997,23.879,23.926,23.143,112218.0
2014-07-29,23.86,24.068,24.323,23.587,88694.0
2014-07-30,24.068,24.068,24.398000000000003,23.983,74325.0
2014-07-31,24.153000000000002,24.171999999999997,24.247,23.945,60720.0
2014-08-01,24.162,24.144000000000002,24.493000000000002,23.889,95504.0
2014-08-04,24.238000000000003,24.37,24.493000000000002,23.993000000000002,76787.0
2014-08-05,24.351,24.416999999999998,24.57800000000001,24.171999999999997,74823.0
2014-08-06,24.436,24.304000000000002,24.455,24.162,70617.0
2014-08-07,24.351,23.813000000000002,24.483,23.785,79516.0
2014-08-08,23.908,23.596,23.955,23.521,105446.0
2014-08-11,23.596,23.945,24.21,23.483,87699.0
2014-08-12,23.785,23.596,23.879,23.483,122639.0
2014-08-13,23.596,23.7,23.936,23.47300000000001,81034.0
2014-08-14,23.719,24.076999999999998,24.445999999999998,23.511,177113.0
2014-08-15,24.228,24.955,24.965,24.21,220856.0
2014-08-18,25.105999999999998,24.899,25.256999999999998,24.7,122675.0
2014-08-19,24.936,24.738000000000003,24.984,24.455,108681.0
2014-08-20,24.729,25.522,25.909000000000002,24.729,229064.0
2014-08-21,25.389,25.625,25.956,25.323,129675.0
2014-08-22,25.616,25.408,26.06,25.276,119233.0
2014-08-25,25.256999999999998,25.135,25.38,24.899,77848.0
2014-08-26,24.945999999999998,24.993000000000002,25.41800000000001,24.851,73009.0
2014-08-27,24.927,24.842,25.105999999999998,24.549,72738.0
2014-08-28,24.795,24.965,25.144000000000002,24.634,62431.0
2014-08-29,25.04,25.445999999999998,25.455,24.776,76262.0
2014-09-01,25.455,25.445999999999998,25.56900000000001,25.04,103821.0
2014-09-02,25.38,25.455,25.484,25.059,125770.0
2014-09-03,25.644000000000002,25.55,25.909000000000002,25.436999999999998,148564.0
2014-09-04,25.673000000000002,25.596999999999998,25.748,25.323,110181.0
2014-09-05,25.625,25.323,25.663,24.965,189510.0
2014-09-09,25.323,25.399,25.503,25.06900000000001,88225.0
2014-09-10,25.342,24.955,25.351999999999997,24.916999999999998,127173.0
2014-09-11,24.899,25.011999999999997,25.248,24.785,119326.0
2014-09-12,25.011999999999997,25.059,25.144000000000002,24.87,103510.0
2014-09-15,25.04,25.021,25.248,24.908,76133.0
2014-09-16,25.05,24.38,25.191,24.351,116711.0
2014-09-17,24.351,24.096,24.493000000000002,23.898000000000003,91602.0
2014-09-18,23.993000000000002,24.531,24.615,23.974,103271.0
2014-09-19,24.587,24.511999999999997,24.814,24.162,100362.0
2014-09-22,24.483,23.775,24.483,23.766,84849.0
2014-09-23,23.766,24.002,24.087,23.766,71209.0
2014-09-24,23.974,24.180999999999997,24.37,23.831999999999997,108499.0
2014-09-25,24.295,24.180999999999997,24.483,24.162,92573.0
2014-09-26,24.144000000000002,24.134,24.445999999999998,24.04,70990.0
2014-09-29,24.153000000000002,24.521,24.748,24.153000000000002,108393.0
2014-09-30,24.493000000000002,24.625,24.851,24.445999999999998,75605.0
2014-10-08,24.634,24.861,24.965,24.474,99082.0
2014-10-09,25.011999999999997,25.276,25.559,24.984,230417.0
2014-10-10,25.059,25.04,25.371,24.993000000000002,107359.0
2014-10-13,25.295,25.691,25.767,24.945999999999998,196788.0
2014-10-14,25.57800000000001,25.295,25.88,25.22,137975.0
2014-10-15,25.295,25.795,25.965,25.059,184671.0
2014-10-16,25.795,25.511999999999997,26.25800000000001,25.503,171438.0
2014-10-17,25.474,25.484,25.767,24.965,111598.0
2014-10-20,25.57800000000001,25.91800000000001,26.041,25.427,124517.0
2014-10-21,25.871,25.635,25.993000000000002,25.436999999999998,107253.0
2014-10-22,25.644000000000002,25.191,25.814,25.06900000000001,102063.0
2014-10-23,25.201,25.144000000000002,25.436999999999998,24.908,108504.0
2014-10-24,25.125,25.229,25.436999999999998,25.011999999999997,55286.0
2014-10-27,25.201,25.663,25.861,25.06900000000001,102280.0
2014-10-28,25.729,25.936999999999998,25.993000000000002,25.682,121295.0
2014-10-29,25.965,25.936999999999998,26.003,25.739,136759.0
2014-10-30,25.936999999999998,26.55,26.843000000000004,25.871,222974.0
2014-10-31,26.503,26.494,26.579,26.211,118547.0
2014-11-03,26.513,25.842,26.56900000000001,25.767,158780.0
2014-11-04,25.945999999999998,25.55,25.945999999999998,25.295,124252.0
2014-11-05,25.55,25.616,25.729,25.408,58341.0
2014-11-06,25.72,25.607,25.72,25.276,65507.0
2014-11-07,25.682,25.956,26.011999999999997,25.493000000000002,117756.0
2014-11-10,26.003,26.06,26.135,25.682,85604.0
2014-11-11,25.993000000000002,25.899,26.05,25.295,124502.0
2014-11-12,25.814,25.899,25.945999999999998,25.389,75425.0
2014-11-13,25.899,25.285999999999998,25.899,25.248,86940.0
2014-11-14,25.201,25.011999999999997,25.54,24.984,65274.0
2014-11-17,25.059,25.201,25.38,24.851,59405.0
2014-11-18,25.182,24.833000000000002,25.182,24.71,86726.0
2014-11-19,24.823,24.889,24.974,24.634,80284.0
2014-11-20,24.823,24.663,24.823,24.625,60521.0
2014-11-21,24.663,24.965,24.993000000000002,24.663,62286.0
2014-11-24,25.295,25.05,25.342,24.974,104568.0
2014-11-25,25.182,25.276,25.333000000000002,24.927,137819.0
2014-11-26,25.351999999999997,25.351999999999997,25.57800000000001,25.105999999999998,96113.0
2014-11-27,25.57800000000001,25.38,25.851999999999997,25.248,114069.0
2014-11-28,25.201,24.87,25.295,24.748,146923.0
2014-12-01,24.804000000000002,25.021,25.06900000000001,24.549,137854.0
2014-12-02,24.955,25.596999999999998,25.596999999999998,24.842,170019.0
2014-12-03,25.673000000000002,26.125999999999998,26.163,25.511999999999997,220052.0
2014-12-04,26.22,26.428,26.531,25.936999999999998,166009.0
2014-12-05,26.409000000000002,25.625,26.691999999999997,25.248,147332.0
2014-12-08,25.842,26.144000000000002,26.456,25.531,175318.0
2014-12-09,26.05,26.484,28.315,25.833000000000002,344887.0
2014-12-10,26.89,27.475,27.891,26.645,255384.0
2014-12-11,27.334,27.09800000000001,27.796,26.664,176937.0
2014-12-12,27.088,27.579,27.701999999999998,26.994,141335.0
2014-12-15,27.579,27.776999999999997,27.891,27.305,104411.0
2014-12-16,27.768,26.975,27.881,26.881,146359.0
2014-12-17,27.003,26.436999999999998,27.051,26.107,127627.0
2014-12-18,26.447,26.276999999999997,26.843000000000004,25.984,123981.0
2014-12-19,26.276999999999997,26.815,26.9,26.05,151813.0
2014-12-22,26.994,25.909000000000002,27.031999999999996,25.304000000000002,165803.0
2014-12-23,26.096999999999998,25.91800000000001,26.239,25.814,76499.0
2014-12-24,26.107,26.05,26.239,25.75800000000001,86535.0
2014-12-25,26.096999999999998,26.72,26.75800000000001,25.927,118131.0
2014-12-26,26.59800000000001,26.579,26.785999999999998,26.285999999999998,92169.0
2014-12-29,26.579,25.975,26.862,25.663,123598.0
2014-12-30,25.88,24.955,25.975,24.823,167443.0
2014-12-31,25.002,25.323,25.389,24.823,86710.0
2015-01-05,25.323,26.691999999999997,27.06900000000001,25.323,192525.0
2015-01-06,26.465,27.107,27.531999999999996,26.333000000000002,202908.0
2015-01-07,27.051,26.805,27.088,26.362,119045.0
2015-01-08,27.324,29.486,29.486,27.296,387772.0
2015-01-09,30.04300000000001,28.976,30.175,28.844,313463.0
2015-01-12,28.701999999999998,29.354,29.541999999999998,28.315,192809.0
2015-01-13,29.212,29.618000000000002,29.693,29.07,149651.0
2015-01-14,29.730999999999998,28.665,29.854,28.334,122781.0
2015-01-15,28.57,28.985,29.230999999999998,28.485,102542.0
2015-01-16,28.881999999999998,29.533,29.778000000000002,28.816,115328.0
2015-01-19,28.551,27.324,29.08,26.994,214243.0
2015-01-20,27.419,28.108,28.221,27.183000000000003,181963.0
2015-01-21,28.155,28.504,28.74,28.079,160149.0
2015-01-22,28.561,28.212,28.881999999999998,28.127,113515.0
2015-01-23,28.296,28.881999999999998,29.429000000000002,28.023000000000003,169686.0
2015-01-26,28.787,29.769000000000002,29.844,28.344,168138.0
2015-01-27,29.646,29.230999999999998,30.033,28.787,188050.0
2015-01-28,29.24,29.354,29.995,28.938000000000002,144491.0
2015-01-29,29.061,28.956999999999997,29.533,28.59800000000001,88062.0
2015-01-30,29.165,27.805999999999997,29.221,27.73,166687.0
2015-02-02,27.371,27.362,27.74,26.975,107928.0
2015-02-03,27.636,27.655,27.843000000000004,27.183000000000003,117933.0
2015-02-04,27.655,27.079,27.776999999999997,27.041,108629.0
2015-02-05,27.362,26.785999999999998,27.551,26.739,101123.0
2015-02-06,26.616,26.333000000000002,27.041,26.135,100353.0
2015-02-09,26.428,26.862,26.862,26.333000000000002,104016.0
2015-02-10,26.9,26.73,27.107,26.484,87108.0
2015-02-11,26.73,27.4,27.409000000000002,26.691999999999997,126433.0
2015-02-12,27.362,27.513,27.607,27.136,71817.0
2015-02-13,27.749000000000002,27.56,28.116999999999997,27.485,118208.0
2015-02-16,27.56,27.796,28.23,27.465999999999998,123495.0
2015-02-17,27.881,28.315,28.531999999999996,27.853,116037.0
2015-02-25,28.305999999999997,27.938000000000002,28.523000000000003,27.371,91798.0
2015-02-26,27.928,28.116999999999997,28.221,27.701999999999998,58699.0
2015-02-27,28.127,28.108,28.4,28.031999999999996,79813.0
2015-03-02,30.92,30.92,30.92,30.92,122551.0
2015-03-03,33.214,32.044000000000004,33.497,31.750999999999998,799992.0
2015-03-04,31.561999999999998,32.279,32.685,31.316999999999997,271825.0
2015-03-05,32.138000000000005,31.76,32.506,31.392,219335.0
2015-03-06,31.76,30.20300000000001,31.976999999999997,29.901,282408.0
2015-03-09,30.20300000000001,31.213,31.250999999999998,30.109,158429.0
2015-03-10,31.04300000000001,30.93,31.619,30.854,109643.0
2015-03-11,30.93,31.232,31.43,30.732,101017.0
2015-03-12,31.232,30.392,31.336,29.948,139605.0
2015-03-13,30.381999999999998,30.561999999999998,30.570999999999998,29.881999999999998,119140.0
2015-03-16,30.864,31.221999999999998,31.43,30.392,162872.0
2015-03-17,31.298000000000002,31.373,31.996,31.09,165904.0
2015-03-18,31.410999999999998,31.54300000000001,31.609,30.88300000000001,233472.0
2015-03-19,31.487,31.015,31.496,30.93,172067.0
2015-03-20,31.015,30.88300000000001,31.364,30.721999999999998,186637.0
2015-03-23,31.04300000000001,31.892,31.968000000000004,31.04300000000001,257938.0
2015-03-24,31.996,31.666,31.996,30.958000000000002,245045.0
2015-03-25,31.392,32.486999999999995,33.129,31.336,316668.0
2015-03-26,32.486999999999995,32.27,33.469,31.901999999999997,288736.0
2015-03-27,32.232,32.346,33.214,32.166,189208.5
2015-03-30,32.279,32.884,33.271,32.11,203406.0
2015-03-31,33.091,33.260999999999996,34.45,33.035,246646.0
2015-04-01,33.346,33.799,34.195,33.11,185221.0
2015-04-02,34.365,34.167,34.922,33.535,229270.0
2015-04-03,33.997,33.61,34.025999999999996,33.318000000000005,209366.0
2015-04-07,33.582,33.818000000000005,34.205,33.365,193383.0
2015-04-08,33.818000000000005,32.61,33.903,32.336,294190.0
2015-04-09,32.515,32.071999999999996,32.515,30.968000000000004,263903.0
2015-04-10,31.94,32.402,32.506,31.741,200935.0
2015-04-13,32.591,33.44,33.695,32.317,249751.0
2015-04-14,33.403,32.657,33.403,32.534,190434.0
2015-04-15,32.657,31.487,33.091,31.458000000000002,234474.0
2015-04-16,31.43,32.091,32.11,30.976999999999997,232107.0
2015-04-17,32.279,32.563,33.214,32.080999999999996,270966.0
2015-04-20,32.091,31.675,32.657,31.336,269900.0
2015-04-21,31.94,33.488,33.554,31.808000000000003,281942.0
2015-04-22,33.714,34.781,34.979,33.582,314049.0
2015-04-23,34.262,33.62,34.262,33.45,366183.0
2015-04-24,33.035,35.96,36.904,32.760999999999996,447113.0
2015-04-27,35.857,35.753,36.49800000000001,35.48900000000001,248966.0
2015-04-28,35.677,36.244,37.537,35.328,315504.0
2015-04-29,36.414,35.22400000000001,36.414,34.394,290782.0
2015-04-30,34.809,34.271,35.422,34.271,208163.0
2015-05-04,34.262,34.639,35.073,33.601,158069.0
2015-05-05,34.46,33.289,34.601,33.223,169056.0
2015-05-06,33.875,33.129,34.309,32.95,134017.0
2015-05-07,33.044000000000004,32.421,33.563,32.279,118462.0
2015-05-08,32.884,33.11,33.412,32.279,132302.0
2015-05-11,33.11,33.978,34.035,32.94,177644.0
2015-05-12,34.073,33.884,34.158,33.412,188772.0
2015-05-13,33.893,34.318000000000005,34.573,33.836999999999996,214054.0
2015-05-14,34.271,33.648,34.545,33.516,148966.0
2015-05-15,33.648,32.657,33.648,32.534,135428.0
2015-05-18,32.61,33.025,33.318000000000005,32.355,178806.0
2015-05-19,33.016,33.742,33.941,32.846,178768.0
2015-05-20,33.884,33.96,34.686,33.676,230485.0
2015-05-21,33.978,34.582,34.649,33.903,201647.0
2015-05-22,34.922,35.073,35.819,34.733000000000004,249195.0
2015-05-25,35.111,35.696,36.187,34.771,251562.0
2015-05-26,35.791,36.178000000000004,36.385,34.903,372935.0
2015-05-27,36.225,35.96,36.923,35.48900000000001,273202.0
2015-05-28,35.866,33.431,36.527,33.157,308828.0
2015-05-29,33.44,32.760999999999996,33.846,32.383,260692.0
2015-06-01,32.846,33.969,34.12,32.799,266575.0
2015-06-02,34.158,36.649,37.018,33.724000000000004,438069.0
2015-06-03,36.876,36.102,37.027,35.394,310991.0
2015-06-04,36.102,35.394,36.319,33.393,266791.0
2015-06-05,35.677,36.744,37.537,35.677,460818.0
2015-06-08,37.187,37.14,37.725,36.253,390014.0
2015-06-09,37.169000000000004,35.923,37.282,35.441,302069.0
2015-06-10,35.536,35.91300000000001,36.48,35.215,333555.0
2015-06-11,35.866,36.76300000000001,36.772,35.592,317946.0
2015-06-12,37.357,37.735,38.971,37.357,479609.0
2015-06-15,38.273,36.904,39.066,36.81,355532.0
2015-06-16,36.621,35.083,36.621,34.62,301113.0
2015-06-17,35.083,36.14,36.178000000000004,34.658,239261.0
2015-06-18,36.244,34.498000000000005,36.244,34.309,227386.0
2015-06-19,34.271,32.176,34.8,32.1,189581.0
2015-06-23,32.336,33.251999999999995,33.251999999999995,30.684,189494.0
2015-06-24,33.28,33.78,33.836999999999996,32.629,237031.0
2015-06-25,33.724000000000004,32.544000000000004,34.243,31.976999999999997,222278.0
2015-06-26,32.085,29.287,32.085,29.287,313421.0
2015-06-29,29.889,27.616,30.031999999999996,26.355999999999998,342741.0
2015-06-30,27.206,29.593000000000004,29.784000000000002,26.404,277501.0
2015-07-01,29.44,28.304000000000002,30.271,28.294,255691.0
2015-07-02,28.724,26.116999999999997,28.925,25.697,208036.0
2015-07-03,25.878,24.083000000000002,26.919,23.873,235867.0
2015-07-06,26.49,24.494,26.49,22.345,308740.0
2015-07-07,23.682,22.87,24.054000000000002,22.059,405186.0
2015-07-14,25.162,25.162,25.162,25.162,18859.0
2015-07-15,27.683000000000003,25.239,27.683000000000003,25.095,562944.0
2015-07-16,25.239,25.468000000000004,26.116999999999997,23.969,250489.0
2015-07-17,25.64,26.976999999999997,27.253,25.621,255610.0
2015-07-20,27.215,27.16800000000001,27.76,26.546999999999997,286568.0
2015-07-21,26.642,26.814,27.177,26.423000000000002,217493.0
2015-07-22,27.311,26.776,27.56900000000001,26.250999999999998,234935.0
2015-07-23,26.671,27.225,27.378,26.27,285842.0
2015-07-24,27.244,26.776,28.055999999999997,26.555999999999997,304933.0
2015-07-27,26.26,24.101999999999997,26.642,24.101999999999997,259574.0
2015-07-28,23.443,23.93,24.217,22.441,311485.0
2015-07-29,24.245,24.885,24.923000000000002,23.576999999999998,173939.0
2015-07-30,24.799,23.739,25.0,23.587,144851.0
2015-07-31,23.969,24.016,24.101999999999997,23.566999999999997,137825.0
2015-08-03,23.778000000000002,24.82800000000001,24.82800000000001,23.587,168846.0
2015-08-04,25.458000000000002,26.537,26.651999999999997,25.449,238203.0
2015-08-05,26.337,26.184,27.186999999999998,25.983,219435.0
2015-08-06,25.678,26.26,26.604,25.496,118205.0
2015-08-07,26.384,26.623,26.738000000000003,26.241,158675.0
2015-08-10,26.833000000000002,27.54,27.855,26.738000000000003,230344.0
2015-08-11,27.416,26.956999999999997,27.454,26.805,194413.0
2015-08-12,26.747,26.116999999999997,26.929000000000002,26.06900000000001,154966.0
2015-08-13,26.06900000000001,27.425,27.483,26.031,200581.0
2015-08-14,27.74,27.941,28.839000000000002,27.701999999999998,301268.0
2015-08-17,28.035999999999998,28.915,29.469,28.035999999999998,304010.0
2015-08-18,29.000999999999998,26.022,29.296999999999997,26.022,274291.0
2015-08-19,25.42,26.546999999999997,26.738000000000003,24.465,198896.0
2015-08-20,26.26,25.42,26.651999999999997,25.334,131518.0
2015-08-21,25.219,23.901999999999997,25.401,23.873,150001.0
2015-08-24,22.947,21.514,23.233,21.514,257103.0
2015-08-25,19.958,19.366,21.142,19.366,309485.0
2015-08-26,19.719,19.958,20.913,19.375,276859.0
2015-08-27,20.836,21.83,21.849,20.053,224689.0
2015-08-28,22.000999999999998,22.526999999999997,23.281,21.495,328653.0
2015-08-31,21.963,22.307,22.374000000000002,21.495,230156.0
2015-09-01,21.94400000000001,21.734,21.94400000000001,20.625999999999998,253840.0
2015-09-02,21.008000000000006,22.164,22.326,20.625999999999998,278185.0
2015-09-07,22.441,21.381,23.156999999999996,21.218000000000004,238371.0
2015-09-08,21.151999999999997,22.230999999999998,22.307,21.018,118675.0
2015-09-09,22.737,22.87,23.166,22.288,231625.0
2015-09-10,22.401999999999997,22.068,22.718000000000004,21.982,120570.0
2015-09-11,22.068,21.963,22.393,21.677,91471.0
2015-09-14,22.25,20.33,22.584,19.92,166731.0
2015-09-15,20.053,19.69,20.598000000000006,19.433,123800.0
2015-09-16,19.929000000000002,21.476,21.658,19.71,160599.0
2015-09-17,21.209,20.816999999999997,21.753,20.816999999999997,143517.0
2015-09-18,20.951,20.816999999999997,21.123,20.531,85167.0
2015-09-21,20.531,21.343000000000004,21.419,20.474,115516.0
2015-09-22,22.230999999999998,21.705,22.430999999999997,21.666999999999998,187629.0
2015-09-23,21.448,22.021,22.326,21.276,177720.0
2015-09-24,21.886999999999997,21.791,22.07800000000001,21.553,146804.0
2015-09-25,21.419,20.531,21.686,20.063,128804.0
2015-09-28,20.435,21.066,21.419,20.197,75114.0
2015-09-29,20.703000000000007,20.063,20.798000000000002,20.063,100201.0
2015-09-30,20.34,20.273,20.435,19.977,65465.0
2015-10-08,21.171,20.97,21.18,20.789,111286.0
2015-10-09,20.999000000000002,21.209,21.438000000000002,20.894000000000002,105355.0
2015-10-12,21.295,22.145,22.374000000000002,21.247,197275.0
2015-10-13,21.963,22.154,22.364,21.868000000000002,140196.0
2015-10-14,22.03,21.753,22.201999999999998,21.734,133529.0
2015-10-15,21.763,22.565,22.631999999999998,21.763,186130.0
2015-10-16,22.831999999999997,22.526999999999997,22.87,22.164,182139.0
2015-10-19,22.593000000000004,23.08,23.109,22.345,223852.0
2015-10-20,23.014,23.004,23.033,22.603,148814.0
2015-10-21,23.014,21.695999999999998,23.041999999999998,21.486,201600.0
2015-10-22,21.695999999999998,22.07800000000001,22.173000000000002,21.666999999999998,137644.0
2015-10-23,22.201999999999998,22.746,22.909000000000002,22.125999999999998,166348.0
2015-10-26,23.061,23.491,23.587,22.651,249530.0
2015-10-27,22.823,22.842,23.147,21.906,282112.0
2015-10-28,22.517,21.97300000000001,22.804000000000002,21.925,189609.0
2015-10-29,22.116,22.201999999999998,22.488000000000003,21.935,106771.0
2015-10-30,22.201999999999998,21.772,22.221,21.695999999999998,144318.0
2015-11-02,21.629,21.39,21.83,21.218000000000004,98067.0
2015-11-03,21.476,21.199,21.561999999999998,21.142,93880.0
2015-11-04,21.304000000000002,22.25,22.269000000000002,21.295,168307.0
2015-11-05,22.307,22.726999999999997,23.128,22.145,294665.0
2015-11-06,22.726999999999997,23.014,23.119,22.641,230828.0
2015-11-09,22.936999999999998,23.329,23.653000000000002,22.718000000000004,262139.0
2015-11-10,23.205,23.243000000000002,23.529,22.87,202719.0
2015-11-11,23.252,23.587,23.978,23.205,219930.0
2015-11-12,23.825,23.338,23.873,22.956,189200.0
2015-11-13,23.033,23.041999999999998,23.673000000000002,22.995,185237.0
2015-11-16,22.689,23.396,23.396,22.622,134696.0
2015-11-17,23.739,23.482,23.93,23.396,251497.0
2015-11-18,23.415,22.87,23.566999999999997,22.775,144065.0
2015-11-19,22.956,23.357,23.366999999999997,22.813000000000002,126702.0
2015-11-20,23.34800000000001,23.52,23.653000000000002,23.224,175938.0
2015-11-23,23.491,23.605999999999998,24.121,23.424,225164.0
2015-11-24,23.539,24.331,24.340999999999998,23.329,233027.0
2015-11-25,24.29300000000001,24.331,24.389,23.988000000000003,188038.0
2015-11-26,24.494,23.873,24.685,23.873,181540.0
2015-11-27,23.825,22.498,23.825,22.201999999999998,182183.0
2015-11-30,22.535999999999998,22.307,22.689,21.486,158066.0
2015-12-01,22.355,22.698,22.804000000000002,21.963,122701.0
2015-12-02,22.91800000000001,23.31900000000001,23.424,22.698,172016.0
2015-12-03,23.31,23.375999999999998,23.443,23.033,123723.0
2015-12-04,23.291,22.775,23.291,22.708000000000002,130702.0
2015-12-07,22.956,22.861,23.070999999999998,22.698,85752.0
2015-12-08,22.88,22.401999999999997,23.070999999999998,22.355,108500.0
2015-12-09,22.393,22.269000000000002,22.584,22.183000000000003,83122.0
2015-12-10,22.269000000000002,22.38300000000001,22.593000000000004,22.191999999999997,86676.0
2015-12-11,22.38300000000001,22.746,22.775,22.326,97346.0
2015-12-14,22.593000000000004,23.243000000000002,23.261999999999997,22.45,135701.0
2015-12-15,23.252,23.09,23.31900000000001,22.88,134838.0
2015-12-16,23.186,23.08,23.3,22.936999999999998,112593.0
2015-12-17,23.243000000000002,23.596,23.596,23.205,200646.0
2015-12-18,23.596,23.405,23.739,23.261999999999997,144447.0
2015-12-21,23.405,24.236,24.494,23.329,291146.0
2015-12-22,24.340999999999998,24.29300000000001,24.36,23.921,181989.0
2015-12-23,24.408,23.778000000000002,24.445999999999998,23.778000000000002,177851.0
2015-12-24,23.778000000000002,23.844,24.188000000000002,23.587,129273.0
2015-12-25,23.88300000000001,23.796999999999997,24.188000000000002,23.634,117707.0
2015-12-28,23.787,23.281,24.351,23.119,223176.0
2015-12-29,23.375999999999998,23.51,23.539,23.156999999999996,95667.0
2015-12-30,23.529,24.064,24.074,23.51,161492.0
2015-12-31,24.169,23.644000000000002,24.217,23.644000000000002,105496.0
2016-01-04,23.653000000000002,21.695999999999998,23.739,21.695999999999998,106936.0
2016-01-05,21.476,21.61,22.173000000000002,20.921999999999997,151948.0
2016-01-06,21.619,22.154,22.24,21.448,113022.0
2016-01-07,21.695999999999998,20.072,21.744,20.044,33448.0
2016-01-08,20.674,20.435,20.816999999999997,19.633,121648.0
2016-01-11,20.13,18.688,20.215999999999998,18.631,189946.0
2016-01-12,18.840999999999998,18.85,19.165,18.449,93672.0
2016-01-13,19.041,18.038,19.089000000000002,18.029,121516.0
2016-01-14,17.857,18.516,18.564,17.666,94977.0
2016-01-15,18.382,17.685,18.477999999999998,17.437,96145.0
2016-01-18,17.189,17.58,17.991,17.122,119526.0
2016-01-19,17.628,18.277,18.335,17.532,128934.0
2016-01-20,18.172,17.857,18.43,17.771,117235.0
2016-01-21,17.58,17.198,18.067,17.189,97332.0
2016-01-22,17.427,17.408,17.532,17.017,73592.0
2016-01-25,17.59,17.494,17.733,17.37,60576.0
2016-01-26,17.332,16.157,17.36,16.043,102159.0
2016-01-27,16.186,16.157,16.463,15.355,97553.0
2016-01-28,15.947000000000001,15.440999999999999,16.176,15.374,69674.0
2016-01-29,15.440999999999999,16.043,16.215,15.355,78879.0
2016-02-01,16.09,16.043,16.137999999999998,15.823,63438.0
2016-02-02,16.137999999999998,16.444000000000006,16.692,16.070999999999998,80335.0
2016-02-03,16.234,16.377,16.434,16.062,59414.0
2016-02-04,16.444000000000006,16.567999999999998,16.759,16.425,74212.0
2016-02-05,16.673,16.234,16.673,16.224,67516.0
2016-02-15,15.755999999999998,15.966,16.137999999999998,15.623,48730.0
2016-02-16,16.052,16.654,16.663,16.052,93976.0
2016-02-17,16.635,16.845,16.845,16.52,111353.0
2016-02-18,16.979,16.721,17.026,16.692,98991.0
2016-02-19,16.663,16.816,16.854,16.587,83900.0
2016-02-22,17.074,17.933,17.991,17.007,212480.0
2016-02-23,17.714000000000006,17.733,17.895,17.494,125566.0
2016-02-24,17.570999999999998,18.029,18.229,17.551,129156.0
2016-02-25,17.933,16.234,18.01,16.224,142933.0
2016-02-26,16.472,16.500999999999998,16.682000000000002,16.137999999999998,84242.0
2016-02-29,16.616,15.355,16.616,14.945,118918.0
2016-03-01,15.384,15.67,15.842,15.183,80804.0
2016-03-02,15.661,16.444000000000006,16.500999999999998,15.623,118805.0
2016-03-03,16.425,16.377,16.625,16.348,108463.0
2016-03-04,17.236,17.733,18.019000000000002,17.236,444899.0
2016-03-07,17.37,17.733,18.315,17.284000000000002,232297.0
2016-03-08,17.599,17.418,17.647000000000006,16.95,124058.0
2016-03-09,16.998,16.883,17.112000000000002,16.73,97653.0
2016-03-10,16.807000000000002,16.797,17.112000000000002,16.768,74846.0
2016-03-11,16.702,16.577,16.768,16.434,63669.0
2016-03-14,16.845,17.332,17.475,16.711,111133.0
2016-03-15,17.189,17.179000000000002,17.332,17.084,64406.0
2016-03-16,17.313,16.864,17.313,16.816,66830.0
2016-03-17,16.921,17.389,17.427,16.873,102149.0
2016-03-18,17.456,17.838,18.0,17.437,151089.0
2016-03-21,18.048,18.124000000000002,18.373,17.857,170488.0
2016-03-22,18.0,18.115,18.268,17.771,105270.0
2016-03-23,18.048,18.468,18.621,17.962,133336.0
2016-03-24,18.382,17.857,18.382,17.848,98683.0
2016-03-25,17.867,17.933,18.058,17.647000000000006,70183.0
2016-03-28,17.924,17.933,18.22,17.857,103573.0
2016-03-29,17.905,17.676,17.942999999999994,17.523,77815.0
2016-03-30,17.781,18.42,18.43,17.781,120147.0
2016-03-31,18.42,18.335,18.506,18.201,120075.0
2016-04-01,18.249000000000002,18.153,18.344,17.819000000000006,104129.0
2016-04-05,18.01,18.669,18.736,18.0,141123.0
2016-04-06,18.573,18.793,19.022000000000002,18.525,111551.0
2016-04-07,18.86,18.172,18.907,18.163,110389.0
2016-04-08,18.077,18.0,18.077,17.828,68409.0
2016-04-11,18.096,18.631,18.887999999999998,18.096,136237.0
2016-04-12,18.583,18.335,18.583,18.229,66683.0
2016-04-13,18.382,18.688,19.06,18.382,168642.0
2016-04-14,18.793,19.28,19.366,18.793,125194.0
2016-04-15,19.28,19.366,19.442,19.06,86124.0
2016-04-18,19.250999999999998,18.984,19.250999999999998,18.707,96026.0
2016-04-19,18.955,18.764,19.07,18.611,77199.0
2016-04-20,18.879,17.972,18.887999999999998,17.284000000000002,122753.0
2016-04-21,17.79,17.551,18.01,17.532,72331.0
2016-04-22,17.551,17.771,17.875999999999994,17.485,42717.0
2016-04-25,17.771,17.666,17.838,17.475,34648.0
2016-04-26,17.676,17.819000000000006,17.933,17.628,34465.0
2016-04-27,17.933,17.762,17.980999999999995,17.685,35970.0
2016-04-28,17.762,17.723,17.857,17.494,41211.0
2016-04-29,17.628,17.59,17.685,17.523,47214.0
2016-05-03,17.666,18.048,18.086,17.512999999999998,68036.0
2016-05-04,17.924,18.468,18.611,17.914,98215.0
2016-05-05,18.43,18.468,18.669,18.268,56921.0
2016-05-06,18.506,17.8,18.602,17.762,68717.0
2016-05-09,17.742,17.284000000000002,17.742,17.093,68428.0
2016-05-10,17.217,16.711,17.418,16.644000000000002,96339.0
2016-05-11,16.893,16.721,16.912,16.625,58946.0
2016-05-12,16.702,16.492,16.702,16.215,95754.0
2016-05-13,16.453,16.492,16.654,16.358,43875.0
2016-05-16,16.377,16.692,16.692,16.272000000000002,58013.0
2016-05-17,16.702,16.511,16.73,16.367,55070.0
2016-05-18,16.425,16.262,16.425,16.062,63952.0
2016-05-19,16.243,16.262,16.406,16.224,33681.0
2016-05-20,16.137999999999998,16.32,16.32,16.043,31406.0
2016-05-23,16.339000000000002,16.434,16.539,16.281,55218.0
2016-05-24,16.453,16.444000000000006,16.635,16.32,60748.0
2016-05-25,16.567999999999998,16.386,16.654,16.339000000000002,44294.0
2016-05-26,16.367,16.32,16.472,16.024,49618.0
2016-05-27,16.31,16.31,16.396,16.137999999999998,38713.0
2016-05-30,16.262,16.186,16.329,16.1,34981.0
2016-05-31,16.224,16.797,16.835,16.195,105561.0
2016-06-01,16.797,16.759,16.883,16.682000000000002,64593.0
2016-06-02,16.930999999999994,17.666,17.886,16.902,204477.0
2016-06-03,17.609,18.535,18.917,17.512999999999998,295643.0
2016-06-06,18.477999999999998,18.335,18.477999999999998,18.096,129485.0
2016-06-07,18.487000000000002,18.927,19.022000000000002,18.22,179164.0
2016-06-08,18.917,18.621,18.917,18.373,125536.0
2016-06-13,18.335,18.239,18.43,18.019000000000002,110725.0
2016-06-14,18.163,18.144000000000002,18.268,17.809,70901.0
2016-06-15,17.953,19.261,19.566,17.867,195526.0
2016-06-16,19.175,19.223,19.27,18.840999999999998,120130.0
2016-06-17,19.232,18.831,19.423,18.755,125134.0
2016-06-20,18.822,18.764,18.927,18.305999999999997,72872.0
2016-06-21,18.831,18.115,18.898,18.029,90974.0
2016-06-22,18.144000000000002,18.43,18.459,18.077,56523.0
2016-06-23,18.258,18.201,18.382,18.048,48970.0
2016-06-24,18.201,18.344,18.707,17.685,147806.0
2016-06-27,18.134,18.592,18.611,18.134,102010.0
2016-06-28,18.497,18.583,18.592,18.268,66052.0
2016-06-29,18.669,19.118,19.48,18.64,187144.0
2016-06-30,19.28,19.250999999999998,19.547,19.146,129975.0
2016-07-01,19.194000000000006,19.089000000000002,19.576,19.022000000000002,107909.0
2016-07-04,19.051,19.509,19.652,18.936,111073.0
2016-07-05,19.605,20.273,20.474,19.442,177172.0
2016-07-06,20.311,20.569000000000006,20.693,20.015,131967.0
2016-07-07,20.454,19.948,20.531,19.834,122529.0
2016-07-08,19.91,19.948,20.215999999999998,19.862000000000002,80267.0
2016-07-11,19.891,19.748,20.292,19.69,69699.0
2016-07-12,19.719,20.426,20.474,19.509,151004.0
2016-07-13,20.579,21.094,21.438000000000002,20.55,208281.0
2016-07-14,21.151999999999997,20.849,21.201,20.752,76961.0
2016-07-15,21.015,20.908,21.015,20.615,45870.0
2016-07-18,20.869,20.673000000000002,20.879,20.498,57086.0
2016-07-19,20.546,20.703000000000007,20.947,20.302,73310.0
2016-07-20,20.555999999999997,20.477999999999998,20.761,20.477999999999998,52080.0
2016-07-21,20.517,20.458,20.81,20.322,61110.0
2016-07-22,20.605,20.107,20.605,20.019000000000002,57917.0
2016-07-25,20.029,19.852999999999998,20.204,19.637999999999998,67582.0
2016-07-26,19.862000000000002,20.741999999999997,20.761,19.745,79825.0
2016-07-27,20.741999999999997,19.755,20.741999999999997,19.521,98951.0
2016-07-28,19.765,20.4,20.506999999999998,19.569000000000006,104715.0
2016-07-29,20.234,20.262999999999998,20.752,20.234,86314.0
2016-08-01,20.125999999999998,19.452,20.125999999999998,19.052,91541.0
2016-08-02,19.433,19.472,19.511,19.296,31220.0
2016-08-03,19.472,19.902,20.067999999999998,19.384,62118.0
2016-08-04,19.96,19.98,20.204,19.745,30908.0
2016-08-05,19.930999999999997,19.96,20.340999999999998,19.852999999999998,39630.0
2016-08-08,20.038,20.302,20.302,19.589000000000002,49358.0
2016-08-09,20.253,20.488000000000003,20.664,20.087,70516.0
2016-08-10,20.477999999999998,20.41,20.605,20.253,42551.0
2016-08-11,20.468,19.892,20.517,19.794,66401.0
2016-08-12,19.843,19.97,20.107,19.55,63856.0
2016-08-15,20.029,20.81,20.976,19.98,144444.0
2016-08-16,20.849,21.396,21.561999999999998,20.81,216302.0
2016-08-17,21.299,21.348000000000006,21.67,21.201,91100.0
2016-08-18,21.308000000000003,21.162,21.465,21.074,58018.0
2016-08-19,21.151999999999997,20.947,21.151999999999997,20.869,53846.0
2016-08-22,20.976,20.849,21.151999999999997,20.664,57394.0
2016-08-23,20.888,20.625,20.927,20.419,89883.0
2016-08-24,20.859,20.82,21.162,20.712,97728.0
2016-08-25,20.537,20.331,20.761,20.185,92895.0
2016-08-26,20.4,20.340999999999998,20.683000000000003,20.273,88288.0
2016-08-29,20.351,20.506999999999998,20.625,20.322,45284.0
2016-08-30,20.605,20.439,20.888,20.340999999999998,92241.0
2016-08-31,20.312,20.429000000000002,20.498,20.195,45975.0
2016-09-01,20.449,20.566,20.8,20.351,72226.0
2016-09-02,20.506999999999998,20.986,20.986,20.498,109498.0
2016-09-05,21.25,21.787,22.246,21.25,291571.0
2016-09-06,21.836,22.08,22.197,21.709,158315.0
2016-09-07,21.885,22.862,23.35,21.846,231848.0
2016-09-08,22.79300000000001,22.52,22.833000000000002,22.354,99823.0
2016-09-09,22.618000000000002,21.914,23.19400000000001,21.816,112591.0
2016-09-12,21.592,21.68,22.354,21.494,132865.0
2016-09-13,21.748,22.354,22.539,21.709,118303.0
2016-09-14,22.129,21.924,22.579,21.787,77229.0
2016-09-19,21.924,22.11,22.11,21.621,47543.0
2016-09-20,22.11,22.158,22.539,21.914,59413.0
2016-09-21,22.129,22.715,22.754,22.129,76630.0
2016-09-22,22.96,23.165,23.78,22.94,157035.0
2016-09-23,23.302,23.19400000000001,23.8,23.105999999999998,106477.0
2016-09-26,23.018,23.546,23.985,23.018,151113.0
2016-09-27,23.546,23.77,24.180999999999997,23.204,136972.0
2016-09-28,23.643,23.302,23.77,23.00800000000001,63575.0
2016-09-29,23.331,23.233,23.419,23.105999999999998,36591.0
2016-09-30,23.155,23.976,24.093000000000004,23.116,71235.0
2016-10-10,23.985,23.936999999999998,24.23,23.340999999999998,132634.0
2016-10-11,23.487,23.214000000000002,23.79,22.969,144969.0
2016-10-12,23.233,22.59800000000001,23.233,22.480999999999998,152315.0
2016-10-13,22.59800000000001,22.666,22.833000000000002,22.480999999999998,87727.0
2016-10-14,22.666,22.618000000000002,22.754,22.5,51868.0
2016-10-17,22.647,22.206999999999997,22.803,22.16800000000001,85713.0
2016-10-18,22.149,22.695999999999998,22.715,22.149,74188.0
2016-10-19,22.725,22.471,22.881,22.364,65257.0
2016-10-20,22.471,22.549,22.636999999999997,22.471,37015.0
2016-10-21,22.539,22.461,22.745,22.276,58704.0
2016-10-24,22.471,22.421999999999997,22.618000000000002,22.178,84777.0
2016-10-25,22.432,23.741,23.81900000000001,22.432,245302.0
2016-10-26,23.643,23.624000000000002,23.927,23.261999999999997,82648.0
2016-10-27,23.438000000000002,23.683000000000003,23.78,23.076999999999998,94347.0
2016-10-28,23.604,23.253,23.741,23.174,49171.0
2016-10-31,23.018,23.340999999999998,23.535999999999998,23.018,51137.0
2016-11-01,23.497,23.691999999999997,23.761,23.35,72946.0
2016-11-02,23.497,23.878,24.375999999999998,23.497,112498.0
2016-11-03,23.750999999999998,24.083000000000002,24.415,23.750999999999998,110482.0
2016-11-04,24.103,23.956,24.474,23.81900000000001,95448.0
2016-11-07,24.151,24.523000000000003,24.611,23.965999999999998,119886.0
2016-11-08,24.572,24.611,24.738000000000003,24.239,90248.0
2016-11-09,24.493000000000002,24.23,24.855,23.976,93701.0
2016-11-10,24.337,24.533,24.679000000000002,24.308000000000003,63761.0
2016-11-11,24.533,24.375999999999998,24.65,24.131999999999998,68834.0
2016-11-14,24.326999999999998,23.888,24.513,23.634,109467.0
2016-11-15,23.741,23.761,23.897,23.604,53360.0
2016-11-16,23.849,23.8,23.897,23.634,56285.0
2016-11-17,23.761,23.546,23.897,23.253,85209.0
2016-11-18,23.634,23.535999999999998,23.691999999999997,23.399,45234.0
2016-11-21,23.468000000000004,23.78,23.888,23.448,61588.0
2016-11-22,23.721999999999998,23.643,23.8,23.476999999999997,57792.0
2016-11-23,23.595,23.36,23.701999999999998,23.302,63558.0
2016-11-24,23.35,23.046999999999997,23.35,22.851999999999997,99901.0
2016-11-25,23.174,23.331,23.409000000000002,22.979,81040.0
2016-11-28,23.497,23.81,23.839000000000002,23.497,89702.0
2016-11-29,23.81900000000001,23.985,24.406,23.555999999999997,132765.0
2016-11-30,23.839000000000002,23.614,24.093000000000004,23.604,59051.0
2016-12-01,23.691999999999997,24.541999999999998,24.845,23.691999999999997,193576.0
2016-12-02,24.62,24.533,25.119,24.326999999999998,146116.0
2016-12-05,24.044,24.171,24.318,23.750999999999998,124519.0
2016-12-06,24.191,23.78,24.22,23.575,90524.0
2016-12-07,23.712,23.78,23.878,23.438000000000002,64015.0
2016-12-08,23.691999999999997,23.389,23.761,23.331,65567.0
2016-12-09,23.36,23.291999999999998,23.565,23.204,49620.0
2016-12-12,23.204,21.983,23.320999999999998,21.983,76189.0
2016-12-13,21.865,22.139,22.315,21.865,47198.0
2016-12-14,22.178,21.934,22.276,21.865,35405.0
2016-12-15,21.934,22.09,22.315,21.748,32016.0
2016-12-16,22.09,22.226999999999997,22.256,21.885,23343.0
2016-12-19,22.344,22.022,22.38300000000001,21.97300000000001,29449.0
2016-12-20,22.07,21.25,22.119,21.211,70822.0
2016-12-21,21.348000000000006,21.465,21.465,21.123,62133.0
2016-12-22,21.338,21.895,22.031,21.328000000000007,65836.0
2016-12-23,21.796999999999997,21.601999999999997,22.011999999999997,21.465,32832.0
2016-12-26,21.601999999999997,21.581999999999997,21.641,21.015,59554.0
2016-12-27,21.581999999999997,21.729,21.865,21.406,30940.0
2016-12-28,21.787,21.748,21.924,21.729,22370.0
2016-12-29,21.689,21.846,22.031,21.601999999999997,41195.0
2016-12-30,21.846,21.924,21.924,21.621,35359.0
2017-01-03,21.836,22.022,22.11,21.836,35216.0
2017-01-04,22.031,22.451999999999998,22.666,22.011999999999997,79678.0
2017-01-05,22.325,22.421999999999997,22.627,22.246,47360.0
2017-01-06,22.461,22.11,22.461,22.061,75188.0
2017-01-09,22.061,22.51,22.52,21.934,85561.0
2017-01-10,22.491,22.764,22.92,22.315,93663.0
2017-01-11,22.686,22.403000000000002,22.92,22.325,77596.0
2017-01-12,22.393,21.983,22.549,21.983,51064.0
2017-01-13,22.149,21.885,22.217,21.689,60126.0
2017-01-16,21.885,21.435,21.934,20.908,61354.0
2017-01-17,21.426,21.553,21.601999999999997,21.162,25207.0
2017-01-18,21.553,21.719,21.934,21.504,22053.0
2017-01-19,21.699,22.022,22.022,21.641,62912.0
2017-01-20,21.963,22.197,22.237,21.895,25128.0
2017-01-23,22.206999999999997,22.676,22.735,22.206999999999997,56069.0
2017-01-24,22.51,23.22300000000001,23.448,22.5,94010.0
2017-01-25,23.125999999999998,23.761,23.936999999999998,22.989,92621.0
2017-01-26,23.741,23.730999999999998,23.927,23.546,53367.0
2017-02-03,23.750999999999998,23.585,24.064,23.497,62678.0
2017-02-06,23.526,23.81,24.005,23.526,47057.0
2017-02-07,23.839000000000002,24.269000000000002,24.484,23.829,86426.0
2017-02-08,24.278000000000002,23.839000000000002,24.278000000000002,23.448,57936.0
2017-02-09,23.741,23.839000000000002,24.122,23.614,54888.0
2017-02-10,23.839000000000002,24.21,24.425,23.634,84914.0
2017-02-13,24.093000000000004,24.131999999999998,24.523000000000003,23.995,68572.0
2017-02-14,24.093000000000004,23.927,24.23,23.849,35648.0
2017-02-15,23.81,23.526,23.868000000000002,23.38,65648.0
2017-02-16,23.595,23.741,23.77,23.409000000000002,36436.0
2017-02-17,23.691999999999997,23.585,23.888,23.476999999999997,34067.0
2017-02-20,23.77,24.073,24.160999999999998,23.546,72731.0
2017-02-21,24.073,24.083000000000002,24.318,23.897,50548.0
2017-02-22,24.083000000000002,24.533,24.581,23.995,80761.0
2017-02-23,24.513,23.916999999999998,24.552,23.849,94180.0
2017-02-24,23.906999999999996,23.35,23.906999999999996,23.184,112893.0
2017-02-27,23.37,23.087,23.476999999999997,22.862,73841.0
2017-02-28,23.018,23.214000000000002,23.243000000000002,23.018,43252.0
2017-03-01,23.22300000000001,23.35,23.546,23.22300000000001,42160.0
2017-03-02,23.448,23.00800000000001,23.448,22.94,63822.0
2017-03-03,23.125999999999998,23.320999999999998,23.506999999999998,23.116,61253.0
2017-03-06,23.419,23.438000000000002,23.691999999999997,23.320999999999998,60065.0
2017-03-07,23.429000000000002,23.184,23.438000000000002,23.057,53149.0
2017-03-08,23.125999999999998,22.862,23.22300000000001,22.725,63916.0
2017-03-09,22.891,22.79300000000001,22.910999999999998,22.491,44839.0
2017-03-10,22.784000000000002,22.725,22.891,22.52,41306.0
2017-03-13,22.725,23.174,23.214000000000002,22.647,56572.0
2017-03-14,23.214000000000002,23.243000000000002,23.37,23.105999999999998,46260.0
2017-03-15,23.233,23.311,23.409000000000002,23.116,46158.0
2017-03-16,23.37,23.535999999999998,23.634,23.302,98722.0
2017-03-17,23.535999999999998,23.302,23.721999999999998,23.243000000000002,69806.0
2017-03-20,23.272,22.774,23.399,22.636999999999997,91892.0
2017-03-21,22.842,22.59800000000001,22.910999999999998,22.539,81632.0
2017-03-22,22.59800000000001,22.539,22.715,22.354,62062.0
2017-03-23,22.608,22.862,23.00800000000001,22.56900000000001,73308.0
2017-03-24,22.872,22.989,23.038,22.627,76031.0
2017-03-27,22.979,22.92,23.291999999999998,22.881,56357.0
2017-03-28,22.881,22.56900000000001,23.00800000000001,22.480999999999998,72959.0
2017-03-29,22.695999999999998,22.59800000000001,22.745,22.38300000000001,39301.0
2017-03-30,22.579,22.041,22.656999999999996,21.963,84375.0
2017-03-31,22.041,22.325,22.354,22.041,38455.0
2017-04-05,22.608,22.745,22.862,22.373,47620.0
2017-04-06,22.745,22.851999999999997,23.00800000000001,22.618000000000002,52533.0
2017-04-07,22.862,22.93,23.038,22.715,53641.0
2017-04-10,23.79,23.429000000000002,23.839000000000002,23.19400000000001,157812.0
2017-04-11,23.516,23.585,23.653000000000002,23.155,101102.0
2017-04-12,23.506999999999998,23.19400000000001,23.614,23.076999999999998,104111.0
2017-04-13,23.076999999999998,23.868000000000002,24.005,23.076999999999998,150886.0
2017-04-14,23.81900000000001,23.399,23.906999999999996,23.35,70422.0
2017-04-17,23.35,23.497,23.78,23.174,100595.0
2017-04-18,23.37,23.272,23.595,23.066999999999997,79304.0
2017-04-19,23.165,23.663,23.741,23.116,134802.0
2017-04-20,23.663,24.015,24.239,23.458000000000002,170246.0
2017-04-21,23.936999999999998,23.77,24.278000000000002,23.604,130786.0
2017-04-24,23.712,23.087,23.8,22.813000000000002,111633.0
2017-04-25,23.155,23.331,23.506999999999998,22.95,84377.0
2017-04-26,23.399,24.22,24.22,23.340999999999998,138906.0
2017-04-27,24.131999999999998,24.288,24.561999999999998,23.79,158582.0
2017-04-28,24.533,24.112,24.533,23.888,136665.0
2017-05-02,24.034000000000002,24.112,24.396,23.663,151340.0
2017-05-03,24.112,24.326999999999998,24.474,23.721999999999998,166842.0
2017-05-04,24.288,23.546,24.288,23.526,136843.0
2017-05-05,23.36,22.56900000000001,23.526,22.5,194569.0
2017-05-08,22.403000000000002,21.97300000000001,22.539,21.963,112692.0
2017-05-09,21.787,21.95300000000001,22.139,21.748,121412.0
2017-05-10,21.991999999999997,21.26,22.051,21.180999999999997,120481.0
2017-05-11,21.113000000000003,21.553,21.641,21.084,71320.0
2017-05-12,21.601999999999997,21.553,21.719,21.299,57340.0
2017-05-15,21.611,21.504,21.963,21.445,73879.0
2017-05-16,21.494,22.022,22.041,21.123,100682.0
2017-05-17,21.95300000000001,22.031,22.325,21.865,68432.0
2017-05-18,21.865,22.051,22.197,21.748,46968.0
2017-05-19,22.08,21.75800000000001,22.206999999999997,21.66,43152.0
2017-05-22,21.826,21.103,21.836,20.965999999999998,123089.0
2017-05-23,21.035,20.673000000000002,21.279,20.664,70779.0
2017-05-24,20.721999999999998,20.996,21.025,20.566,62647.0
2017-05-25,21.006,21.299,21.455,20.712,96415.0
2017-05-26,21.269000000000002,21.25,21.54300000000001,21.084,66744.0
2017-05-31,21.514,21.045,21.67,20.986,70140.0
2017-06-01,21.064,21.035,21.24,20.927,55111.0
2017-06-02,20.996,21.494,21.592,20.976,66342.0
2017-06-05,21.65,21.641,21.904,21.514,60016.0
2017-06-06,21.631,21.689,21.865,21.533,43054.0
2017-06-07,21.709,22.011999999999997,22.061,21.641,76935.0
2017-06-08,22.011999999999997,22.354,22.51,21.95300000000001,115034.0
2017-06-09,22.305,22.38300000000001,22.491,22.217,71189.0
2017-06-12,22.373,22.666,22.862,22.285,123668.0
2017-06-13,22.627,22.94,23.087,22.52,103738.0
2017-06-14,22.910999999999998,22.451999999999998,22.95,22.334,94963.0
2017-06-15,22.373,22.51,22.59800000000001,22.206999999999997,69635.0
2017-06-16,22.53,22.393,22.559,22.285,41344.0
2017-06-19,22.325,22.59800000000001,22.636999999999997,22.325,59348.0
2017-06-20,22.59800000000001,22.295,22.803,22.266,76644.0
2017-06-21,22.491,23.165,23.204,22.432,167588.0
2017-06-22,23.087,23.320999999999998,24.034000000000002,23.038,241602.0
2017-06-23,23.291999999999998,23.858,23.858,23.096,192202.0
2017-06-26,23.985,26.241999999999997,26.241999999999997,23.829,818789.0
2017-06-27,25.803,25.5,26.174,25.215999999999998,488255.0
2017-06-28,25.392,25.441,25.881,25.285,297810.0
2017-06-29,25.421999999999997,25.588,25.773000000000003,25.343000000000004,181113.0
2017-06-30,25.558000000000003,25.304000000000002,25.558000000000003,24.971999999999998,177774.0
2017-07-03,25.314,25.49,25.666,25.206999999999997,141606.0
2017-07-04,25.596999999999998,25.51,25.783,25.148000000000003,159441.0
2017-07-05,25.69,25.7,25.8,25.35,179025.0
2017-07-06,25.7,25.76,26.36,25.47,273426.0
2017-07-07,25.5,25.2,25.58,24.98,219472.0
2017-07-10,25.1,25.01,25.13,24.62,197547.0
2017-07-11,24.86,24.87,25.3,24.64,174741.0
2017-07-12,24.83,25.06,25.11,24.55,132095.0
2017-07-13,25.08,25.66,25.8,25.08,262962.0
2017-07-14,25.7,25.79,25.92,25.42,137879.0
2017-07-17,25.6,24.75,25.78,24.07,197976.0
2017-07-18,24.76,24.65,24.9,24.2,134408.0
2017-07-19,24.63,25.92,26.16,24.5,281637.0
2017-07-20,25.95,26.09,26.26,25.74,189142.0
2017-07-21,26.1,27.0,27.23,25.86,310842.0
2017-07-24,26.85,26.77,27.4,26.62,207893.0
2017-07-25,26.7,26.45,26.9,26.12,165696.0
2017-07-26,26.31,26.0,26.75,25.73,182615.0
2017-07-27,25.95,25.93,26.17,25.52,135078.0
2017-07-28,25.86,25.94,26.13,25.77,105130.0
2017-07-31,26.02,25.94,26.94,25.88,316131.0
2017-08-01,25.82,25.61,25.93,25.15,259187.0
2017-08-02,25.61,25.4,25.75,25.31,125242.0
2017-08-03,26.0,26.06,26.84,25.81,311966.0
2017-08-04,26.08,25.34,26.4,25.33,187847.0
2017-08-07,25.1,25.76,25.89,24.89,130078.0
2017-08-08,25.63,25.69,26.1,25.55,88432.0
2017-08-09,25.65,25.91,25.94,25.36,95195.0
2017-08-10,25.92,25.8,26.16,25.44,123170.0
2017-08-11,25.54,24.8,25.69,24.7,137170.0
2017-08-14,24.79,25.12,25.27,24.71,111417.0
2017-08-15,25.08,24.78,25.19,24.68,122552.0
2017-08-16,24.84,24.9,25.01,24.7,77853.0
2017-08-17,24.79,25.02,25.15,24.73,76237.0
2017-08-18,24.94,25.23,25.31,24.6,109337.0
2017-08-21,25.22,25.29,25.47,25.08,86834.0
2017-08-22,25.2,24.97,25.29,24.88,69884.0
2017-08-23,24.96,25.73,25.77,24.96,179730.0
2017-08-24,25.78,25.44,25.8,25.19,108723.0
2017-08-25,25.45,25.51,25.57,25.31,157970.0
2017-08-28,25.53,25.7,26.1,25.53,221861.0
2017-08-29,25.82,25.36,25.83,25.19,146613.0
2017-08-30,25.33,25.36,25.47,25.2,100595.0
2017-08-31,25.35,25.23,25.45,24.86,121082.0
2017-09-01,25.22,25.25,25.34,25.09,92731.0
2017-09-04,25.28,25.96,25.96,25.04,204957.0
2017-09-05,25.96,25.78,26.08,25.66,124173.0
2017-09-06,25.65,25.92,26.08,25.6,145916.0
2017-09-07,25.75,25.36,25.88,25.34,145736.0
2017-09-08,25.31,25.36,25.53,25.25,79676.0
2017-09-11,25.2,24.62,25.27,24.6,235048.0
2017-09-12,24.56,24.01,24.73,23.98,271480.0
2017-09-13,24.01,24.06,24.29,24.01,131770.0
2017-09-14,24.1,24.63,24.85,24.1,171464.0
2017-09-15,24.64,24.48,24.78,24.34,70875.0
2017-09-18,24.52,24.68,24.72,24.4,81715.0
2017-09-19,24.68,24.24,24.74,24.23,73937.0
2017-09-20,24.32,24.48,24.62,24.24,64431.0
2017-09-21,24.52,24.27,24.68,24.27,77659.0
2017-09-22,24.2,24.1,24.4,24.04,76485.0
2017-09-25,24.05,24.08,24.24,24.02,60260.0
2017-09-26,24.09,23.84,24.18,23.57,99602.0
2017-09-27,23.8,24.26,24.38,23.76,83641.0
2017-09-28,24.22,24.19,24.39,24.07,65992.0
2017-09-29,24.22,24.4,24.58,24.21,71830.0
2017-10-09,24.65,24.96,25.06,24.62,119506.0
2017-10-10,25.1,24.95,25.22,24.81,90479.0
2017-10-11,24.9,25.0,25.22,24.72,101056.0
2017-10-12,25.01,24.75,25.06,24.57,99947.0
2017-10-13,24.76,25.13,25.18,24.59,115741.0
2017-10-16,25.05,25.31,25.53,25.05,181729.0
2017-10-17,25.38,25.21,25.66,25.17,146576.0
2017-10-18,25.2,24.98,25.34,24.8,104110.0
2017-10-19,24.93,26.02,26.12,24.9,314320.0
2017-10-20,25.85,25.81,25.88,25.5,160007.0
2017-10-23,25.73,25.82,26.06,25.55,149612.0
2017-10-24,25.84,25.66,25.84,25.52,110880.0
2017-10-25,25.71,26.22,26.28,25.66,190143.0
2017-10-26,26.29,25.74,26.6,25.72,305413.0
2017-10-27,25.7,25.41,25.81,25.29,185307.0
2017-10-30,25.5,25.35,25.55,24.82,172216.0
2017-10-31,25.35,25.59,25.6,25.04,148288.0
2017-11-01,25.59,25.96,26.05,25.4,206051.0
2017-11-02,25.94,25.86,26.17,25.61,155506.0
2017-11-03,25.78,24.86,25.84,24.63,198658.0
2017-11-06,24.75,24.94,25.04,24.38,153308.0
2017-11-07,24.82,25.04,25.22,24.66,113861.0
2017-11-08,25.05,24.68,25.14,24.66,123828.0
2017-11-09,24.49,24.79,24.97,24.49,107641.0
2017-11-10,24.7,25.9,26.14,24.65,337524.0
2017-11-13,25.92,26.65,27.19,25.92,489153.0
2017-11-14,26.7,26.88,27.06,26.49,324852.0
2017-11-15,26.77,26.61,26.8,26.22,215140.0
2017-11-16,26.56,26.9,27.21,26.26,267959.0
2017-11-17,26.88,26.11,27.37,25.95,337415.0
2017-11-20,26.0,27.0,27.13,25.66,327934.0
2017-11-21,26.9,27.7,27.95,26.82,509126.0
2017-11-22,27.6,27.6,27.87,27.1,337961.0
2017-11-23,27.4,26.16,27.55,26.12,315056.0
2017-11-24,26.16,26.0,26.28,25.71,208288.0
2017-11-27,25.91,25.11,25.93,25.01,167986.0
2017-11-28,24.97,25.51,25.54,24.97,121753.0
2017-11-29,25.44,25.62,25.79,25.11,158616.0
2017-11-30,25.45,25.44,25.88,25.38,105875.0
2017-12-01,25.29,25.53,25.7,25.06,101526.0
2017-12-04,25.45,25.47,25.94,25.36,120774.0
2017-12-05,25.43,24.1,25.43,23.98,318817.0
2017-12-06,24.1,24.08,24.25,23.44,180960.0
2017-12-07,24.06,23.5,24.17,23.5,82999.0
2017-12-08,23.72,23.85,24.1,23.65,92578.0
2017-12-11,23.97,24.2,24.23,23.87,114332.0
2017-12-12,24.21,23.63,24.21,23.6,113794.0
2017-12-13,23.69,23.94,23.98,23.55,88595.0
2017-12-14,23.88,23.94,24.05,23.76,65235.0
2017-12-15,23.88,23.49,23.93,23.33,85460.0
2017-12-18,23.48,23.5,23.71,23.36,62248.0
2017-12-19,23.58,24.03,24.05,23.56,107809.0
2017-12-20,23.87,23.9,24.25,23.71,140460.0
2017-12-21,23.8,23.97,24.18,23.56,140898.0
2017-12-22,23.87,24.27,24.36,23.85,115327.0
2017-12-25,24.28,23.8,24.31,23.74,100295.0
2017-12-26,23.78,24.24,24.24,23.64,109439.0
2017-12-27,24.25,23.82,24.49,23.75,123029.0
2017-12-28,23.82,23.97,24.08,23.65,124475.0
2017-12-29,23.91,24.0,24.14,23.71,102720.0
2018-01-02,23.85,24.14,24.25,23.82,197474.0
2018-01-03,24.18,24.61,24.74,24.14,248678.0
2018-01-04,24.61,24.4,24.65,24.23,209593.0
2018-01-05,24.4,24.6,24.93,24.35,231399.0
2018-01-08,24.6,24.98,25.09,24.46,239532.0
2018-01-09,25.01,25.1,25.36,24.73,240374.0
2018-01-10,24.91,24.92,25.1,24.63,163052.0
2018-01-11,24.98,24.98,25.2,24.63,131464.0
2018-01-12,24.97,24.56,25.12,24.51,139672.0
2018-01-15,24.44,23.84,24.64,23.7,181144.0
2018-01-16,23.85,25.35,25.35,23.85,301886.0
2018-01-17,25.38,25.53,25.76,25.1,240927.0
2018-01-18,25.43,25.51,25.59,25.13,159632.0
2018-01-19,25.6,25.66,25.94,25.39,219835.0
2018-01-22,25.65,25.8,25.97,25.35,160389.0
2018-01-23,25.78,25.57,25.92,25.46,142351.0
2018-01-24,25.57,25.85,25.9,25.51,143768.0
2018-01-25,25.7,25.65,25.89,25.43,136388.0
2018-01-26,25.57,26.47,26.76,25.55,292405.0
2018-01-29,26.51,26.38,26.64,26.01,189113.0
2018-01-30,26.28,26.41,27.06,26.13,184960.0
2018-01-31,26.3,26.1,26.5,25.63,165929.0
2018-02-01,26.0,25.26,26.21,25.03,185877.0
2018-02-02,25.07,25.44,25.46,24.52,147734.0
2018-02-05,25.04,25.66,25.85,24.86,135003.0
2018-02-06,25.1,24.18,25.37,24.0,162070.0
2018-02-07,24.71,24.27,24.96,24.11,142860.0
2018-02-08,24.2,23.98,24.6,23.68,172857.0
2018-02-09,23.5,22.34,23.5,21.78,207522.0
2018-02-12,22.48,22.83,22.88,22.41,109154.0
2018-02-13,23.0,22.74,23.29,22.66,119654.0
2018-02-14,22.71,22.79,22.92,22.71,77649.0
2018-02-22,22.93,23.4,23.5,22.93,119462.0
2018-02-23,23.31,23.62,23.89,23.25,96509.0
2018-02-26,23.77,23.99,24.15,23.55,101395.0
2018-02-27,24.05,23.69,24.07,23.67,82846.0
2018-02-28,23.64,23.78,23.96,23.36,90307.0
2018-03-01,23.5,23.77,23.87,23.5,82395.0
2018-03-02,23.55,23.52,23.74,23.49,74012.0
2018-03-05,23.52,23.68,23.86,23.51,63565.0
2018-03-06,23.77,23.94,23.96,23.51,94651.0
2018-03-07,23.78,23.51,23.95,23.45,78123.0
2018-03-08,23.5,23.94,23.96,23.49,89686.0
2018-03-09,23.95,24.04,24.13,23.77,86912.0
2018-03-12,24.06,24.54,24.59,23.95,168222.0
2018-03-13,24.51,24.3,24.56,24.23,81698.0
2018-03-14,24.25,24.09,24.29,23.96,78378.0
2018-03-15,24.03,23.84,24.09,23.69,60177.0
2018-03-16,23.88,23.49,23.96,23.48,76229.0
2018-03-19,23.49,23.4,23.59,23.32,52081.0
2018-03-20,23.31,23.64,23.81,23.15,73748.0
2018-03-21,23.56,23.45,23.87,23.43,67641.0
2018-03-22,23.37,23.55,23.62,23.25,53188.0
2018-03-23,23.0,22.22,23.01,21.81,151461.0
2018-03-26,22.0,22.18,22.19,21.66,107781.0
2018-03-27,22.43,22.28,22.61,22.15,90144.0
2018-03-28,22.35,21.91,22.51,21.86,88577.0
2018-03-29,21.91,22.49,22.59,21.91,106128.0
2018-03-30,22.5,22.55,22.63,22.4,70494.0
2018-04-02,22.46,22.2,22.61,22.17,91249.0
2018-04-03,22.06,22.21,22.28,21.78,78090.0
2018-04-04,22.75,23.05,23.18,22.75,172850.0
2018-04-09,22.99,23.06,23.31,22.86,80132.0
2018-04-10,23.1,23.18,23.25,22.93,71519.0
2018-04-11,23.21,23.29,23.57,23.1,106120.0
2018-04-12,23.19,23.05,23.3,23.0,59308.0
2018-04-13,23.19,23.26,23.34,23.06,76285.0
2018-04-16,23.17,23.2,23.39,22.92,83774.0
2018-04-17,23.3,23.21,23.48,23.1,108323.0
2018-04-18,23.27,23.18,23.42,22.63,122255.0
2018-04-19,23.18,23.01,23.34,22.94,98058.0
2018-04-20,23.08,22.51,23.08,22.51,65387.0
