date,open,close,high,low,volume
1993-06-28,2.523,2.615,2.7489999999999997,2.401,140323.0
1993-06-29,2.6260000000000003,2.958,3.0060000000000002,2.6260000000000003,148685.0
1993-06-30,3.0269999999999997,2.8080000000000003,3.0989999999999998,2.752,101395.0
1993-07-01,2.7939999999999996,2.645,2.7939999999999996,2.5540000000000003,50299.0
1993-07-02,2.655,2.577,2.688,2.5669999999999997,20745.0
1993-07-05,2.5660000000000003,2.4130000000000003,2.5660000000000003,2.378,29684.0
1993-07-06,2.371,2.231,2.371,2.23,30399.0
1993-07-07,2.188,2.293,2.315,2.138,21194.0
1993-07-08,2.312,2.247,2.322,2.228,11619.0
1993-07-09,2.258,2.135,2.258,2.117,14831.0
1993-07-12,2.046,2.173,2.23,2.046,21335.0
1993-07-13,2.23,2.217,2.293,2.148,16921.0
1993-07-14,2.244,2.082,2.3,2.045,16918.0
1993-07-15,2.062,2.086,2.142,2.048,5792.0
1993-07-16,2.117,2.082,2.128,2.075,6186.0
1993-07-19,2.082,2.051,2.117,2.032,4097.0
1993-07-20,1.9769999999999999,1.96,2.075,1.926,8964.0
1993-07-21,2.025,1.963,2.032,1.95,4086.0
1993-07-22,1.974,1.976,1.976,1.919,2573.0
1993-07-23,1.9769999999999999,1.976,1.99,1.965,3346.0
1993-07-26,1.974,1.9080000000000001,1.974,1.905,3617.0
1993-07-27,1.902,1.966,2.004,1.8880000000000001,5932.0
1993-07-28,1.969,2.01,2.113,1.966,16161.0
1993-07-29,2.089,2.097,2.1,2.0180000000000002,12407.0
1993-07-30,2.173,2.456,2.523,2.096,89086.0
1993-08-02,2.597,2.272,2.597,2.23,72427.0
1993-08-03,2.245,2.209,2.343,2.19,25574.0
1993-08-04,2.211,2.272,2.322,2.164,16844.0
1993-08-05,2.313,2.274,2.371,2.23,31903.0
1993-08-06,2.258,2.322,2.354,2.258,14090.0
1993-08-09,2.427,2.498,2.512,2.3680000000000003,44856.0
1993-08-10,2.526,2.371,2.55,2.358,47277.0
1993-08-11,2.3569999999999998,2.432,2.443,2.3569999999999998,12181.0
1993-08-12,2.491,2.491,2.512,2.443,23319.0
1993-08-13,2.519,2.6069999999999998,2.6180000000000003,2.485,52208.0
1993-08-16,2.679,2.8930000000000002,2.9210000000000003,2.639,60022.0
1993-08-17,2.964,2.7689999999999997,2.992,2.708,84761.0
1993-08-18,2.78,2.6839999999999997,2.852,2.6839999999999997,45174.0
1993-08-19,2.6860000000000004,2.835,2.865,2.6860000000000004,44016.0
1993-08-20,2.8510000000000004,2.766,2.8789999999999996,2.717,36737.0
1993-08-23,2.748,2.6039999999999996,2.766,2.602,35346.0
1993-08-24,2.5669999999999997,2.6039999999999996,2.6460000000000004,2.515,25710.0
1993-08-25,2.6519999999999997,2.653,2.696,2.6180000000000003,22246.0
1993-08-26,2.681,2.6180000000000003,2.681,2.577,8821.0
1993-08-27,2.6180000000000003,2.5639999999999996,2.65,2.5140000000000002,13871.0
1993-08-30,2.54,2.6039999999999996,2.65,2.54,10548.0
1993-08-31,2.612,2.605,2.6630000000000003,2.594,5112.0
1993-09-01,2.6069999999999998,2.58,2.6210000000000004,2.569,4006.0
1993-09-02,2.5810000000000004,2.656,2.656,2.576,3832.0
1993-09-03,2.667,2.7310000000000003,2.752,2.6289999999999996,20690.0
1993-09-06,2.7939999999999996,2.813,2.8169999999999997,2.752,27642.0
1993-09-07,2.7239999999999998,2.681,2.821,2.681,18421.0
1993-09-08,2.696,2.6719999999999997,2.728,2.4090000000000003,11568.0
1993-09-09,2.6830000000000003,2.633,2.717,2.625,7391.0
1993-09-10,2.6319999999999997,2.6519999999999997,2.677,2.622,5316.0
1993-09-13,2.57,2.583,2.622,2.54,14362.0
1993-09-14,2.571,2.5610000000000004,2.583,2.521,5156.0
1993-09-15,2.5540000000000003,2.58,2.59,2.5540000000000003,2551.0
1993-09-16,2.58,2.563,2.5839999999999996,2.56,2753.0
1993-09-17,2.5540000000000003,2.59,2.6069999999999998,2.54,2757.0
1993-09-20,2.583,2.585,2.609,2.57,2009.0
1993-09-21,2.6039999999999996,2.622,2.659,2.6039999999999996,4509.0
1993-09-22,2.635,2.6,2.635,2.5980000000000003,1545.0
1993-09-23,2.608,2.611,2.645,2.6069999999999998,2550.0
1993-09-24,2.5540000000000003,2.5780000000000003,2.728,2.5540000000000003,6856.0
1993-09-27,2.594,2.577,2.6039999999999996,2.569,3002.0
1993-09-28,2.605,2.608,2.615,2.571,3875.0
1993-09-29,2.625,2.569,2.659,2.543,2426.0
1993-09-30,2.594,2.569,2.6039999999999996,2.5469999999999997,4016.0
1993-10-04,2.6039999999999996,2.59,2.636,2.5540000000000003,3904.0
1993-10-05,2.583,2.563,2.583,2.553,3110.0
1993-10-06,2.5540000000000003,2.6260000000000003,2.681,2.537,8269.0
1993-10-07,2.628,2.5810000000000004,2.8480000000000003,2.559,36403.0
1993-10-08,2.642,2.5540000000000003,2.653,2.537,12736.0
1993-10-11,2.552,2.552,2.608,2.474,5667.8
1993-10-12,2.552,2.546,2.588,2.533,4068.6
1993-10-13,2.5610000000000004,2.526,2.569,2.525,4247.2
1993-10-14,2.519,2.511,2.523,2.47,4789.0
1993-10-15,2.509,2.519,2.595,2.484,4406.0
1993-10-18,2.512,2.47,2.512,2.456,3015.0
1993-10-19,2.484,2.461,2.525,2.449,3092.4
1993-10-20,2.47,2.526,2.5540000000000003,2.463,7279.5
1993-10-21,2.54,2.47,2.569,2.457,5942.5
1993-10-22,2.477,2.519,2.752,2.443,94652.8
1993-10-25,2.4419999999999997,2.4130000000000003,2.536,2.385,27434.1
1993-10-26,2.468,2.4130000000000003,2.47,2.384,13757.1
1993-10-27,2.495,2.434,2.597,2.415,27354.4
1993-10-28,2.47,2.54,2.569,2.449,20862.3
1993-10-29,2.5839999999999996,2.491,2.59,2.47,15296.4
1993-11-01,2.456,2.49,2.54,2.456,5658.0
1993-11-02,2.529,2.487,2.5660000000000003,2.456,15441.2
1993-11-03,2.498,2.471,2.512,2.467,3225.0
1993-11-04,2.47,2.463,2.502,2.4419999999999997,3785.51
1993-11-05,2.484,2.485,2.512,2.456,3974.7
1993-11-08,2.512,2.537,2.5540000000000003,2.498,7074.0
1993-11-09,2.542,2.533,2.552,2.508,4000.5
1993-11-10,2.528,2.533,2.6,2.456,18237.3
1993-11-11,2.576,2.6260000000000003,2.665,2.569,29065.4
1993-11-12,2.681,2.736,2.793,2.6689999999999996,46991.81
1993-11-15,2.807,2.801,2.863,2.7769999999999997,40826.5
1993-11-16,2.792,2.766,2.82,2.7319999999999998,19555.27
1993-11-17,2.7939999999999996,2.775,2.806,2.766,10385.1
1993-11-18,2.7960000000000003,2.948,2.957,2.782,34634.5
1993-11-19,2.975,3.01,3.031,2.9019999999999997,43045.87
1993-11-22,3.053,3.514,3.528,1.126,64961.08
1993-11-23,3.5780000000000003,3.747,3.935,3.563,125998.54
1993-11-24,3.6830000000000003,3.634,3.782,3.585,57754.9
1993-11-25,3.668,4.091,4.146,3.655,96812.9
1993-11-26,4.18,3.9019999999999997,4.227,3.853,97931.03
1993-11-29,3.9530000000000003,4.022,4.088,3.898,61558.2
1993-11-30,4.079,4.064,4.1560000000000015,3.983,35095.26
1993-12-01,4.093,3.987,4.12,3.952,31603.2
1993-12-02,3.945,3.9530000000000003,4.042,3.909,23484.84
1993-12-03,3.995,4.114,4.118,3.952,25940.4
1993-12-06,4.17,4.354,4.4460000000000015,4.132,62873.6
1993-12-07,4.4460000000000015,4.516,4.6080000000000005,4.414,46795.68
1993-12-08,4.544,4.319,4.565,4.234,45327.15
1993-12-09,4.319,4.135,4.319,4.022,43278.35
1993-12-10,4.135,4.067,4.16,3.9530000000000003,39531.61
1993-12-13,3.952,3.7089999999999996,3.952,3.675,31629.28
1993-12-14,3.657,3.6060000000000003,3.779,3.583,21769.8
1993-12-15,3.627,3.7260000000000004,3.74,3.53,21051.69
1993-12-16,3.755,3.551,3.8080000000000003,3.549,24836.09
1993-12-17,3.528,3.571,3.668,3.511,21771.52
1993-12-20,3.213,3.135,3.3689999999999998,2.9960000000000004,36232.47
1993-12-21,3.2230000000000003,3.7239999999999998,3.7430000000000003,3.1180000000000003,66200.15
1993-12-22,3.6889999999999996,3.642,3.91,3.56,127999.04
1993-12-23,3.67,3.745,3.839,3.67,42503.44
1993-12-24,3.833,3.7539999999999996,3.835,3.707,21752.21
1993-12-27,3.8160000000000003,3.8539999999999996,3.8760000000000003,3.7939999999999996,26488.5
1993-12-28,3.895,3.885,3.988,3.839,39311.91
1993-12-29,3.8760000000000003,3.7510000000000003,3.885,3.747,17290.7
1993-12-30,3.7260000000000004,3.7489999999999997,3.8160000000000003,3.6889999999999996,12595.2
1993-12-31,3.722,3.885,3.91,3.67,26739.5
1994-01-03,3.9130000000000003,3.986,4.022,3.867,43822.57
1994-01-04,4.026,4.204,4.211,3.998,54842.36
1994-01-05,4.2,4.352,4.378,4.104,69982.39
1994-01-06,4.343999999999999,4.4,4.529,4.316,98823.97
1994-01-07,4.4,4.391,4.455,4.327,53383.72
1994-01-10,4.466,4.606,4.606,4.447,55662.15
1994-01-11,4.644,4.698,4.745,4.603,80297.15
1994-01-12,4.718999999999999,4.73,4.822,4.683,41376.05
1994-01-13,4.728,4.754,4.784,4.7,28579.17
1994-01-14,4.737,4.466,4.752,4.4,125310.01
1994-01-17,4.5310000000000015,4.513,4.5760000000000005,4.494,39200.71
1994-01-18,4.49,4.353,4.49,4.254,43638.84
1994-01-19,4.343999999999999,4.213,4.343999999999999,4.119,35670.18
1994-01-20,4.119,4.294,4.316,4.03,47338.65
1994-01-21,4.288,4.309,4.359,4.247,27203.97
1994-01-24,4.419,4.471,4.4830000000000005,4.382,32526.18
1994-01-25,4.471,4.325,4.471,4.3069999999999995,19859.6
1994-01-26,4.288,4.297,4.37,4.269,9108.8
1994-01-27,4.297,4.363,4.374,4.297,7251.3
1994-01-28,4.343999999999999,4.297,4.363,4.206,15543.91
1994-01-31,4.119,4.1739999999999995,4.224,4.1160000000000005,19861.45
1994-02-01,4.119,4.084,4.166,4.074,11724.3
1994-02-02,4.065,4.157,4.1739999999999995,4.065,8953.71
1994-02-03,4.176,4.185,4.263999999999999,4.157,12675.9
1994-02-04,4.194,4.249,4.279,4.185,14657.43
1994-02-14,4.343999999999999,4.123,4.382,4.119,11312.2
1994-02-15,4.123,4.093,4.157,4.06,6209.34
1994-02-16,4.1160000000000005,4.119,4.157,4.101,3566.9
1994-02-17,4.119,4.063,4.138,4.053999999999999,4739.9
1994-02-18,4.101,4.1080000000000005,4.183,4.091,8374.7
1994-02-21,4.101,4.015,4.119,4.003,4931.7
1994-02-22,4.045,4.119,4.176,4.003,8927.2
1994-02-23,4.119,4.063,4.119,4.048,2963.3
1994-02-24,4.063,4.026,4.067,3.988,7608.3
1994-02-25,4.063,4.316,4.372,4.063,40441.97
1994-02-28,4.3069999999999995,4.099,4.398,4.099,45657.17
1994-03-01,4.119,4.088,4.207,4.048,14236.9
1994-03-02,4.101,4.026,4.11,4.016,10577.49
1994-03-03,4.007,4.037,4.119,3.97,12877.02
1994-03-04,4.007,4.007,4.082,3.988,7273.43
1994-03-07,3.97,4.007,4.007,3.9339999999999997,1679.8
1994-03-08,4.046,3.958,4.08,3.915,9800.54
1994-03-09,3.988,3.96,4.073,3.932,16174.7
1994-03-10,3.97,3.895,4.138,3.84,30499.89
1994-03-11,3.895,3.895,3.966,3.839,13452.0
1994-03-14,4.119,4.168,4.177,4.0280000000000005,37805.51
1994-03-15,4.228,4.048,4.269,4.035,24201.2
1994-03-16,4.026,4.119,4.194,4.007,19575.2
1994-03-17,4.191,4.063,4.194,4.026,16589.2
1994-03-18,4.035,4.2410000000000005,4.34,4.0280000000000005,72236.01
1994-03-21,4.213,4.007,4.213,4.007,24402.3
1994-03-22,3.971,4.007,4.039,3.971,7124.8
1994-03-23,4.016,3.895,4.022,3.895,12437.9
1994-03-24,3.84,3.988,4.02,3.84,16889.45
1994-03-25,4.119,3.923,4.228,3.895,50306.34
1994-03-28,3.878,3.859,4.0,3.859,13559.39
1994-03-29,3.8760000000000003,3.912,4.026,3.867,7333.91
1994-03-30,3.988,3.878,3.988,3.867,6666.3
1994-03-31,3.885,3.861,3.912,3.839,5021.08
1994-04-01,3.863,3.8369999999999997,3.867,3.801,4877.7
1994-04-04,3.745,3.737,3.835,3.7089999999999996,9209.7
1994-04-05,3.745,3.737,3.782,3.73,3712.8
1994-04-06,3.741,3.7039999999999997,3.745,3.6719999999999997,4318.0
1994-04-07,3.6889999999999996,3.623,3.722,3.5839999999999996,4721.75
1994-04-08,3.595,3.576,3.633,3.556,8976.32
1994-04-11,3.464,3.361,3.535,3.333,9585.7
1994-04-12,3.342,3.595,3.614,3.239,20969.7
1994-04-13,3.642,3.423,3.6439999999999997,3.37,27107.85
1994-04-14,3.3689999999999998,3.3480000000000003,3.445,3.342,10902.1
1994-04-15,3.333,3.38,3.4360000000000004,3.2039999999999997,16557.0
1994-04-18,3.35,3.245,3.352,3.245,6311.18
1994-04-19,3.208,3.071,3.239,3.043,8146.9
1994-04-20,3.005,2.9619999999999997,3.1210000000000004,2.908,27744.79
1994-04-21,3.017,3.181,3.2510000000000003,2.998,28393.71
1994-04-22,3.181,3.065,3.236,3.0239999999999996,25720.87
1994-04-25,3.054,3.015,3.123,3.0,8359.17
1994-04-26,3.071,3.1460000000000004,3.1639999999999997,3.052,6852.81
1994-04-27,3.202,3.176,3.202,3.123,11532.84
1994-04-28,3.219,3.091,3.221,3.091,11268.6
1994-04-29,3.1180000000000003,3.108,3.1489999999999996,3.071,8788.2
1994-05-03,3.08,3.127,3.1460000000000004,3.0610000000000004,7409.58
1994-05-04,3.1830000000000003,3.1830000000000003,3.221,3.1489999999999996,10587.83
1994-05-05,3.155,3.037,3.161,3.005,7558.02
1994-05-06,3.043,3.011,3.0669999999999997,2.96,5026.65
1994-05-09,3.071,3.002,3.0860000000000003,2.96,4523.84
1994-05-10,3.048,3.03,3.0669999999999997,2.992,3463.6
1994-05-11,3.071,3.005,3.071,3.005,3507.0
1994-05-12,2.977,2.97,3.02,2.9210000000000003,4090.1
1994-05-13,2.9589999999999996,2.977,2.977,2.93,3299.88
1994-05-16,2.9019999999999997,2.861,2.93,2.824,13397.9
1994-05-17,2.861,2.846,2.895,2.846,5127.9
1994-05-18,2.846,2.753,2.846,2.753,10877.8
1994-05-19,2.678,2.938,2.938,2.67,66808.1
1994-05-20,2.955,2.9589999999999996,3.052,2.8689999999999998,63566.13
1994-05-23,2.99,2.912,3.015,2.904,25226.71
1994-05-24,2.8369999999999997,2.9210000000000003,2.944,2.8369999999999997,8127.4
1994-05-25,2.93,2.93,2.947,2.88,9642.3
1994-05-26,2.929,2.884,2.945,2.846,8482.1
1994-05-27,2.846,2.818,2.878,2.807,10978.15
1994-05-30,2.7880000000000003,2.715,2.799,2.715,10610.91
1994-05-31,2.717,2.8110000000000004,2.827,2.717,8163.32
1994-06-01,2.79,2.7539999999999996,2.839,2.734,5223.4
1994-06-02,2.7710000000000004,2.7560000000000002,2.807,2.7239999999999998,5384.4
1994-06-03,2.773,2.782,2.884,2.773,12725.12
1994-06-06,2.8089999999999997,2.79,2.824,2.7710000000000004,4806.0
1994-06-07,2.79,2.7430000000000003,2.79,2.7230000000000003,5203.82
1994-06-08,2.715,2.775,2.781,2.7110000000000003,3070.06
1994-06-09,2.7710000000000004,2.7239999999999998,2.7880000000000003,2.719,3312.0
1994-06-10,2.715,2.715,2.753,2.702,3768.24
1994-06-13,2.693,2.6630000000000003,2.708,2.659,6557.4
1994-06-14,2.659,2.6660000000000004,2.696,2.638,4988.29
1994-06-15,2.674,2.687,2.693,2.659,2831.81
1994-06-16,2.687,2.7060000000000004,2.708,2.659,2924.2
1994-06-17,2.715,2.807,2.818,2.696,10399.93
1994-06-20,2.766,2.668,2.82,2.655,8569.0
1994-06-21,2.668,2.678,2.685,2.642,2579.0
1994-06-22,2.678,2.7110000000000003,2.7239999999999998,2.6660000000000004,2643.7
1994-06-23,2.715,2.687,2.7239999999999998,2.668,3353.75
1994-06-24,2.698,2.655,2.698,2.655,2797.2
1994-06-27,2.698,2.64,2.698,2.571,8797.0
1994-06-28,2.636,2.64,2.65,2.61,3643.8
1994-06-29,2.6460000000000004,2.65,2.661,2.603,3431.1
1994-06-30,2.636,2.659,2.659,2.5989999999999998,2413.1
1994-07-01,2.678,2.636,2.681,2.603,2945.0
1994-07-04,2.5989999999999998,2.489,2.5989999999999998,2.468,4514.2
1994-07-05,2.468,2.434,2.481,2.3819999999999997,5662.8
1994-07-06,2.434,2.296,2.449,2.286,3177.71
1994-07-07,2.296,2.299,2.331,2.219,10908.71
1994-07-08,2.307,2.378,2.397,2.281,7911.31
1994-07-11,2.359,2.2840000000000003,2.374,2.281,8436.36
1994-07-12,2.283,2.281,2.303,2.266,2686.96
1994-07-13,2.303,2.335,2.3369999999999997,2.281,2540.52
1994-07-14,2.3409999999999997,2.2880000000000003,2.3569999999999998,2.2840000000000003,5919.0
1994-07-15,2.281,2.153,2.299,2.15,6392.4
1994-07-18,2.097,2.028,2.097,2.022,6873.2
1994-07-19,2.026,2.041,2.0780000000000003,1.966,5660.21
1994-07-20,2.0469999999999997,1.985,2.05,1.97,4647.9
1994-07-21,1.953,1.9169999999999998,1.97,1.91,8336.3
1994-07-22,1.891,1.8330000000000002,1.91,1.82,8590.4
1994-07-25,1.798,1.91,1.91,1.798,12614.9
1994-07-26,1.919,1.97,1.979,1.859,18995.9
1994-07-27,1.966,1.854,1.975,1.854,16887.42
1994-07-28,1.835,1.6669999999999998,1.844,1.653,14911.45
1994-07-29,1.6569999999999998,1.6269999999999998,1.676,1.5930000000000002,12334.09
1994-08-01,1.891,2.2319999999999998,2.299,1.831,66554.76
1994-08-02,2.256,2.1719999999999997,2.528,2.155,97736.96
1994-08-03,2.1719999999999997,2.592,2.5989999999999998,2.1719999999999997,65132.87
1994-08-04,2.715,2.6660000000000004,2.8089999999999997,2.509,175901.72
1994-08-05,2.715,3.017,3.0669999999999997,2.678,104027.86
1994-08-08,3.2060000000000004,3.105,3.267,2.846,109097.65
1994-08-09,3.09,2.807,3.09,2.7710000000000004,47905.7
1994-08-10,2.827,3.37,3.389,2.7710000000000004,115864.22
1994-08-11,3.44,3.202,3.5180000000000002,3.179,160901.34
1994-08-12,3.1639999999999997,3.1830000000000003,3.4019999999999997,3.1639999999999997,77485.7
1994-08-15,3.09,3.123,3.312,3.033,43127.32
1994-08-16,3.1830000000000003,3.342,3.408,3.161,101204.73
1994-08-17,3.408,3.745,3.745,3.3739999999999997,173704.29
1994-08-18,3.745,3.7539999999999996,3.957,3.616,149135.83
1994-08-19,3.8160000000000003,3.642,3.925,3.595,108362.15
1994-08-22,3.498,3.483,3.576,3.363,78052.29
1994-08-23,3.745,3.745,3.7880000000000003,3.502,124232.9
1994-08-24,3.745,4.016,4.166,3.715,194366.77
1994-08-25,4.045,4.176,4.209,4.018,138732.2
1994-08-26,4.213,4.1160000000000005,4.265,4.078,109999.34
1994-08-29,4.209,4.2860000000000005,4.4,4.063,141892.01
1994-08-30,4.681,4.941,5.242999999999999,4.681,201505.78
1994-08-31,5.018,4.868,5.048,4.831,110890.01
1994-09-01,4.962,5.1320000000000014,5.335,4.926,148983.12
1994-09-02,5.207000000000002,5.524,5.561,5.205,98222.8
1994-09-05,6.178999999999999,6.257999999999999,6.348,5.992000000000001,121288.77
1994-09-06,6.535,6.649,6.879,6.273,125197.36
1994-09-07,6.269,6.263,6.666,6.125,112688.22
1994-09-08,6.422999999999999,6.614,6.787999999999999,6.348,102569.81
1994-09-09,6.666,6.436,6.76,6.412999999999999,67001.46
1994-09-12,6.591,6.61,6.647,6.46,39773.39
1994-09-13,6.647,6.602,6.864,6.501,67458.25
1994-09-14,6.591,6.329,6.647,6.273,52746.7
1994-09-15,6.4879999999999995,6.329,6.5120000000000005,6.115,49539.29
1994-09-16,6.3660000000000005,6.316,6.4510000000000005,6.237,29129.16
1994-09-19,6.1270000000000024,6.0820000000000025,6.37,6.026,32543.76
1994-09-20,6.029,5.954,6.151,5.936,35209.53
1994-09-21,6.056,6.1979999999999995,6.1979999999999995,6.05,28110.26
1994-09-22,6.273,5.926,6.273,5.8229999999999995,25278.72
1994-09-23,5.795,5.58,5.8610000000000015,5.561,48490.58
1994-09-26,5.58,5.636,5.664,5.4510000000000005,29371.55
1994-09-27,5.617000000000001,5.58,5.726,5.565,23597.6
1994-09-28,5.636,6.0070000000000014,6.013999999999999,5.629,51260.78
1994-09-29,6.067,5.599,6.1229999999999976,5.4110000000000005,70457.53
1994-09-30,5.5420000000000025,5.4620000000000015,5.6739999999999995,5.393,65215.04
1994-10-05,5.388999999999999,5.033,5.432,4.926,57505.61
1994-10-06,5.147,4.724,5.22,4.683,44708.27
1994-10-07,4.625,5.056,5.3370000000000015,3.895,171220.77
1994-10-10,4.775,4.908,5.147,4.644,128940.74
1994-10-11,5.056,4.962,5.122999999999998,4.962,37812.65
1994-10-12,5.037,4.9639999999999995,5.0889999999999995,4.945,18359.0
1994-10-13,4.962,4.479,4.962,4.456,51303.93
1994-10-14,4.325,4.7,4.775,4.162,77609.94
1994-10-17,4.4,4.382,4.541,4.363,21361.1
1994-10-18,4.492,4.428,4.565,4.385,13757.96
1994-10-19,4.488,4.606,4.6530000000000005,4.466,20706.26
1994-10-20,4.681,5.037,5.053999999999999,4.662,64694.26
1994-10-21,5.149,4.999,5.235,4.966,92422.36
1994-10-24,5.202000000000001,5.35,5.35,5.149,76002.52
1994-10-25,5.4110000000000005,5.149,5.4170000000000025,5.056,55998.86
1994-10-26,4.683,4.475,4.79,4.456,72131.18
1994-10-27,4.494,4.539,4.588,4.4,30882.19
1994-10-28,4.492,4.363,4.5280000000000005,4.363,21169.14
1994-10-31,4.082,4.08,4.1530000000000005,4.026,18135.9
1994-11-01,4.213,4.157,4.213,4.026,11024.1
1994-11-02,4.121,4.121,4.148,4.08,13233.37
1994-11-03,4.213,4.503,4.569,4.1530000000000005,63561.75
1994-11-04,4.529,4.166,4.529,4.088,40539.94
1994-11-07,4.123,4.319,4.372,4.092,26381.4
1994-11-08,4.756,4.81,5.013,4.676,160967.49
1994-11-09,4.718,4.9430000000000005,4.971,4.676,64406.82
1994-11-10,5.032,4.794,5.061,4.794,61787.82
1994-11-11,4.937,4.918,4.937,4.756,26523.69
1994-11-14,4.947,4.87,4.947,4.853,14146.58
1994-11-15,4.775,4.68,4.838,4.663,21500.3
1994-11-16,4.604,4.6,4.7139999999999995,4.532,24433.44
1994-11-17,4.623,4.566,4.752,4.5280000000000005,26929.11
1994-11-18,4.547,4.585,4.602,4.5089999999999995,8875.77
1994-11-21,4.547,4.636,4.64,4.539,4445.9
1994-11-22,4.636,4.566,4.6739999999999995,4.534,7193.0
1994-11-23,4.564,4.418,4.564,4.404,10778.55
1994-11-24,4.378,4.401,4.452,4.376,5955.0
1994-11-25,4.566,4.414,4.585,4.404,10805.8
1994-11-28,4.414,4.395,4.423,4.376,4558.62
1994-11-29,4.296,4.45,4.452,4.296,6705.8
1994-11-30,4.461,4.414,4.461,4.376,4323.0
1994-12-01,4.433,4.385,4.433,4.385,1876.9
1994-12-02,4.387,4.328,4.421,4.311,2995.0
1994-12-05,4.328,4.184,4.3469999999999995,4.167,7027.0
1994-12-06,4.128,4.121,4.163,4.081,8382.6
1994-12-07,4.147,4.136,4.165,4.106,3706.1
1994-12-08,4.147,4.077,4.151,4.0680000000000005,3605.0
1994-12-09,4.018,4.033,4.119,4.013999999999999,5257.4
1994-12-12,4.013999999999999,3.923,4.024,3.9019999999999997,4495.0
1994-12-13,3.995,4.0489999999999995,4.09,3.9019999999999997,9650.7
1994-12-14,3.995,3.972,4.005,3.9210000000000003,5318.4
1994-12-15,3.9930000000000003,4.224,4.262,3.957,18095.3
1994-12-16,4.186,4.319,4.433,4.157,30499.45
1994-12-19,4.3469999999999995,4.096,4.357,4.09,11848.93
1994-12-20,4.1339999999999995,4.109,4.2139999999999995,4.096,7748.85
1994-12-21,4.081,4.075,4.252,4.073,12327.3
1994-12-22,3.995,4.052,4.09,3.957,12190.37
1994-12-23,4.052,4.033,4.248,3.995,23661.9
1994-12-26,4.052,4.013999999999999,4.09,3.995,6622.89
1994-12-27,4.016,3.9360000000000004,4.0489999999999995,3.9189999999999996,7009.0
1994-12-28,3.957,3.9760000000000004,4.098,3.906,7203.21
1994-12-29,3.98,3.931,4.033,3.9210000000000003,6231.8
1994-12-30,3.948,3.938,3.99,3.91,4908.0
1995-01-03,3.8789999999999996,3.8930000000000002,3.955,3.841,1983.0
1995-01-04,3.9,3.938,3.9530000000000003,3.8810000000000002,1836.4
1995-01-05,3.957,3.9189999999999996,3.9760000000000004,3.9189999999999996,1817.2
1995-01-06,3.9,3.8489999999999998,3.917,3.8339999999999996,2757.6
1995-01-09,3.82,3.6889999999999996,3.82,3.6639999999999997,4224.8
1995-01-10,3.615,3.615,3.6510000000000002,3.592,3832.5
1995-01-11,3.615,3.615,3.653,3.594,2360.2
1995-01-12,3.636,3.573,3.659,3.554,3330.9
1995-01-13,3.52,3.575,3.615,3.5010000000000003,2538.5
1995-01-16,3.5039999999999996,3.529,3.5580000000000003,3.465,2741.8
1995-01-17,3.548,3.52,3.59,3.5039999999999996,1960.1
1995-01-18,3.51,3.5860000000000003,3.596,3.484,2568.15
1995-01-19,3.575,3.425,3.575,3.406,2979.0
1995-01-20,3.404,3.415,3.4760000000000004,3.3310000000000004,3172.6
1995-01-23,3.3689999999999998,3.358,3.3960000000000004,3.347,2648.0
1995-01-24,3.352,3.3280000000000003,3.386,3.3280000000000003,2145.0
1995-01-25,3.347,3.386,3.423,3.339,3870.52
1995-01-26,3.367,3.3289999999999997,3.386,3.3289999999999997,1760.0
1995-01-27,3.3480000000000003,3.385,3.409,3.3289999999999997,2202.8
1995-02-06,3.32,3.173,3.326,3.1639999999999997,2012.0
1995-02-07,3.173,3.17,3.21,3.12,1450.8
1995-02-08,3.158,3.1719999999999997,3.2039999999999997,3.137,1489.0
1995-02-09,3.177,3.272,3.2910000000000004,3.177,1826.0
1995-02-10,3.234,3.2060000000000004,3.3289999999999997,3.2,2805.9
1995-02-13,3.236,3.234,3.25,3.179,1969.4
1995-02-14,3.2439999999999998,3.234,3.272,3.2060000000000004,1923.1
1995-02-15,3.23,3.225,3.2439999999999998,3.2060000000000004,976.0
1995-02-16,3.227,3.2110000000000003,3.23,3.196,851.1
1995-02-17,3.185,3.177,3.2110000000000003,3.168,702.1
1995-02-20,3.177,3.2,3.215,3.162,1206.0
1995-02-21,3.215,3.215,3.234,3.215,650.8
1995-02-22,3.253,3.5010000000000003,3.522,3.225,8826.8
1995-02-23,3.445,3.52,3.63,3.386,16723.69
1995-02-24,3.611,3.255,3.611,3.141,16639.0
1995-02-27,3.425,3.28,3.516,3.2689999999999997,12353.9
1995-02-28,3.282,3.2289999999999996,3.295,3.181,3660.2
1995-03-01,3.2289999999999996,3.236,3.2880000000000003,3.177,3238.42
1995-03-02,3.253,3.2760000000000002,3.2910000000000004,3.215,2950.56
1995-03-03,3.303,3.367,3.406,3.2760000000000002,7456.58
1995-03-06,3.428,3.653,3.653,3.4019999999999997,13679.95
1995-03-07,3.615,3.862,3.9,3.491,36131.19
1995-03-08,3.8280000000000003,3.7710000000000004,3.9,3.71,29014.78
1995-03-09,3.815,3.7,3.8339999999999996,3.6489999999999996,21365.5
1995-03-10,3.6489999999999996,3.52,3.653,3.4819999999999998,17826.68
1995-03-13,3.573,3.5180000000000002,3.5860000000000003,3.478,7521.4
1995-03-14,3.5180000000000002,3.472,3.5839999999999996,3.4589999999999996,4736.92
1995-03-15,3.4819999999999998,3.3810000000000002,3.552,3.35,7824.33
1995-03-16,3.406,3.425,3.444,3.2910000000000004,3941.2
1995-03-17,3.398,3.52,3.533,3.3960000000000004,5717.5
1995-03-20,3.554,3.4530000000000003,3.615,3.4339999999999997,7639.2
1995-03-21,3.43,3.52,3.556,3.407,4578.8
1995-03-22,3.535,3.653,3.6719999999999997,3.52,17318.94
1995-03-23,3.6910000000000003,3.6239999999999997,3.7060000000000004,3.596,14149.53
1995-03-24,3.577,3.605,3.6489999999999996,3.525,7872.72
1995-03-27,3.6719999999999997,3.719,3.782,3.662,19117.6
1995-03-28,3.719,3.763,3.82,3.71,16364.72
1995-03-29,3.7569999999999997,3.8810000000000002,3.8960000000000004,3.678,11936.4
1995-03-30,3.927,3.9,4.0680000000000005,3.862,36549.88
1995-03-31,3.9330000000000003,4.081,4.09,3.866,23778.18
1995-04-03,4.109,4.1,4.144,4.053999999999999,30182.56
1995-04-04,4.083,4.147,4.163,3.9930000000000003,22620.92
1995-04-05,4.147,4.186,4.357,4.1110000000000015,38147.95
1995-04-06,4.13,4.252,4.254,3.995,25280.87
1995-04-07,4.296,4.254,4.317,4.206,30839.0
1995-04-10,4.262,4.205,4.2810000000000015,4.167,13893.55
1995-04-11,4.186,4.144,4.296,4.138,36732.26
1995-04-12,4.1080000000000005,4.271,4.338,4.106,25590.87
1995-04-13,4.29,4.224,4.408,4.205,30384.89
1995-04-14,4.195,4.2410000000000005,4.258,4.149,15452.4
1995-04-17,4.2139999999999995,4.119,4.275,4.09,9200.6
1995-04-18,4.09,3.995,4.13,3.9760000000000004,10157.5
1995-04-19,3.9760000000000004,4.001,4.052,3.971,8824.29
1995-04-20,4.039,4.147,4.151,4.033,7345.54
1995-04-21,4.163,4.093999999999999,4.186,4.087,7253.12
1995-04-24,4.033,3.925,4.06,3.8810000000000002,10193.65
1995-04-25,3.925,3.955,3.9819999999999998,3.917,4407.6
1995-04-26,3.9589999999999996,3.799,3.9760000000000004,3.767,9695.8
1995-04-27,3.615,3.681,3.858,3.463,23589.4
1995-05-02,3.719,3.662,3.719,3.634,3785.8
1995-05-03,3.662,3.6910000000000003,3.7289999999999996,3.662,3463.2
1995-05-04,3.6510000000000002,3.6239999999999997,3.6719999999999997,3.5789999999999997,2424.17
1995-05-05,3.6069999999999998,3.63,3.6660000000000004,3.596,2686.0
1995-05-08,3.634,3.6239999999999997,3.653,3.605,1386.0
1995-05-09,3.6489999999999996,3.6719999999999997,3.681,3.617,1599.3
1995-05-10,3.69,3.6060000000000003,3.7230000000000003,3.593,3936.3
1995-05-11,3.6510000000000002,3.6310000000000002,3.6510000000000002,3.6060000000000003,1624.0
1995-05-12,3.6310000000000002,3.7769999999999997,3.884,3.628,11095.8
1995-05-15,3.767,3.767,3.781,3.7089999999999996,2505.6
1995-05-16,3.767,3.748,3.841,3.7439999999999998,1977.0
1995-05-17,3.7769999999999997,3.787,3.7969999999999997,3.748,1146.77
1995-05-18,4.855,5.301,5.414,4.855,133728.56
1995-05-19,5.292000000000002,5.912999999999999,5.912999999999999,5.2589999999999995,111044.22
1995-05-22,6.4079999999999995,5.905,6.4079999999999995,5.731,80185.78
1995-05-23,5.263,5.162000000000001,5.67,5.142,94172.75
1995-05-24,5.204,5.0680000000000005,5.414,4.987,37390.23
1995-05-25,5.103,4.7669999999999995,5.107,4.663,23732.5
1995-05-26,4.638999999999999,4.913,5.399,4.54,44361.47
1995-05-29,4.952,4.738,4.952,4.68,8212.3
1995-05-30,4.76,4.816,4.928999999999999,4.74,5452.63
1995-05-31,4.6610000000000005,4.727,4.775,4.645,14129.71
1995-06-01,4.746,4.729,4.7669999999999995,4.699,2760.41
1995-06-02,4.758,4.7810000000000015,4.814,4.734,4977.7
1995-06-05,4.797,4.54,4.806,4.525,8586.0
1995-06-06,4.466,4.515,4.548,4.428,6455.56
1995-06-07,4.544,4.68,4.734,4.49,3955.27
1995-06-08,4.638999999999999,4.4860000000000015,4.758,4.468,12482.6
1995-06-09,4.538,4.566,4.699,4.525,4373.24
1995-06-12,4.4860000000000015,4.562,4.6160000000000005,4.476,2773.31
1995-06-13,4.525,4.5710000000000015,4.632,4.498,2367.58
1995-06-14,4.544,4.465,4.641,4.428,7906.0
1995-06-15,4.369,4.202,4.441,4.181,20728.0
1995-06-16,4.173,4.2139999999999995,4.292,4.136,6225.1
1995-06-19,4.098,4.146,4.175,4.098,3444.4
1995-06-20,4.173,4.127,4.204,4.107,2374.9
1995-06-21,4.1110000000000015,4.177,4.177,4.1110000000000015,2821.61
1995-06-22,4.177,4.136,4.23,4.117,2650.12
1995-06-23,4.136,4.23,4.23,4.136,2884.1
1995-06-26,4.2139999999999995,4.2139999999999995,4.224,4.175,2100.2
1995-06-27,4.224,4.175,4.253,4.14,2227.0
1995-06-28,4.175,4.165,4.197,4.152,992.4
1995-06-29,4.173,4.132,4.1930000000000005,4.109,1679.2
1995-06-30,4.117,4.02,4.117,4.0,4558.8
1995-07-03,3.9810000000000003,3.938,4.0,3.886,2656.2
1995-07-04,3.9810000000000003,3.9619999999999997,3.997,3.8989999999999996,5269.9
1995-07-05,3.9619999999999997,4.078,4.098,3.9619999999999997,3879.9
1995-07-06,4.078,4.103,4.23,4.041,7336.89
1995-07-07,4.082,4.331,4.331,4.082,5654.4
1995-07-10,4.331,4.247,4.35,4.212,5976.7
1995-07-11,4.272,4.132,4.309,4.109,2679.8
1995-07-12,4.098,4.121,4.1560000000000015,4.098,2265.99
1995-07-13,4.132,4.154,4.189,4.119,1160.0
1995-07-14,4.173,4.138,4.187,4.138,2507.1
1995-07-17,4.185,4.445,4.466,4.1419999999999995,19082.36
1995-07-18,4.408,4.465,4.519,4.34,19578.92
1995-07-19,4.525,4.311,4.6,4.288,31610.87
1995-07-20,4.272,4.272,4.3580000000000005,4.237,6365.5
1995-07-21,4.352,4.253,4.369,4.2139999999999995,5677.0
1995-07-24,4.311,4.154,4.311,4.0760000000000005,33539.6
1995-07-25,4.152,4.206,4.253,4.138,8042.5
1995-07-26,4.2330000000000005,4.158,4.331,4.1560000000000015,7122.0
1995-07-27,4.14,4.164,4.216,4.14,2467.78
1995-07-28,4.165,4.146,4.21,4.082,12069.66
1995-07-31,4.216,4.146,4.224,4.136,2932.0
1995-08-01,4.191,4.239,4.309,4.117,6409.38
1995-08-02,4.311,4.253,4.544,4.2330000000000005,26894.23
1995-08-03,4.171,4.2330000000000005,4.261,4.171,5782.88
1995-08-04,4.272,4.253,4.3069999999999995,4.224,5108.8
1995-08-07,4.253,4.2780000000000005,4.292,4.2330000000000005,4397.15
1995-08-08,4.369,4.249,4.4,4.224,3798.0
1995-08-09,4.2330000000000005,4.23,4.3069999999999995,4.1930000000000005,4423.6
1995-08-10,4.272,4.245,4.311,4.173,11110.91
1995-08-11,4.276,4.272,4.388999999999999,4.2330000000000005,14720.73
1995-08-14,4.272,4.408,4.5310000000000015,4.235,16237.1
1995-08-15,4.447,4.268,4.447,4.2330000000000005,7656.5
1995-08-16,4.249,4.23,4.249,4.21,5103.68
1995-08-17,4.23,4.224,4.367,4.2139999999999995,5360.5
1995-08-18,4.235,4.175,4.292,4.123,6629.0
1995-08-21,4.185,4.136,4.189,4.123,3786.9
1995-08-22,4.136,4.117,4.1560000000000015,4.08,2736.0
1995-08-23,4.117,4.078,4.117,4.059,4431.0
1995-08-24,4.0489999999999995,4.165,4.191,4.0489999999999995,2613.9
1995-08-25,4.1560000000000015,4.078,4.1560000000000015,4.059,1830.0
1995-08-28,4.078,4.107,4.1339999999999995,4.078,1663.6
1995-08-29,4.311,4.0680000000000005,4.399,4.0489999999999995,6938.18
1995-08-30,4.078,4.018,4.132,4.01,3735.12
1995-08-31,4.02,4.059,4.0760000000000005,4.01,1781.05
1995-09-01,4.078,4.039,4.078,4.0280000000000005,1744.0
1995-09-04,4.059,4.035,4.096,4.03,2219.12
1995-09-05,4.272,4.2139999999999995,4.4860000000000015,4.195,45334.88
1995-09-06,4.195,4.127,4.195,4.088,9425.0
1995-09-07,4.2139999999999995,4.152,4.272,4.129,9268.98
1995-09-08,4.251,4.288,4.354,4.175,20524.48
1995-09-11,4.369,4.515,4.546,4.35,46554.21
1995-09-12,4.6610000000000005,4.4430000000000005,4.718999999999999,4.393,54548.33
1995-09-13,4.457,4.3069999999999995,4.466,4.2330000000000005,22255.0
1995-09-14,4.305,4.23,4.305,4.212,12260.8
1995-09-15,4.23,4.379,4.4,4.23,23981.35
1995-09-18,4.4430000000000005,4.418,4.453,4.369,15104.19
1995-09-19,4.466,4.2139999999999995,4.505,4.191,23348.0
1995-09-20,4.175,4.117,4.1930000000000005,4.109,9290.13
1995-09-21,4.117,4.0760000000000005,4.171,4.055,9484.0
1995-09-22,4.074,4.092,4.117,4.0680000000000005,5294.25
1995-09-25,4.117,4.0760000000000005,4.117,4.055,3983.4
1995-09-26,4.064,4.096,4.107,3.991,3025.0
1995-09-27,4.0,3.8989999999999996,4.039,3.8989999999999996,7828.0
1995-09-28,3.884,3.9339999999999997,3.938,3.8760000000000003,5388.02
1995-09-29,3.9419999999999997,3.971,4.043,3.9419999999999997,6590.5
1995-10-04,3.971,3.925,4.0489999999999995,3.884,2404.64
1995-10-05,3.9419999999999997,3.948,3.958,3.923,1510.7
1995-10-06,3.96,3.925,4.018,3.888,2950.9
1995-10-09,3.8939999999999997,3.843,3.903,3.835,5407.4
1995-10-10,3.843,3.793,3.884,3.783,3880.0
1995-10-11,3.7769999999999997,3.7230000000000003,3.787,3.694,4388.45
1995-10-12,3.748,3.69,3.763,3.68,6021.0
1995-10-13,3.69,3.75,3.861,3.6719999999999997,11540.24
1995-10-16,3.787,3.758,3.8160000000000003,3.748,4473.5
1995-10-17,3.758,3.738,3.758,3.69,1209.0
1995-10-18,3.748,3.748,3.806,3.7089999999999996,5252.4
1995-10-19,3.7769999999999997,3.721,3.7969999999999997,3.721,2108.4
1995-10-20,3.7089999999999996,3.886,3.9189999999999996,3.705,4912.6
1995-10-23,3.886,3.845,3.971,3.7889999999999997,5257.0
1995-10-24,3.861,3.804,3.864,3.7910000000000004,1720.0
1995-10-25,4.078,3.998,4.164,3.905,8875.72
1995-10-26,3.9810000000000003,3.806,3.9810000000000003,3.7889999999999997,4218.58
1995-10-27,3.806,3.734,3.806,3.734,2976.0
1995-10-30,3.7439999999999998,3.7439999999999998,3.762,3.7289999999999996,1899.4
1995-10-31,3.752,3.7460000000000004,3.8,3.7289999999999996,1928.0
1995-11-01,3.7460000000000004,3.7769999999999997,3.798,3.7319999999999998,1723.0
1995-11-02,3.767,3.787,3.8739999999999997,3.7439999999999998,1926.29
1995-11-03,3.7889999999999997,3.7710000000000004,3.806,3.76,1433.9
1995-11-06,3.7769999999999997,3.7969999999999997,3.8160000000000003,3.7769999999999997,1337.0
1995-11-07,3.812,3.7289999999999996,3.88,3.69,2245.0
1995-11-08,3.787,3.7560000000000002,3.802,3.725,1437.0
1995-11-09,3.7089999999999996,3.7289999999999996,3.75,3.694,1877.6
1995-11-10,3.7439999999999998,3.73,3.7439999999999998,3.7089999999999996,837.1
1995-11-13,3.694,3.661,3.719,3.612,2077.0
1995-11-14,3.67,3.661,3.6839999999999997,3.653,1279.0
1995-11-15,3.69,3.661,3.715,3.6510000000000002,860.6
1995-11-16,3.655,3.6489999999999996,3.688,3.6310000000000002,970.5
1995-11-17,3.661,3.6310000000000002,3.661,3.612,981.4
1995-11-20,3.612,3.612,3.628,3.61,682.7
1995-11-21,3.6510000000000002,3.6310000000000002,3.6510000000000002,3.628,528.5
1995-11-22,3.655,3.622,3.67,3.61,668.0
1995-11-23,3.6039999999999996,3.602,3.622,3.583,795.8
1995-11-24,3.612,3.602,3.622,3.589,678.0
1995-11-27,3.602,3.589,3.622,3.589,655.0
1995-11-28,3.593,3.602,3.608,3.569,641.6
1995-11-29,3.593,3.573,3.602,3.569,700.5
1995-11-30,3.573,3.573,3.6510000000000002,3.55,1087.3
1995-12-01,3.4960000000000004,3.573,3.6260000000000003,3.4760000000000004,1509.7
1995-12-04,3.534,3.575,3.583,3.534,339.0
1995-12-05,3.593,3.577,3.593,3.5580000000000003,388.12
1995-12-06,3.577,3.554,3.577,3.55,474.0
1995-12-07,3.552,3.525,3.552,3.4,515.0
1995-12-08,3.532,3.529,3.554,3.4960000000000004,812.0
1995-12-11,3.534,3.466,3.554,3.457,812.0
1995-12-12,3.466,3.525,3.5669999999999997,3.42,1247.2
1995-12-13,3.534,3.464,3.534,3.4410000000000003,917.0
1995-12-14,3.4610000000000003,3.437,3.4960000000000004,3.418,551.6
1995-12-15,3.464,3.4139999999999997,3.464,3.412,772.0
1995-12-18,3.418,3.3560000000000003,3.418,3.344,739.0
1995-12-19,3.3960000000000004,3.3689999999999998,3.3960000000000004,3.323,513.7
1995-12-20,3.3689999999999998,3.398,3.406,3.365,542.7
1995-12-21,3.398,3.395,3.4610000000000003,3.36,572.4
1995-12-22,3.391,3.391,3.418,3.3789999999999996,452.0
1995-12-25,3.398,3.321,3.4330000000000003,3.3110000000000004,612.71
1995-12-26,3.301,3.2239999999999998,3.35,3.2239999999999998,1222.0
1995-12-27,3.2239999999999998,3.181,3.2430000000000003,3.1069999999999998,2011.0
1995-12-28,3.181,3.142,3.181,3.1069999999999998,1449.1
1995-12-29,3.1069999999999998,3.1630000000000003,3.216,3.1069999999999998,2324.5
1996-01-02,3.111,3.09,3.142,3.068,1130.3
1996-01-03,3.103,3.142,3.202,3.068,1723.3
1996-01-04,3.1460000000000004,3.142,3.181,3.109,1648.79
1996-01-05,3.1460000000000004,3.103,3.1689999999999996,3.088,1572.8
1996-01-08,3.0839999999999996,3.068,3.088,3.045,1144.81
1996-01-09,3.097,3.1069999999999998,3.181,3.097,1155.7
1996-01-10,3.109,3.095,3.109,3.053,681.5
1996-01-11,3.088,3.0780000000000003,3.1069999999999998,3.0639999999999996,956.8
1996-01-12,3.068,3.088,3.09,3.068,751.01
1996-01-15,3.0780000000000003,3.0860000000000003,3.1010000000000004,3.0589999999999997,969.0
1996-01-16,3.092,3.0780000000000003,3.127,3.051,754.0
1996-01-17,3.068,3.028,3.068,3.01,555.01
1996-01-18,2.991,2.866,3.0060000000000002,2.866,4705.0
1996-01-19,2.835,2.872,2.8939999999999997,2.835,2750.0
1996-01-22,2.8939999999999997,2.8310000000000004,2.8939999999999997,2.8160000000000003,1002.0
1996-01-23,2.8160000000000003,2.822,2.835,2.793,1555.0
1996-01-24,2.8160000000000003,2.7960000000000003,2.835,2.7960000000000003,1375.0
1996-01-25,2.8160000000000003,2.8160000000000003,2.8739999999999997,2.787,937.48
1996-01-26,2.7960000000000003,2.835,2.835,2.779,673.72
1996-01-29,2.826,2.827,2.8739999999999997,2.8160000000000003,730.0
1996-01-30,2.853,2.835,2.853,2.826,787.0
1996-01-31,2.835,2.8510000000000004,2.872,2.8160000000000003,897.4
1996-02-01,2.855,2.847,2.855,2.8160000000000003,815.0
1996-02-02,2.835,2.855,2.855,2.827,581.0
1996-02-05,3.01,2.853,3.01,2.8510000000000004,638.0
1996-02-06,2.806,2.824,2.835,2.806,1028.0
1996-02-07,2.812,2.82,2.833,2.812,635.0
1996-02-08,2.855,2.835,2.855,2.822,531.0
1996-02-09,2.826,2.822,2.835,2.793,1181.0
1996-02-12,2.864,2.855,2.864,2.8,403.6
1996-02-13,2.8510000000000004,2.87,2.8739999999999997,2.835,447.15
1996-02-14,2.87,2.884,2.932,2.87,1083.6
1996-02-15,2.878,2.928,2.948,2.878,1104.5
1996-02-16,2.975,2.991,2.9960000000000004,2.9419999999999997,4274.6
1996-03-04,3.1069999999999998,3.2039999999999997,3.262,3.068,6329.51
1996-03-05,3.2039999999999997,3.088,3.2239999999999998,3.07,5002.1
1996-03-06,3.0839999999999996,2.9610000000000003,3.088,2.9339999999999997,1855.0
1996-03-07,2.952,2.991,3.0,2.95,807.6
1996-03-08,2.9810000000000003,3.068,3.1069999999999998,2.95,1574.1
1996-03-11,3.0660000000000003,3.029,3.1069999999999998,3.01,1322.1
1996-03-12,3.029,3.0,3.029,2.9810000000000003,975.5
1996-03-13,2.991,3.0,3.02,2.991,861.0
1996-03-14,2.991,2.991,3.01,2.9810000000000003,1737.5
1996-03-15,2.991,2.991,3.01,2.95,647.2
1996-03-18,2.991,2.9930000000000003,3.01,2.952,416.0
1996-03-19,3.029,3.0,3.029,2.9810000000000003,467.1
1996-03-20,3.0060000000000002,3.0060000000000002,3.02,2.9939999999999998,415.6
1996-03-21,3.029,3.0039999999999996,3.0389999999999997,3.0039999999999996,371.0
1996-03-22,3.0039999999999996,3.01,3.0389999999999997,2.987,288.2
1996-03-25,3.01,3.01,3.0389999999999997,2.991,548.0
1996-03-26,2.991,3.002,3.01,2.987,471.5
1996-03-27,2.991,2.983,2.998,2.963,690.2
1996-03-28,2.9539999999999997,2.9610000000000003,2.9810000000000003,2.952,439.5
1996-03-29,2.971,3.016,3.0639999999999996,2.971,2473.2
1996-04-01,3.165,3.088,3.185,3.031,6593.01
1996-04-02,3.07,3.01,3.07,3.0039999999999996,1038.58
1996-04-03,3.022,3.029,3.068,3.01,1085.0
1996-04-04,3.0260000000000002,3.123,3.13,3.0260000000000002,14277.69
1996-04-05,3.127,3.214,3.233,3.127,8789.78
1996-04-08,3.214,3.1519999999999997,3.2239999999999998,3.125,4087.0
1996-04-09,3.156,3.1439999999999997,3.175,3.136,1816.5
1996-04-10,3.1439999999999997,3.1630000000000003,3.1710000000000003,3.13,1880.1
1996-04-11,3.156,3.2039999999999997,3.2039999999999997,3.142,1858.49
1996-04-12,3.22,3.2430000000000003,3.29,3.2060000000000004,6227.14
1996-04-15,3.216,3.2239999999999998,3.2430000000000003,3.202,2046.35
1996-04-16,3.21,3.2310000000000003,3.253,3.187,2070.7
1996-04-17,3.2430000000000003,3.208,3.2430000000000003,3.1889999999999996,2931.0
1996-04-18,3.2,3.2489999999999997,3.2569999999999997,3.1889999999999996,1788.6
1996-04-19,3.253,3.36,3.3960000000000004,3.253,9570.81
1996-04-22,3.42,3.301,3.457,3.282,14234.17
1996-04-23,3.28,3.307,3.338,3.2680000000000002,3804.6
1996-04-24,3.3689999999999998,3.457,3.457,3.344,9721.66
1996-04-25,3.536,3.569,3.7089999999999996,3.517,17576.58
1996-04-26,3.6510000000000002,3.845,3.861,3.608,19383.53
1996-04-29,3.845,3.9419999999999997,4.109,3.81,16466.32
1996-04-30,3.884,3.554,3.884,3.515,10022.2
1996-05-02,3.69,3.3789999999999996,3.8819999999999997,3.3689999999999998,11778.6
1996-05-03,3.373,3.4530000000000003,3.497,3.373,4312.0
1996-05-06,3.457,3.478,3.534,3.4389999999999996,2378.0
1996-05-07,3.55,3.4610000000000003,3.593,3.437,2484.7
1996-05-08,3.464,3.408,3.466,3.3689999999999998,1526.9
1996-05-09,3.373,3.398,3.437,3.373,1516.0
1996-05-10,3.375,3.4139999999999997,3.4139999999999997,3.34,2070.65
1996-05-13,3.42,3.398,3.42,3.36,1077.8
1996-05-14,3.418,3.398,3.4530000000000003,3.375,986.0
1996-05-15,3.375,3.4160000000000004,3.4160000000000004,3.2260000000000004,1935.17
1996-05-16,3.435,3.4819999999999998,3.534,3.435,5264.01
1996-05-17,3.4960000000000004,3.903,3.938,3.4960000000000004,19155.41
1996-05-20,3.9810000000000003,3.9810000000000003,4.2330000000000005,3.884,49746.95
1996-05-21,3.9810000000000003,3.688,4.078,3.612,20744.3
1996-05-23,3.696,3.497,3.7439999999999998,3.478,10289.9
1996-05-24,3.492,3.4760000000000004,3.554,3.4139999999999997,5590.21
1996-05-27,3.478,3.486,3.5439999999999996,3.457,2529.6
1996-05-28,3.505,3.573,3.573,3.4960000000000004,2924.0
1996-05-29,3.573,3.563,3.6039999999999996,3.4960000000000004,2396.0
1996-05-30,3.573,3.573,3.602,3.4410000000000003,4143.0
1996-05-31,3.4960000000000004,3.5669999999999997,3.682,3.457,5481.5
1996-06-03,3.554,3.67,3.806,3.517,9790.71
1996-06-04,3.69,3.8310000000000004,3.8760000000000003,3.69,15323.16
1996-06-05,3.884,4.466,4.466,3.884,101436.55
1996-06-06,4.56,4.699,4.95,4.408,137981.97
1996-06-07,4.933,4.8260000000000005,5.01,4.76,88478.94
1996-06-10,5.01,5.303,5.356,4.933,74295.46
1996-06-11,5.296,5.181,5.337999999999999,4.952,52666.47
1996-06-12,5.278,5.144,5.399,5.086,37184.08
1996-06-13,5.119,5.132999999999999,5.242999999999999,4.9910000000000005,32221.71
1996-06-14,5.437,5.3210000000000015,5.529,5.204,70855.54
1996-06-17,5.3210000000000015,5.242999999999999,5.393,5.098,43927.7
1996-06-18,5.242999999999999,6.272,6.4079999999999995,5.185,128015.77
1996-06-19,6.274,6.2139999999999995,6.5,6.061,121458.37
1996-06-20,6.2139999999999995,6.399,6.504,6.059,97304.22
1996-06-21,6.37,6.4079999999999995,6.556,6.249,74703.7
1996-06-24,6.4079999999999995,6.3660000000000005,6.441,6.272,31799.01
1996-06-25,6.171,6.282,6.4079999999999995,6.061,36304.42
1996-06-26,6.2920000000000025,6.48,6.544,6.2920000000000025,39216.64
1996-06-27,6.54,6.2139999999999995,6.591,6.1370000000000005,92015.72
1996-06-28,6.311,6.01,6.331,6.01,50434.95
1996-07-01,5.922999999999999,6.121,6.1229999999999976,5.69,69288.36
1996-07-02,6.175,6.405,6.443,6.1229999999999976,73213.91
1996-07-03,6.579,6.789,6.836,6.447,93327.44
1996-07-04,6.7970000000000015,6.789,6.925,6.662999999999999,54723.8
1996-07-05,6.818,6.7,7.001,6.6610000000000005,54444.96
1996-07-08,7.709,7.4570000000000025,7.7639999999999985,7.22,141272.31
1996-07-09,7.496,7.319,7.535,7.284,58234.29
1996-07-10,7.282,7.2429999999999986,7.438,7.234,33132.8
1996-07-11,7.263,6.972,7.263,6.9579999999999975,43758.5
1996-07-12,6.896,7.04,7.1229999999999976,6.8629999999999995,45010.77
1996-07-15,7.022,6.822,7.022,6.767,26249.1
1996-07-16,6.867000000000001,7.062,7.127999999999999,6.843999999999999,21064.52
1996-07-17,7.117000000000001,6.787000000000001,7.14,6.767,11338.7
1996-07-18,6.807,6.865,6.905,6.801,9711.25
1996-07-19,6.865,6.954,7.169,6.836,20755.32
1996-07-22,7.013,7.13,7.2479999999999976,6.983,26822.38
1996-07-23,7.2189999999999985,7.046,7.234,7.0420000000000025,13139.09
1996-07-24,7.079,7.107,7.2970000000000015,7.079,17293.32
1996-07-25,7.022,6.807,7.022,6.7970000000000015,34429.35
1996-07-26,6.767,6.86,6.905,6.595,24838.5
1996-07-29,6.803,6.787000000000001,6.846,6.65,9880.4
1996-07-30,6.867000000000001,6.787000000000001,6.885,6.73,7185.57
1996-07-31,6.744,6.812,6.905,6.744,13289.38
1996-08-01,6.865,6.992999999999999,7.0420000000000025,6.8260000000000005,17303.3
1996-08-02,7.234,7.257999999999999,7.317,7.002999999999999,26421.65
1996-08-05,7.273,7.279,7.317,7.195,15717.05
1996-08-06,7.307,7.562,7.588999999999999,7.307,40088.64
1996-08-07,7.63,7.6110000000000015,7.7070000000000025,7.562,57067.39
1996-08-09,7.279,7.097,7.279,6.987,63209.58
1996-08-12,7.16,7.12,7.287000000000001,7.101,14074.8
1996-08-13,7.12,7.0889999999999995,7.2189999999999985,7.0889999999999995,6748.0
1996-08-14,7.0889999999999995,7.062,7.14,7.058,4823.65
1996-08-15,7.077000000000001,7.022,7.12,7.022,3642.0
1996-08-16,7.002999999999999,6.92,7.018,6.865,6510.75
1996-08-19,6.96,6.822,6.96,6.812,5110.34
1996-08-20,6.865,6.787000000000001,6.9639999999999995,6.787000000000001,11727.17
1996-08-21,7.16,6.848,7.16,6.848,6786.8
1996-08-22,6.867000000000001,6.7970000000000015,6.9639999999999995,6.718,5784.6
1996-08-23,6.9639999999999995,6.7970000000000015,6.9639999999999995,6.669,8459.51
1996-08-26,4.865,6.685,6.8629999999999995,4.865,6231.5
1996-08-27,6.669,6.767,6.82,6.652,4061.38
1996-08-28,6.807,6.767,6.836,6.73,5687.8
1996-08-29,6.709,6.671,6.787000000000001,6.669,4801.69
1996-08-30,6.709,6.807,6.86,6.669,5385.4
1996-09-02,6.807,6.7379999999999995,6.807,6.669,7242.0
1996-09-03,6.7379999999999995,6.728,6.865,6.728,2985.0
1996-09-04,6.678999999999999,6.818,6.86,6.678999999999999,6131.7
1996-09-05,6.867000000000001,6.848,7.136,6.846,11506.8
1996-09-06,6.867000000000001,6.94,6.944,6.777,6203.34
1996-09-09,6.865,6.8260000000000005,6.932,6.791,3700.23
1996-09-10,6.669,6.6160000000000005,6.787000000000001,6.607,9072.0
1996-09-11,6.62,6.581,6.669,6.5120000000000005,4965.63
1996-09-12,6.644,6.454,6.728,6.44,5453.99
1996-09-13,6.471,6.52,6.5420000000000025,6.316,5148.63
1996-09-16,6.473,6.4670000000000005,6.63,6.444,3930.6
1996-09-17,6.475,6.452000000000001,6.5520000000000005,6.45,3721.73
1996-09-18,6.5360000000000005,6.3420000000000005,6.561,6.316,4429.0
1996-09-19,6.336,6.5360000000000005,6.5360000000000005,6.336,6577.57
1996-09-20,6.55,6.9239999999999995,7.056,6.54,11228.48
1996-09-23,7.058,7.22,7.2970000000000015,6.983,28754.08
1996-09-24,7.26,7.6270000000000024,7.6270000000000024,7.2010000000000005,46945.93
1996-09-25,7.65,7.4929999999999986,7.65,7.356,22832.24
1996-09-26,7.4929999999999986,7.709,7.7970000000000015,7.454,31968.19
1996-09-27,7.768,8.39,8.39,7.729,79861.73
1996-10-03,8.366,8.199,8.372,8.115,28171.87
1996-10-04,8.16,8.252,8.282,8.103,14832.18
1996-10-07,8.299,8.282,8.366,8.237,27847.09
1996-10-08,8.337,8.611,8.709,8.283999999999999,56522.25
1996-10-09,8.627,8.654,8.767999999999999,8.529,38453.45
1996-10-10,8.607000000000001,8.88,8.943,8.607000000000001,38633.01
1996-10-11,8.843,8.905,8.98,8.752,30622.58
1996-10-14,8.902000000000003,8.843,8.964,8.843,40791.02
1996-10-15,8.839,8.984,9.041,8.807,26063.26
1996-10-16,8.941,8.998,9.023,8.827,31719.22
1996-10-17,8.958,9.084,9.121,8.945,30416.64
1996-10-18,9.097999999999999,9.121,9.182,9.019,39817.26
1996-10-21,9.096,9.137,9.219,9.082,16301.89
1996-10-22,9.155,9.192,9.306000000000001,9.043,36482.76
1996-10-23,9.572000000000001,9.353,9.572000000000001,9.023,48586.3
1996-10-24,9.274,9.357000000000001,9.429,9.219,38274.36
1996-10-25,9.333,9.215,9.361,9.141,29777.8
1996-10-28,9.213,9.217,9.317,9.025,17296.0
1996-10-29,9.18,9.235,9.277999999999999,9.142999999999999,21390.47
1996-10-30,9.235,9.157,9.31,9.058,20956.48
1996-10-31,9.176,9.49,9.51,9.176,58080.53
1996-11-01,9.435,9.413,9.61,9.217,22680.8
1996-11-04,9.396,9.37,9.415,9.337,7150.0
1996-11-05,9.374,9.357000000000001,9.412,9.317,6013.72
1996-11-06,9.335,9.196,9.376,8.996,12357.88
1996-11-07,9.219,9.198,9.274,9.164,15386.56
1996-11-08,9.183,8.782,9.311,8.737,18637.5
1996-11-11,8.742,8.742,8.742,8.503,5554.78
1996-11-12,8.787,8.888,8.888,8.646,6551.58
1996-11-13,8.885,8.912,8.912,8.74,4879.21
1996-11-14,8.888,9.003,9.023,8.806000000000003,7306.62
1996-11-15,8.991,9.006,9.027999999999999,8.917,11142.28
1996-11-18,9.113999999999999,9.06,9.232999999999999,8.991,11091.75
1996-11-19,9.011000000000001,8.866,9.136000000000001,8.838,12425.0
1996-11-20,8.843,8.782,8.866,8.72,7004.5
1996-11-21,8.782,8.498,8.843,8.498,6467.99
1996-11-22,8.517999999999999,8.39,8.517999999999999,8.255,5801.93
1996-11-25,8.388,8.646,8.664,8.129,5974.0
1996-11-26,8.641,8.326,8.742,8.314,3625.4
1996-11-27,8.425,8.548,8.572000000000001,8.375,2274.08
1996-11-28,8.548,8.506,8.592,8.449,2597.9
1996-11-29,8.498,8.597000000000001,8.683,8.476,3818.06
1996-12-02,8.644,9.095,9.164,8.644,14047.36
1996-12-03,9.119,9.026,9.213,8.88,7642.45
1996-12-04,9.065,8.954,9.065,8.868,4679.05
1996-12-05,8.962,9.187999999999999,9.187999999999999,8.954,12794.6
1996-12-06,9.183,9.127,9.228,9.113999999999999,8466.88
1996-12-09,9.113999999999999,9.385,9.484,9.113999999999999,9105.4
1996-12-10,9.361,9.287,9.385,9.164,7562.95
1996-12-11,9.282,9.972000000000001,10.021,9.282,31947.19
1996-12-12,9.922,9.439,10.222999999999999,9.385,16995.05
1996-12-13,9.476,9.187999999999999,9.476,9.166,10784.0
1996-12-16,8.269,8.269,8.622,8.269,13556.04
1996-12-17,7.452000000000001,7.636,8.375,7.452000000000001,11529.51
1996-12-18,8.099,8.4,8.4,7.86,13801.16
1996-12-20,8.225,8.154,8.225,7.6610000000000005,8628.84
1996-12-23,8.006,8.092,8.203,8.006,4997.5
1996-12-24,8.092,8.338,8.818999999999997,7.882999999999999,16387.29
1996-12-25,8.511000000000001,8.585,8.696,8.326,7749.53
1996-12-26,8.585,8.597000000000001,8.622,8.375,8792.76
1996-12-27,8.622,8.72,8.72,8.449,10580.44
1996-12-30,8.634,9.008,9.154,8.634,21726.17
1996-12-31,9.03,8.874,9.244,8.833,40779.64
1997-01-02,8.902000000000003,8.699,8.902000000000003,8.626,13632.13
1997-01-03,8.699,8.416,8.754,8.312000000000001,10229.92
1997-01-06,8.277999999999999,7.985,8.305,7.96,14337.74
1997-01-07,7.992000000000001,8.14,8.267000000000001,7.933,7603.62
1997-01-08,8.154,8.064,8.154,7.971,5051.38
1997-01-09,8.064,8.105,8.198,8.054,4102.04
1997-01-10,8.105,8.116,8.177999999999999,8.054,6322.64
1997-01-13,8.109,8.081,8.157,8.04,7971.25
1997-01-14,8.071,7.864,8.071,7.829,10676.35
1997-01-15,7.864,8.105,8.112,7.829,10660.76
1997-01-16,8.105,8.002,8.177999999999999,7.985,4874.37
1997-01-17,8.002,8.043,8.123,7.96,4770.39
1997-01-20,8.002,8.243,8.554,7.96,7931.68
1997-01-21,8.236,8.071,8.236,8.019,5967.22
1997-01-22,8.002,8.167,8.192,7.971,6432.97
1997-01-23,8.14,8.097999999999999,8.192,8.054,7470.8
1997-01-24,8.036,8.071,8.14,8.002,6091.99
1997-01-27,8.071,8.088,8.174,8.036,7390.06
1997-01-28,8.097999999999999,8.209,8.243,8.097999999999999,8297.3
1997-01-29,8.226,8.374,8.45,8.212,10714.06
1997-01-30,8.347000000000001,8.305,8.381,8.305,7059.48
1997-01-31,8.305,8.312000000000001,8.381,8.277999999999999,9527.71
1997-02-17,8.281,8.381,8.443,8.133,7757.92
1997-02-18,8.277999999999999,7.643,8.926,7.5470000000000015,25222.91
1997-02-19,7.726,8.271,8.277999999999999,7.726,11075.61
1997-02-20,7.443,8.078,8.236,7.443,17445.87
1997-02-21,8.036,8.45,8.502,8.036,17786.26
1997-02-24,8.45,8.347000000000001,8.657,8.347000000000001,20615.26
1997-02-25,8.347000000000001,8.416,8.554,8.295,9555.28
1997-02-26,8.416,8.65,8.692,8.416,23314.74
1997-02-27,8.695,8.602,8.83,8.554,23763.88
1997-02-28,8.592,8.588,8.623,8.45,9509.29
1997-03-03,8.626,8.674,8.692,8.588,14824.37
1997-03-04,8.657,8.626,8.716000000000001,8.588,13300.31
1997-03-05,8.623,8.571,8.709,8.554,15134.7
1997-03-06,8.554,8.561,8.623,8.485,10064.1
1997-03-07,8.623,8.933,9.037,8.536,62044.37
1997-03-10,9.037,9.381,9.413,9.033,215331.84
1997-03-11,9.488,9.33,9.657,9.226,100163.89
1997-03-12,9.433,9.333,9.481,9.244,69887.8
1997-03-13,9.363999999999999,9.295,9.588,9.199,47496.14
1997-03-14,9.292,9.219,9.292,8.933,65462.36
1997-03-17,9.309,9.433,9.513,9.254,121152.42
1997-03-18,9.502,10.378,10.378,9.502,180141.61
1997-03-19,10.554,10.106,10.685,10.082,69344.52
1997-03-20,10.037,9.657,10.382,9.53,54142.44
1997-03-21,9.588,10.02,10.071,9.554,57309.08
1997-03-24,10.347000000000001,10.875,10.960999999999999,10.244000000000002,106156.18
1997-03-25,10.882,10.689,10.995999999999999,10.52,71278.78
1997-03-26,10.692,10.692,10.796,10.450999999999999,57701.58
1997-03-27,10.761,10.409,10.823,10.277999999999999,44547.44
1997-03-28,10.347000000000001,10.071,10.375,10.002,53475.78
1997-03-31,10.02,10.158,10.33,10.02,23680.53
1997-04-01,10.261,10.071,10.277999999999999,10.037,23918.55
1997-04-02,10.14,10.089,10.312999999999999,10.037,24050.18
1997-04-03,10.175,10.175,10.292,10.054,28528.02
1997-04-04,10.347000000000001,10.558,10.870999999999999,10.192,101242.06
1997-04-07,10.523,10.885,10.968,10.502,88414.11
1997-04-08,10.899000000000001,10.402000000000001,10.92,10.364,57030.77
1997-04-09,10.415999999999999,10.495999999999999,10.578,10.295,53389.92
1997-04-10,10.52,10.292,10.52,9.837,48280.11
1997-04-11,10.209,10.175,10.277999999999999,10.002,34484.84
1997-04-14,10.277999999999999,10.382,10.585,10.277999999999999,34229.31
1997-04-15,10.382,10.450999999999999,10.450999999999999,10.295,28148.75
1997-04-16,10.623,10.627,11.037,10.485,111265.14
1997-04-17,10.692,10.537,10.857999999999999,10.450999999999999,51362.71
1997-04-18,9.485,9.961,10.244000000000002,9.485,111840.74
1997-04-21,9.985,10.002,10.14,9.754,58074.31
1997-04-22,10.071,10.013,10.106,9.968,37023.91
1997-04-23,10.02,10.22,10.382,10.02,34508.49
1997-04-24,10.14,10.057,10.216000000000001,9.964,39786.1
1997-04-25,10.064,10.064,10.344000000000001,9.968,53167.99
1997-04-28,10.175,10.589,10.968,10.175,87684.23
1997-04-29,10.727,11.485,11.485,10.623,141106.05
1997-04-30,11.727,11.727,11.865,11.454,107706.31
1997-05-05,11.796,12.895999999999999,12.895999999999999,11.761,91240.3
1997-05-06,13.093,13.865,13.969000000000001,12.934000000000001,89407.67
1997-05-07,13.969000000000001,13.638,14.140999999999998,13.282,83483.73
1997-05-08,13.624,12.9,14.140999999999998,12.831,90561.66
1997-05-09,12.937000000000001,13.417,13.479000000000001,12.450999999999999,84544.68
1997-05-12,13.651,13.095999999999998,13.724,12.968,62590.65
1997-05-13,12.92,12.812999999999999,13.106,12.485999999999999,57955.51
1997-05-14,12.686,11.796,12.693,11.727,65639.84
1997-05-15,11.727,11.917,12.065,11.33,51191.89
1997-05-16,11.037,11.037,11.722999999999999,10.727,72798.98
1997-05-19,11.14,11.296,11.378,10.870999999999999,35599.88
1997-05-20,11.382,11.927,12.103,11.365,50006.1
1997-05-22,10.799000000000001,10.734000000000002,11.209000000000001,10.734000000000002,46865.52
1997-05-23,10.747,11.072000000000001,11.192,10.658,38969.17
1997-05-26,11.209000000000001,11.123,11.382,10.796,22882.4
1997-05-27,11.123,11.172,11.292,10.661,30946.64
1997-05-28,11.209000000000001,11.244000000000002,11.51,11.04,28372.7
1997-05-29,11.209000000000001,11.247,11.485,11.175,21754.25
1997-05-30,11.261,11.589,11.589,11.213,28895.11
1997-06-02,11.796,11.796,12.106,11.727,29946.83
1997-06-03,11.796,11.83,12.003,11.382,25456.73
1997-06-04,11.934000000000001,11.972000000000001,12.344000000000001,11.92,26360.13
1997-06-05,11.972000000000001,12.054,12.140999999999998,11.899000000000001,27009.17
1997-06-06,11.450999999999999,11.347000000000001,11.727,11.106,54096.09
1997-06-09,11.244000000000002,11.199000000000002,11.312999999999999,11.037,15460.1
1997-06-10,11.312999999999999,10.968,11.375,10.899000000000001,11098.4
1997-06-11,10.968,10.727,11.037,10.306,20857.31
1997-06-12,10.865,10.692,10.882,10.651,9432.68
1997-06-13,9.702,10.63,10.692,9.692,32144.69
1997-06-16,10.658,10.550999999999998,10.792,10.485,18852.32
1997-06-17,10.547,10.502,10.692,10.478,10762.0
1997-06-18,10.52,10.485,10.623,10.347000000000001,9207.29
1997-06-19,10.554,10.52,10.692,10.364,9121.95
1997-06-20,10.654000000000002,11.209000000000001,11.209000000000001,10.654000000000002,17698.19
1997-06-23,11.415999999999999,11.312999999999999,11.789000000000001,10.968,25292.99
1997-06-24,11.312999999999999,11.450999999999999,11.537,11.312999999999999,11423.65
1997-06-25,11.547,11.33,11.589,11.312999999999999,9011.2
1997-06-26,11.312999999999999,11.33,11.382,11.206,10930.78
1997-06-27,11.382,11.003,11.450999999999999,10.968,19386.54
1997-07-02,10.934000000000001,10.515999999999998,11.106,10.006,18563.07
1997-07-03,10.52,10.216000000000001,10.537,9.999,13328.02
1997-07-04,10.106,10.295,10.347000000000001,10.002,9462.72
1997-07-07,10.347000000000001,9.806000000000001,10.382,9.657,10051.75
1997-07-08,9.761000000000001,9.882,9.999,9.485,9841.43
1997-07-09,9.885,9.968,10.068,9.885,5425.71
1997-07-10,9.968,9.882,10.02,9.863999999999999,6517.68
1997-07-11,9.795,10.071,10.099,9.657,6614.68
1997-07-14,10.092,10.206,10.209,10.002,12512.7
1997-07-15,10.209,10.054,10.261,9.933,10473.36
1997-07-16,10.002,10.02,10.237,9.933,10040.82
1997-07-17,10.002,10.12,10.232999999999999,9.968,8380.11
1997-07-18,10.12,10.168,10.192,10.002,7985.62
1997-07-21,10.168,9.916,10.209,9.882,8307.58
1997-07-22,9.863999999999999,9.923,9.968,9.623,10306.06
1997-07-23,10.002,9.719,10.054,9.657,7339.97
1997-07-24,9.657,9.626,9.726,9.609,7532.99
1997-07-25,9.606,9.533,9.606,9.485,8268.51
1997-07-28,9.312000000000001,8.978,9.347000000000001,8.964,10668.32
1997-07-29,8.926,8.968,9.14,8.792,6691.55
1997-07-30,8.968,9.499,9.519,8.968,9256.08
1997-07-31,9.602,9.381,9.602,9.312000000000001,4075.89
1997-08-01,9.395,9.292,9.44,9.209,3483.32
1997-08-04,9.312000000000001,9.181000000000001,9.312000000000001,9.106,3721.86
1997-08-05,9.181000000000001,9.257,9.413,8.971,3398.8
1997-08-06,9.306000000000001,9.14,9.312000000000001,9.137,3090.6
1997-08-07,9.14,9.116,9.192,9.037,3848.01
1997-08-08,9.116,9.209,9.34,9.106,6115.5
1997-08-11,8.288,8.288,8.288,8.288,5364.0
1997-08-12,7.46,7.46,7.46,7.46,11873.0
1997-08-13,6.715,6.915,7.0710000000000015,6.715,66712.12
1997-08-14,6.898,7.2360000000000015,7.24,6.881,25613.25
1997-08-15,7.2429999999999986,7.1739999999999995,7.416,7.143,17922.46
1997-08-18,7.164,7.105,7.164,7.0429999999999975,10326.94
1997-08-19,7.24,7.278,7.312,7.209,7425.23
1997-08-20,7.312,7.381,7.416,7.312,5608.91
1997-08-21,7.381,7.4529999999999985,7.519,7.381,7261.94
1997-08-22,7.416,7.34,7.4529999999999985,7.312,8271.66
1997-08-25,7.364,7.226,7.374,7.1739999999999995,9928.85
1997-08-26,7.2429999999999986,7.3020000000000005,7.416,7.222,7198.74
1997-08-27,7.45,7.34,7.45,7.3020000000000005,5922.9
1997-08-28,7.347,7.409,7.447,7.347,7324.09
1997-08-29,7.416,7.353,7.44,7.247000000000001,7297.28
1997-09-01,7.343,7.297999999999999,7.343,7.202000000000001,9891.02
1997-09-02,7.297999999999999,7.319,7.405,7.278,5507.31
1997-09-03,7.381,7.5470000000000015,7.553,7.347,9253.77
1997-09-04,7.587999999999999,7.795,7.926,7.587999999999999,11662.97
1997-09-05,7.795,7.754,7.864,7.685,6959.02
1997-09-08,7.76,7.632999999999999,7.778,7.587999999999999,5545.01
1997-09-09,7.65,7.605,7.791,7.591,5689.46
1997-09-10,7.622000000000001,7.681,7.76,7.622000000000001,3847.8
1997-09-11,7.716,7.7429999999999986,7.864,7.697999999999999,7452.27
1997-09-12,7.76,7.553,7.829,7.522,4654.16
1997-09-15,7.553,7.3329999999999975,7.622000000000001,7.329,4935.74
1997-09-16,7.367000000000001,7.336,7.405,7.295,3264.0
1997-09-17,7.381,7.2879999999999985,7.395,7.247000000000001,2672.09
1997-09-18,7.291,7.329,7.409,7.291,2255.15
1997-09-19,7.347,7.35,7.381,7.322,1796.76
1997-09-22,7.35,7.0360000000000005,7.35,6.971,4518.78
1997-09-23,7.019,6.812,7.019,6.7079999999999975,6453.78
1997-09-24,6.898,7.074,7.105,6.898,5859.93
1997-09-25,7.087999999999999,7.053,7.202000000000001,7.005,2947.1
1997-09-26,7.029,7.022,7.087999999999999,6.971,2151.11
1997-09-29,7.0020000000000024,6.943,7.0020000000000024,6.881,2742.4
1997-09-30,6.9670000000000005,7.019,7.0429999999999975,6.9670000000000005,2490.14
1997-10-06,7.0360000000000005,7.157,7.305,7.0360000000000005,2147.22
1997-10-07,7.14,7.157,7.157,7.0360000000000005,1065.87
1997-10-08,7.271,7.357,7.5120000000000005,7.24,3927.82
1997-10-09,7.322,7.2810000000000015,7.416,7.26,1784.34
1997-10-10,7.312,7.347,7.367000000000001,7.252999999999999,2391.04
1997-10-13,7.398,7.271,7.412000000000001,7.26,1478.82
1997-10-14,7.2429999999999986,7.247000000000001,7.278,7.178,1524.28
1997-10-15,7.312,7.295,7.312,7.24,1539.96
1997-10-16,7.347,7.5360000000000005,7.557,7.347,5740.4
1997-10-17,7.591,7.829,7.867000000000001,7.5470000000000015,11288.26
1997-10-20,7.864,8.002,8.236,7.8329999999999975,16267.08
1997-10-21,8.002,7.909,8.002,7.829,6329.87
1997-10-22,7.909,8.071,8.381,7.902,25027.93
1997-10-23,8.34,8.157,8.45,8.14,12375.9
1997-10-24,8.209,8.226,8.347000000000001,8.105,10118.5
1997-10-27,8.347000000000001,9.05,9.05,8.347000000000001,44051.22
1997-10-28,9.054,8.623,9.275,8.474,29810.15
1997-10-29,8.554,8.692,8.709,8.45,14196.57
1997-10-30,8.795,8.626,9.002,8.592,11412.25
1997-10-31,8.45,8.567,8.605,8.433,8473.31
1997-11-03,8.564,8.457,8.564,8.416,3536.39
1997-11-04,8.457,8.45,8.554,8.443,3622.16
1997-11-05,8.45,8.677999999999999,8.777999999999999,8.43,6585.52
1997-11-06,8.761000000000001,8.519,8.795,8.485,3931.9
1997-11-07,8.574,8.554,8.588,8.45,3948.27
1997-11-10,8.519,8.388,8.64,8.312000000000001,4558.9
1997-11-11,8.347000000000001,8.277999999999999,8.381,8.232999999999999,4692.9
1997-11-12,8.281,8.209,8.347000000000001,8.174,3721.06
1997-11-13,8.174,8.277999999999999,8.277999999999999,8.002,4660.67
1997-11-14,8.381,8.318999999999999,8.45,8.133,4020.42
1997-11-17,8.318999999999999,8.226,8.443,8.174,2828.12
1997-11-18,8.226,8.14,8.243,8.14,2309.34
1997-11-19,8.157,8.064,8.157,8.019,2985.17
1997-11-20,8.071,8.019,8.157,8.002,3434.69
1997-11-21,8.019,7.919,8.023,7.881,4815.85
1997-11-24,7.85,7.673999999999999,7.85,7.605,3465.06
1997-11-25,7.587999999999999,7.702000000000001,7.76,7.587999999999999,2797.58
1997-11-26,7.726,7.7879999999999985,7.829,7.726,2342.1
1997-11-27,7.726,7.7189999999999985,7.76,7.7189999999999985,1894.0
1997-11-28,7.7189999999999985,7.722,7.726,7.657,2798.08
1997-12-01,7.691,7.622000000000001,7.7189999999999985,7.587999999999999,2169.26
1997-12-02,7.622000000000001,7.612,7.695,7.591,1708.0
1997-12-03,7.657,7.5360000000000005,7.657,7.484,2715.01
1997-12-04,7.519,7.574,7.657,7.463999999999999,2605.9
1997-12-05,7.657,7.587999999999999,7.709,7.581,2311.4
1997-12-08,7.6160000000000005,7.5710000000000015,7.705,7.5360000000000005,2861.02
1997-12-09,7.587999999999999,7.619,7.657,7.5779999999999985,2380.95
1997-12-10,7.664,7.771,7.7879999999999985,7.609,2445.89
1997-12-11,7.795,7.836,7.864,7.709,2319.26
1997-12-12,7.812,7.812,8.002,7.812,4316.84
1997-12-15,7.778,7.785,7.891,7.691,2739.34
1997-12-16,7.829,7.916,7.916,7.726,2789.63
1997-12-17,7.891,7.657,7.891,7.632999999999999,2857.5
1997-12-18,7.6160000000000005,7.657,7.726,7.553,2573.55
1997-12-19,7.64,7.632999999999999,7.657,7.591,2731.24
1997-12-22,7.685,7.587999999999999,7.691,7.5020000000000024,5680.81
1997-12-23,7.587999999999999,7.854,8.14,7.5710000000000015,6828.89
1997-12-24,7.847,7.726,7.881,7.691,2993.88
1997-12-25,7.678,7.66,7.76,7.657,3303.48
1997-12-26,7.76,7.726,7.864,7.7120000000000015,3679.87
1997-12-29,7.76,7.726,7.926,7.691,4063.95
1997-12-30,7.726,7.695,7.819,7.691,3102.27
1997-12-31,7.673999999999999,7.754,7.854,7.629,3846.98
1998-01-05,7.754,7.912000000000001,8.012,7.65,7774.74
1998-01-06,7.912000000000001,7.864,7.933,7.829,6710.91
1998-01-07,7.898,8.088,8.167,7.881,9642.94
1998-01-08,8.071,7.898,8.088,7.881,4875.78
1998-01-09,7.864,8.161,8.202,7.767,9626.05
1998-01-12,8.209,7.933,8.34,7.933,8534.08
1998-01-13,7.864,7.587999999999999,7.864,7.14,10843.24
1998-01-14,7.587999999999999,7.657,7.7189999999999985,7.587999999999999,6706.65
1998-01-15,7.695,7.64,7.795,7.595,5480.89
1998-01-16,7.622000000000001,7.673999999999999,7.726,7.587999999999999,3807.93
1998-01-19,7.657,7.5710000000000015,7.691,7.553,4881.9
1998-01-20,7.626,7.519,7.626,7.516,3807.41
1998-01-21,7.522,7.5360000000000005,7.587999999999999,7.487999999999999,3803.78
1998-01-22,7.54,7.567,7.602,7.519,3358.23
1998-01-23,7.5710000000000015,7.657,7.691,7.5710000000000015,2335.92
1998-02-09,7.926,7.771,7.933,7.76,3633.32
1998-02-10,7.7189999999999985,7.653,7.75,7.636,2231.93
1998-02-11,7.64,7.695,7.829,7.587999999999999,2800.64
1998-02-12,7.76,7.65,7.791,7.585,3235.1
1998-02-13,7.65,7.619,7.7189999999999985,7.587999999999999,3048.65
1998-02-16,7.587999999999999,7.519,7.622000000000001,7.519,3545.84
1998-02-17,7.519,7.529,7.622000000000001,7.5020000000000024,3449.86
1998-02-18,7.587999999999999,7.484,7.587999999999999,7.4670000000000005,2569.4
1998-02-19,7.478,7.4529999999999985,7.516,7.398,2482.97
1998-02-20,7.4670000000000005,7.463999999999999,7.553,7.443,2363.66
1998-02-23,7.45,7.202000000000001,7.45,6.909,4230.31
1998-02-24,7.191,7.136,7.191,7.109,3590.54
1998-02-25,7.14,7.202000000000001,7.381,7.122000000000001,2721.07
1998-02-26,7.1739999999999995,7.329,7.343,7.122000000000001,2672.04
1998-02-27,7.329,7.24,7.409,7.191,1772.72
1998-03-02,7.122000000000001,7.143,7.312,6.9460000000000015,3417.0
1998-03-03,7.122000000000001,7.157,7.1739999999999995,7.0710000000000015,2164.7
1998-03-04,7.205,7.14,7.205,7.105,2260.67
1998-03-05,7.1979999999999995,7.077999999999999,7.2429999999999986,7.053,3729.76
1998-03-06,7.081,7.0089999999999995,7.1670000000000025,6.9639999999999995,5415.83
1998-03-09,7.0020000000000024,6.919,7.0020000000000024,6.888,5202.04
1998-03-10,6.902,7.122000000000001,7.271,6.898,5018.4
1998-03-11,7.1739999999999995,7.0020000000000024,7.202000000000001,6.9670000000000005,3122.0
1998-03-12,6.9670000000000005,6.9670000000000005,6.9979999999999976,6.933,2334.55
1998-03-13,6.943,6.974,7.06,6.898,1855.53
1998-03-16,6.984,6.926,7.0360000000000005,6.864,3452.35
1998-03-17,6.933,6.933,6.9670000000000005,6.898,3693.99
1998-03-18,6.933,6.898,6.96,6.898,3204.86
1998-03-19,6.898,6.9879999999999995,7.1670000000000025,6.795,6181.09
1998-03-20,6.952999999999999,7.0020000000000024,7.157,6.898,3680.77
1998-03-23,6.898,6.905,6.9670000000000005,6.891,3405.87
1998-03-24,6.898,6.881,6.926,6.864,3392.32
1998-03-25,6.933,7.0020000000000024,7.098,6.846,4213.84
1998-03-26,7.0020000000000024,6.898,7.0020000000000024,6.891,2908.93
1998-03-27,6.898,7.1739999999999995,7.2429999999999986,6.898,8177.19
1998-03-30,7.209,7.25,7.347,7.105,7138.57
1998-03-31,7.202000000000001,7.132999999999999,7.295,7.105,4062.57
1998-04-01,7.14,7.057,7.14,7.0020000000000024,4333.59
1998-04-02,7.074,7.7639999999999985,7.7639999999999985,7.0710000000000015,19753.43
1998-04-03,7.933,8.016,8.519,7.933,47074.6
1998-04-06,8.036,7.864,8.071,7.7810000000000015,13755.37
1998-04-07,7.864,7.66,7.864,7.66,7575.05
1998-04-08,7.653,7.726,7.933,7.519,10889.42
1998-04-09,7.76,7.5470000000000015,7.76,7.519,7600.7
1998-04-10,7.519,7.564,7.622000000000001,7.443,5385.23
1998-04-13,8.305,7.898,8.312000000000001,7.778,20342.73
1998-04-14,7.898,7.874,8.064,7.864,10309.28
1998-04-15,7.857,7.795,7.86,7.767,4908.1
1998-04-16,7.767,7.664,7.7879999999999985,7.587999999999999,7364.07
1998-04-17,7.664,7.5020000000000024,7.664,7.478,5239.06
1998-04-20,7.5360000000000005,7.381,7.76,7.374,4425.73
1998-04-21,7.381,7.381,7.602,7.312,5536.55
1998-04-22,7.381,7.671,7.709,7.381,6538.94
1998-04-23,7.691,7.484,7.76,7.45,4728.03
1998-04-24,7.484,7.416,7.574,7.312,6170.18
1998-04-27,7.312,7.278,7.377999999999999,7.2360000000000015,6358.31
1998-04-28,7.312,7.5020000000000024,7.519,7.295,4714.75
1998-04-29,7.5020000000000024,7.371,7.5470000000000015,7.347,4393.1
1998-04-30,7.347,7.402,7.516,7.34,4336.15
1998-05-04,7.45,7.5120000000000005,7.685,7.343,7285.52
1998-05-05,7.522,7.45,7.657,7.443,4982.78
1998-05-06,7.433,7.381,7.519,7.381,4495.0
1998-05-07,7.381,7.278,7.484,7.26,5758.45
1998-05-08,7.278,7.395,7.416,7.278,4885.64
1998-05-11,7.419,7.433,7.567,7.381,6831.03
1998-05-12,7.529,7.364,7.581,7.347,4138.68
1998-05-13,7.381,7.519,7.643,7.347,7872.41
1998-05-14,7.522,7.46,7.587999999999999,7.416,5772.77
1998-05-15,7.484,7.6670000000000025,7.864,7.4529999999999985,17095.55
1998-05-18,7.829,7.629,7.864,7.587999999999999,7373.8
1998-05-19,7.657,7.5120000000000005,7.7189999999999985,7.5120000000000005,3233.15
1998-05-20,7.5120000000000005,7.443,7.5710000000000015,7.416,3326.66
1998-05-21,7.443,7.409,7.443,7.364,3330.65
1998-05-22,7.443,7.416,7.5120000000000005,7.412000000000001,4399.04
1998-05-25,7.416,7.364,7.443,7.278,6897.54
1998-05-26,7.364,7.343,7.4289999999999985,7.312,4536.04
1998-05-27,7.34,7.305,7.347,7.2810000000000015,5314.03
1998-05-28,7.347,7.388,7.484,7.347,3961.7
1998-05-29,7.4570000000000025,7.474,7.5470000000000015,7.381,2611.66
1998-06-01,7.45,7.364,7.45,7.305,7854.32
1998-06-02,7.364,7.3260000000000005,7.416,7.297999999999999,4322.32
1998-06-03,7.3260000000000005,7.347,7.347,7.2360000000000015,6176.11
1998-06-04,7.381,7.305,7.481,7.284,3149.4
1998-06-05,7.347,7.305,7.416,7.2879999999999985,4847.08
1998-06-08,7.329,7.312,7.416,7.305,4417.85
1998-06-09,7.315,7.1739999999999995,7.322,7.105,4719.16
1998-06-10,7.1739999999999995,7.178,7.295,7.0710000000000015,3905.67
1998-06-11,7.191,7.06,7.278,7.0360000000000005,2853.4
1998-06-12,7.1739999999999995,7.1739999999999995,7.2429999999999986,7.0710000000000015,4207.16
1998-06-15,7.1739999999999995,7.271,7.56,7.1739999999999995,8262.83
1998-06-16,7.271,7.1670000000000025,7.278,7.053,3899.41
1998-06-17,7.126,7.1670000000000025,7.312,7.0710000000000015,2550.93
1998-06-18,7.188,7.215,7.278,7.178,2186.91
1998-06-19,7.226,7.388,7.4670000000000005,7.226,5436.06
1998-06-22,7.519,7.74,7.754,7.433,16641.89
1998-06-23,7.74,7.657,7.795,7.587999999999999,7598.58
1998-06-24,7.66,7.629,7.722,7.519,5277.38
1998-06-25,7.709,7.381,7.7120000000000015,7.329,4085.78
1998-06-26,7.478,7.4570000000000025,7.478,7.347,2963.04
1998-06-29,7.409,7.2429999999999986,7.416,7.202000000000001,4179.49
1998-07-01,7.191,6.915,7.312,6.905,4190.02
1998-07-02,6.926,7.347,7.381,6.9220000000000015,4744.49
1998-07-03,7.347,7.14,7.398,7.14,3633.17
1998-07-06,7.2429999999999986,7.109,7.26,7.105,2389.34
1998-07-07,7.1670000000000025,7.14,7.1670000000000025,7.0710000000000015,1501.02
1998-07-08,7.191,7.1670000000000025,7.191,7.105,1282.43
1998-07-09,7.14,7.067,7.1739999999999995,7.029,2015.83
1998-07-10,7.0710000000000015,7.102,7.1739999999999995,7.0710000000000015,2022.34
1998-07-13,7.102,7.022,7.102,7.005,2940.41
1998-07-14,7.022,6.96,7.0360000000000005,6.95,3318.61
1998-07-15,6.95,6.933,6.984,6.928999999999999,2465.52
1998-07-16,6.933,6.952999999999999,7.087999999999999,6.933,2035.57
1998-07-17,6.9670000000000005,6.8770000000000024,6.971,6.846,3715.16
1998-07-20,6.867000000000001,6.595,6.867000000000001,6.553,3706.0
1998-07-21,6.595,6.795,6.898,6.5360000000000005,4035.14
1998-07-22,6.795,6.605,6.795,6.587999999999999,2098.45
1998-07-23,6.615,6.622000000000001,6.7120000000000015,6.615,1996.52
1998-07-24,6.626,6.6739999999999995,6.7079999999999975,6.626,2122.27
1998-07-27,6.6739999999999995,6.587999999999999,6.6739999999999995,6.546,2644.08
1998-07-28,6.553,6.602,6.622000000000001,6.553,1721.97
1998-07-29,6.587999999999999,6.608,6.629,6.587999999999999,1603.54
1998-07-30,6.646,6.763999999999999,6.791,6.646,2538.72
1998-07-31,6.787999999999999,6.705,6.787999999999999,6.664,1226.68
1998-08-03,6.715,6.612,6.726,6.605,1375.42
1998-08-04,6.622000000000001,6.587999999999999,6.629,6.557,1680.28
1998-08-05,6.587999999999999,6.632999999999999,6.726,6.587999999999999,927.58
1998-08-06,6.65,6.557,6.7079999999999975,6.553,1272.2
1998-08-07,6.587999999999999,6.4670000000000005,6.622000000000001,6.433,3414.21
1998-08-10,6.415,6.218999999999999,6.415,6.218999999999999,2881.11
1998-08-11,6.2079999999999975,6.039,6.26,6.0360000000000005,2803.0
1998-08-12,6.0360000000000005,5.874,6.039,5.691,4059.06
1998-08-13,5.874,5.926,5.984,5.874,2980.9
1998-08-14,5.601,5.553,5.691,5.525,4425.03
1998-08-17,5.4079999999999995,4.998,5.415,4.998,7321.2
1998-08-18,4.891,4.894,5.122000000000001,4.76,5773.9
1998-08-19,4.898,5.087,5.091,4.898,4072.56
1998-08-20,5.087,5.329,5.3389999999999995,4.87,3619.16
1998-08-21,5.336,5.401,5.5120000000000005,5.329,6101.92
1998-08-24,5.401,5.263,5.401,5.239,4254.5
1998-08-25,5.242999999999999,5.2360000000000015,5.242999999999999,5.138999999999999,3373.34
1998-08-26,5.207999999999998,5.1560000000000015,5.312,5.1560000000000015,2603.84
1998-08-27,5.138999999999999,5.087,5.138999999999999,5.084,2298.67
1998-08-28,5.105,5.17,5.246,5.07,2874.3
1998-08-31,5.081,5.1979999999999995,5.1979999999999995,4.88,2986.32
1998-09-01,5.1739999999999995,5.225,5.263,5.043,2900.54
1998-09-02,5.184,5.136,5.225,5.105,1489.14
1998-09-03,5.105,5.125,5.207999999999998,5.101,1402.0
1998-09-04,5.1739999999999995,5.184,5.207999999999998,5.143,2230.5
1998-09-07,5.2010000000000005,5.1739999999999995,5.207999999999998,5.138999999999999,2043.25
1998-09-08,5.191,5.184,5.312,5.1739999999999995,2368.16
1998-09-09,5.191,5.242999999999999,5.27,5.1320000000000014,2540.95
1998-09-10,5.242999999999999,5.381,5.432,5.242999999999999,7179.63
1998-09-11,5.381,5.308,5.381,5.26,3493.98
1998-09-14,5.308,5.581,5.619,5.225,9786.63
1998-09-15,5.587999999999999,5.367000000000001,5.638999999999999,5.367000000000001,5847.0
1998-09-16,5.3629999999999995,5.443,5.501,5.353,4350.18
1998-09-17,5.477,5.477,5.774,5.452999999999999,9229.14
1998-09-18,5.484,5.46,5.65,5.432,7567.56
1998-09-21,5.45,5.381,5.45,5.305,3440.59
1998-09-22,5.432,5.346,5.45,5.318,2028.65
1998-09-23,5.346,5.318,5.381,5.294,1676.93
1998-09-24,5.318,5.191,5.3389999999999995,5.191,2204.0
1998-09-25,5.1739999999999995,5.25,5.277,5.153,1672.55
1998-09-28,5.242999999999999,5.312,5.346,5.242999999999999,1462.57
1998-09-29,5.381,5.394,5.581,5.346,3609.34
1998-09-30,5.419,5.4079999999999995,5.45,5.381,1639.76
1998-10-05,5.394,5.297999999999999,5.4079999999999995,5.294,1498.0
1998-10-06,5.312,5.2360000000000015,5.329,5.225,1723.55
1998-10-07,5.242999999999999,5.205,5.242999999999999,5.191,1595.37
1998-10-08,5.329,5.242999999999999,5.3389999999999995,5.242999999999999,997.5
1998-10-09,5.246,5.294,5.343,5.2120000000000015,1734.29
1998-10-12,5.2120000000000015,5.215,5.277,5.1770000000000005,2736.7
1998-10-13,5.277,5.27,5.415,5.229,2311.62
1998-10-14,5.26,5.207999999999998,5.274,5.207999999999998,1612.74
1998-10-15,5.242999999999999,5.329,5.415,5.207999999999998,3270.88
1998-10-16,5.3629999999999995,5.3839999999999995,5.501,5.3629999999999995,4875.56
1998-10-19,5.415,5.318,5.4670000000000005,5.312,2284.24
1998-10-20,5.318,5.252999999999999,5.318,5.242999999999999,1807.01
1998-10-21,5.26,5.184,5.277,5.1770000000000005,4697.07
1998-10-22,5.1739999999999995,5.146,5.1739999999999995,4.987,3443.27
1998-10-23,5.138999999999999,5.16,5.242999999999999,5.138999999999999,2463.0
1998-10-26,5.1560000000000015,5.043,5.1560000000000015,5.001,3092.39
1998-10-27,5.0360000000000005,5.0360000000000005,5.138999999999999,4.994,1650.35
1998-10-28,5.0360000000000005,4.98,5.053,4.977,3498.1
1998-10-29,5.015,5.0489999999999995,5.053,5.001,2098.53
1998-10-30,5.018,5.07,5.146,5.018,1994.71
1998-11-02,5.07,5.018,5.07,4.994,2042.84
1998-11-03,5.039,5.07,5.1320000000000014,5.001,2124.44
1998-11-04,5.07,5.022,5.105,5.001,2060.61
1998-11-05,5.025,5.063,5.105,5.025,2540.5
1998-11-06,5.122000000000001,5.16,5.225,5.093999999999999,3977.48
1998-11-09,5.1739999999999995,5.329,5.3770000000000024,5.1560000000000015,6525.99
1998-11-10,5.346,5.484,5.638999999999999,5.346,15077.45
1998-11-11,5.4910000000000005,5.4220000000000015,5.5120000000000005,5.401,4908.24
1998-11-12,5.415,5.45,5.636,5.398,7721.19
1998-11-13,5.45,5.394,5.484,5.353,2954.71
1998-11-16,5.45,5.505,5.587999999999999,5.415,6725.48
1998-11-17,5.55,5.7079999999999975,5.777,5.505,16622.03
1998-11-18,5.7079999999999975,5.608,5.76,5.598,9560.0
1998-11-19,5.598,5.4670000000000005,5.605,5.415,5343.43
1998-11-20,5.443,5.45,5.4979999999999976,5.4079999999999995,4939.54
1998-11-23,5.45,5.419,5.45,5.401,2145.73
1998-11-24,5.432,5.4220000000000015,5.477,5.415,1841.62
1998-11-25,5.443,5.343,5.484,5.315,2446.5
1998-11-26,5.325,5.287000000000001,5.381,5.274,2951.86
1998-11-27,5.305,5.305,5.381,5.294,2124.1
1998-11-30,5.294,5.305,5.312,5.284,1456.6
1998-12-01,5.305,5.26,5.374,5.25,1432.4
1998-12-02,5.242999999999999,5.25,5.25,5.167000000000002,2264.96
1998-12-03,5.26,5.207999999999998,5.27,5.207999999999998,1328.16
1998-12-04,5.2120000000000015,5.191,5.322,5.167000000000002,1749.82
1998-12-07,5.242999999999999,5.194,5.318,5.1770000000000005,1356.0
1998-12-08,5.207999999999998,5.215,5.242999999999999,5.205,1091.14
1998-12-09,5.215,5.215,5.239,5.205,1215.83
1998-12-10,5.242999999999999,5.162999999999999,5.25,5.162999999999999,1313.33
1998-12-11,5.162999999999999,5.1739999999999995,5.1739999999999995,5.122000000000001,1346.73
1998-12-14,5.07,5.101,5.143,5.07,1316.28
1998-12-15,5.101,5.1560000000000015,5.16,5.07,1525.31
1998-12-16,5.205,5.105,5.207999999999998,5.101,866.0
1998-12-17,5.105,5.084,5.138999999999999,5.07,1126.97
1998-12-18,5.074,5.0360000000000005,5.074,5.022,1674.36
1998-12-21,5.063,5.0360000000000005,5.063,5.001,923.02
1998-12-22,5.043,5.138999999999999,5.16,5.043,915.35
1998-12-23,5.138999999999999,5.07,5.138999999999999,5.067,903.0
1998-12-24,5.07,5.018,5.07,5.001,1238.27
1998-12-25,5.2120000000000015,5.074,5.218,5.018,678.97
1998-12-28,5.074,5.07,5.138999999999999,5.046,869.0
1998-12-29,5.018,5.018,5.07,5.001,1005.9
1998-12-30,5.005,5.294,5.318,5.005,6864.73
1998-12-31,5.308,5.2360000000000015,5.381,5.207999999999998,5022.09
1999-01-04,5.191,5.091,5.2360000000000015,5.091,1565.41
1999-01-05,5.07,5.153,5.17,5.043,1805.26
1999-01-06,5.1739999999999995,5.242999999999999,5.3389999999999995,5.167000000000002,2148.18
1999-01-07,5.27,5.207999999999998,5.305,5.181,1821.98
1999-01-08,5.207999999999998,5.305,5.329,5.207999999999998,2981.48
1999-01-11,5.305,5.391,5.432,5.252999999999999,4305.08
1999-01-12,5.381,5.297999999999999,5.415,5.287000000000001,2297.86
1999-01-13,5.26,5.205,5.291,5.1770000000000005,2077.39
1999-01-14,5.191,5.207999999999998,5.27,5.181,1597.66
1999-01-15,5.246,5.2010000000000005,5.25,5.191,1284.07
1999-01-18,5.17,5.1560000000000015,5.215,5.0360000000000005,2883.33
1999-01-19,5.138999999999999,5.1080000000000005,5.1560000000000015,5.087,2608.85
1999-01-20,5.122000000000001,5.1320000000000014,5.184,5.105,1150.66
1999-01-21,5.136,5.118,5.138999999999999,5.087,1272.52
1999-01-22,5.1080000000000005,5.138999999999999,5.1770000000000005,5.087,1617.98
1999-01-25,5.129,5.077,5.1560000000000015,5.07,1606.62
1999-01-26,5.077,5.06,5.077,5.039,1681.73
1999-01-27,5.063,5.039,5.063,5.039,1573.71
1999-01-28,5.043,5.053,5.162999999999999,5.043,908.65
1999-01-29,5.053,5.022,5.053,5.005,1534.86
1999-02-01,5.022,4.9319999999999995,5.029,4.915,2212.0
1999-02-02,4.9319999999999995,4.953,5.001,4.9319999999999995,1211.82
1999-02-03,4.967,4.9460000000000015,4.987,4.9319999999999995,1166.97
1999-02-04,4.949,4.915,4.963,4.915,1281.0
1999-02-05,4.905,4.805,4.905,4.787,1833.61
1999-02-08,4.791,4.663,4.794,4.6560000000000015,2703.82
1999-02-09,4.6739999999999995,4.791,4.794,4.6739999999999995,1446.11
1999-03-01,4.791,4.822,4.853,4.742,1167.35
1999-03-02,4.822,4.753,4.822,4.753,968.2
1999-03-03,4.76,4.846,4.863,4.746,1592.51
1999-03-04,4.846,4.856,4.912,4.832,1055.56
1999-03-05,4.863,4.874,4.967,4.846,1040.46
1999-03-08,4.898,4.791,4.898,4.76,2008.12
1999-03-09,4.822,4.808,4.877,4.777,1202.82
1999-03-10,4.822,4.742,4.825,4.725,1317.1
1999-03-11,4.742,4.811,4.8180000000000005,4.729,1086.51
1999-03-12,4.811,4.805,4.863,4.777,1558.56
1999-03-15,4.825,4.88,4.9319999999999995,4.811,2036.26
1999-03-16,4.849,4.849,4.856,4.829,1610.53
1999-03-17,4.846,4.863,4.967,4.846,2386.32
1999-03-18,4.863,4.874,4.97,4.829,2041.85
1999-03-19,4.874,4.87,4.898,4.822,2014.78
1999-03-22,4.874,4.856,4.936,4.8389999999999995,2118.5
1999-03-23,4.898,4.846,4.898,4.822,1862.7
1999-03-24,4.874,4.836,4.949,4.829,2044.87
1999-03-25,4.863,4.822,4.863,4.811,1715.66
1999-03-26,4.811,4.801,4.829,4.76,1547.89
1999-03-29,4.794,4.777,4.794,4.725,1890.6
1999-03-30,4.794,4.746,4.829,4.7360000000000015,1409.84
1999-03-31,4.753,4.774,4.863,4.746,879.8
1999-04-01,4.78,4.829,4.88,4.78,1906.92
1999-04-02,4.863,4.905,4.912,4.829,3315.43
1999-04-05,4.9319999999999995,4.891,4.9319999999999995,4.849,2188.61
1999-04-06,4.874,4.846,4.877,4.829,2419.6
1999-04-07,4.849,4.901,4.918,4.836,3135.1
1999-04-08,4.918,4.874,5.001,4.856,2762.96
1999-04-09,4.891,4.8389999999999995,4.891,4.822,2498.38
1999-04-12,4.8389999999999995,4.794,4.846,4.777,3162.93
1999-04-13,4.825,4.774,4.825,4.76,1832.42
1999-04-14,4.774,4.784,4.829,4.749,1550.65
1999-04-15,4.794,4.791,4.928999999999999,4.787,2002.14
1999-04-16,4.836,4.777,4.846,4.7669999999999995,2046.28
1999-04-19,4.808,4.918,4.984,4.798,7147.73
1999-04-20,4.9319999999999995,4.97,5.081,4.874,7562.97
1999-04-21,4.963,4.811,4.977,4.811,3838.76
1999-04-22,4.811,4.732,4.846,4.615,3525.4
1999-04-23,4.742,4.763,4.815,4.742,1634.0
1999-04-26,4.77,4.691,4.777,4.68,2390.3
1999-04-27,4.68,4.553,4.691,4.542,2455.0
1999-04-28,4.553,4.573,4.725,4.5360000000000005,1696.94
1999-04-29,4.553,4.6419999999999995,4.646,4.501,1313.56
1999-04-30,4.6560000000000015,4.663,4.756,4.591,1478.55
1999-05-04,4.663,4.598,4.663,4.591,976.0
1999-05-05,4.587,4.6110000000000015,4.622,4.58,796.66
1999-05-06,4.622,4.615,4.638999999999999,4.584,949.32
1999-05-07,4.622,4.577,4.638999999999999,4.577,1017.61
1999-05-10,4.57,4.332,4.57,4.311,2471.2
1999-05-11,4.346,4.38,4.449,4.342,1217.75
1999-05-12,4.398,4.346,4.398,4.3389999999999995,1120.68
1999-05-13,4.346,4.329,4.346,4.311,1247.91
1999-05-14,4.325,4.215,4.329,4.2010000000000005,1658.7
1999-05-17,4.098,4.138999999999999,4.173,4.07,1680.12
1999-05-18,4.138999999999999,4.135,4.2010000000000005,4.122,1171.04
1999-05-19,4.138999999999999,4.363,4.363,4.122,3501.44
1999-05-20,4.363,4.467,4.484,4.311,3705.07
1999-05-21,4.484,4.605,4.6530000000000005,4.484,5478.17
1999-05-24,4.605,4.984,5.067,4.501,10668.4
1999-05-25,5.122000000000001,4.867,5.242999999999999,4.856,17336.66
1999-05-26,4.836,5.105,5.1739999999999995,4.794,15171.16
1999-05-27,5.1739999999999995,5.615,5.615,5.1739999999999995,31795.73
1999-05-28,5.691,5.45,5.787999999999999,5.381,27449.27
1999-05-31,5.45,5.256,5.615,5.1739999999999995,17804.27
1999-06-01,5.294,5.3629999999999995,5.412000000000001,5.1739999999999995,12959.9
1999-06-02,5.374,5.2010000000000005,5.398,5.1770000000000005,11995.41
1999-06-03,5.167000000000002,5.06,5.191,5.001,7195.82
1999-06-04,5.07,5.318,5.484,5.07,22565.29
1999-06-07,5.346,5.85,5.85,5.346,38238.22
1999-06-08,6.001,6.229,6.415,5.867000000000001,67173.8
1999-06-09,6.242999999999999,6.242999999999999,6.539,6.105,46304.46
1999-06-10,6.4079999999999995,6.16,6.45,6.138999999999999,26662.94
1999-06-11,6.138999999999999,5.97,6.157,5.96,19473.68
1999-06-14,5.9670000000000005,6.067,6.2079999999999975,5.95,19595.21
1999-06-15,6.215,5.932,6.3389999999999995,5.8320000000000025,24327.71
1999-06-16,5.977,6.157,6.195,5.974,13536.4
1999-06-17,6.246,6.322,6.443,6.1670000000000025,28771.16
1999-06-18,6.3839999999999995,6.098,6.415,6.098,24081.72
1999-06-21,6.138999999999999,6.401,6.587999999999999,6.0360000000000005,30103.95
1999-06-22,6.401,6.277,6.4570000000000025,6.17,15197.57
1999-06-23,6.295,6.5020000000000024,6.5429999999999975,6.2079999999999975,26576.4
1999-06-24,6.581,7.087999999999999,7.098,6.581,45717.89
1999-06-25,7.2360000000000015,6.629,7.295,6.622000000000001,51972.6
1999-06-28,6.742999999999999,7.291,7.291,6.742999999999999,38952.76
1999-06-29,7.481,7.35,7.581,7.191,38874.97
1999-07-02,7.2429999999999986,6.895,7.595,6.619,28806.74
1999-07-05,6.898,6.346,6.9670000000000005,6.315,23209.98
1999-07-06,6.312,6.1739999999999995,6.515,5.984,17932.86
1999-07-07,6.1739999999999995,6.372000000000001,6.444,6.126,16349.45
1999-07-08,6.483,6.3,6.497000000000001,6.232,12303.01
1999-07-09,6.29,6.609,6.752999999999999,6.28,24873.63
1999-07-12,6.609,6.555,6.879,6.5070000000000014,18543.27
1999-07-13,6.517,6.275,6.517,6.178999999999999,14100.47
1999-07-14,6.275,6.454,6.517,6.275,8211.06
1999-07-15,6.459,6.372000000000001,6.5120000000000005,6.285,7491.69
1999-07-16,6.372000000000001,6.314,6.396,6.275,8396.6
1999-07-19,6.266,6.0820000000000025,6.266,6.068,9523.23
1999-07-20,6.0820000000000025,6.517,6.517,6.0820000000000025,13130.45
1999-07-21,6.555,7.1679999999999975,7.1679999999999975,6.522,83112.6
1999-07-22,7.231,7.149,7.82,7.091,139255.47
1999-07-23,7.12,7.086,7.386,7.0,44286.02
1999-07-26,7.144,7.434,7.724,7.096,59248.17
1999-07-27,7.434,7.144,7.482,7.091,29677.28
1999-07-28,7.183,7.1679999999999975,7.386,7.096,20557.08
1999-07-29,7.2410000000000005,7.13,7.386,7.096,12093.31
1999-07-30,7.289,7.482,7.6270000000000024,7.289,58747.22
1999-08-02,7.545,7.477,7.724,7.395,25412.6
1999-08-03,7.555,7.381,7.6270000000000024,7.3039999999999985,18529.55
1999-08-04,7.391,7.423999999999999,7.506,7.3279999999999985,14967.5
1999-08-05,7.423999999999999,7.434,7.6370000000000005,7.3279999999999985,19442.47
1999-08-06,7.4579999999999975,7.284,7.506,7.101,24425.81
1999-08-09,7.284,7.154,7.362,7.135,13250.14
1999-08-10,7.154,7.149,7.294,7.086,11032.08
1999-08-11,7.149,7.096,7.2410000000000005,7.072,7176.34
1999-08-12,7.149,7.144,7.362,7.057,9609.53
1999-08-13,7.193,7.047999999999999,7.2410000000000005,7.047999999999999,5812.61
1999-08-16,7.047999999999999,6.888,7.178,6.777,7838.41
1999-08-17,6.898,6.864,7.047999999999999,6.816,8202.28
1999-08-18,6.9510000000000005,7.028,7.096,6.903,6914.43
1999-08-19,7.101,7.28,7.3420000000000005,7.053,13204.68
1999-08-20,7.3370000000000015,7.106,7.362,7.096,9779.8
1999-08-23,7.197,7.091,7.2120000000000015,6.99,9242.31
1999-08-24,7.0820000000000025,7.2170000000000005,7.289,7.047999999999999,12094.66
1999-08-25,6.757999999999999,6.869,7.0,6.757999999999999,15196.94
1999-08-26,6.8260000000000005,6.8839999999999995,6.903,6.662000000000001,14120.57
1999-08-27,6.9510000000000005,6.8260000000000005,6.9510000000000005,6.773,7953.77
1999-08-30,6.806,6.662000000000001,6.806,6.662000000000001,11787.32
1999-08-31,6.662000000000001,6.782,6.85,6.662000000000001,5740.32
1999-09-01,6.8020000000000005,6.686,6.811,6.676,5607.74
1999-09-02,6.541,6.695,6.71,6.541,6789.86
1999-09-03,6.705,6.652,6.757999999999999,6.642,4277.7
1999-09-06,6.695,6.517,6.695,6.5070000000000014,4476.44
1999-09-07,6.541,6.555,6.617999999999999,6.541,3074.9
1999-09-08,6.551,6.58,6.642,6.5360000000000005,1822.96
1999-09-09,6.662000000000001,7.072,7.072,6.662000000000001,9656.74
1999-09-10,7.12,6.893,7.193,6.855,12169.53
1999-09-13,7.0,6.9510000000000005,7.072,6.879,6925.79
1999-09-14,7.0,7.013999999999999,7.144,6.98,8993.33
1999-09-15,7.072,7.154,7.183,7.047999999999999,12039.37
1999-09-16,7.183,7.183,7.482,7.1679999999999975,32509.99
1999-09-17,7.183,7.0820000000000025,7.2410000000000005,7.047999999999999,9863.13
1999-09-20,7.047999999999999,7.037999999999999,7.096,7.0329999999999995,4487.0
1999-09-21,7.047999999999999,7.072,7.188,7.019,5449.5
1999-09-22,7.067,7.024,7.096,7.0,3301.25
1999-09-23,7.072,6.893,7.086,6.855,4055.05
1999-09-24,6.9510000000000005,6.98,7.091,6.9510000000000005,2669.4
1999-09-27,7.1679999999999975,6.9220000000000015,7.1679999999999975,6.903,3227.18
1999-09-28,6.9220000000000015,6.787000000000001,6.956,6.773,3798.79
1999-09-29,6.7970000000000015,6.715,6.879,6.7,5399.33
1999-09-30,6.749,6.657,6.855,6.642,6618.77
1999-10-08,6.627999999999999,6.386,6.681,6.386,4502.2
1999-10-11,6.386,6.3820000000000014,6.5120000000000005,6.372000000000001,4102.68
1999-10-12,6.4110000000000005,6.5070000000000014,6.565,6.4110000000000005,1545.29
1999-10-13,6.517,6.372000000000001,6.541,6.348,2402.6
1999-10-14,6.372000000000001,6.415,6.555,6.275,3093.39
1999-10-15,6.517,6.497000000000001,6.609,6.396,3462.16
1999-10-18,6.497000000000001,6.285,6.497000000000001,6.275,3963.16
1999-10-19,6.28,6.275,6.324,6.222,2680.25
1999-10-20,6.275,6.29,6.348,6.227,3015.31
1999-10-21,6.275,6.193,6.3,6.193,3002.0
1999-10-22,6.202999999999999,6.3,6.43,6.1739999999999995,3817.84
1999-10-25,6.275,6.131,6.3,6.0820000000000025,3781.76
1999-10-26,6.131,6.202999999999999,6.275,6.131,2243.85
1999-10-27,6.415,6.386,6.459,6.275,4854.2
1999-10-28,6.391,6.227,6.42,6.212999999999999,4365.0
1999-10-29,6.227,6.319,6.555,6.202999999999999,6603.57
1999-11-01,6.319,6.202999999999999,6.324,6.178999999999999,3017.43
1999-11-02,6.202999999999999,6.189,6.251,6.178999999999999,1901.68
1999-11-03,6.202999999999999,6.2079999999999975,6.227,6.178999999999999,1637.95
1999-11-04,6.2079999999999975,6.189,6.218,6.169,1920.39
1999-11-05,6.275,6.218,6.5070000000000014,6.1979999999999995,4166.02
1999-11-08,6.218,6.337999999999999,6.391,6.218,2224.45
1999-11-09,6.42,6.314,6.454,6.275,2402.1
1999-11-10,6.314,6.202999999999999,6.314,6.169,3179.11
1999-11-11,6.218,6.189,6.275,6.178999999999999,1880.49
1999-11-12,6.222,6.202999999999999,6.251,6.178999999999999,1347.3
1999-11-15,6.242000000000001,6.14,6.275,6.121,3195.4
1999-11-16,6.227,6.449,6.449,6.227,15459.34
1999-11-17,6.449,6.9270000000000005,7.096,6.3770000000000024,52145.32
1999-11-18,6.9270000000000005,6.855,7.086,6.806,33493.47
1999-11-19,6.942,7.0429999999999975,7.193,6.811,44350.38
1999-11-22,7.0429999999999975,7.004,7.178,6.9510000000000005,18636.21
1999-11-23,6.975,6.893,7.0820000000000025,6.855,9613.62
1999-11-24,6.903,6.695,6.942,6.686,8890.27
1999-11-25,6.662000000000001,6.806,6.855,6.6129999999999995,7739.29
1999-11-26,6.855,6.763,6.98,6.757999999999999,10073.6
1999-11-29,7.004,6.975,7.439,6.9510000000000005,42891.37
1999-11-30,7.0,7.024,7.12,6.975,13336.6
1999-12-01,7.024,7.086,7.144,7.024,9522.5
1999-12-02,6.98,6.763,6.98,6.739,17365.11
1999-12-03,6.763,6.763,6.855,6.757999999999999,5263.08
1999-12-06,6.763,6.71,6.845,6.691,5016.72
1999-12-07,6.734,6.6370000000000005,6.757999999999999,6.627999999999999,4488.1
1999-12-08,6.6370000000000005,6.671,6.757999999999999,6.6370000000000005,3428.5
1999-12-09,6.752999999999999,6.729,6.752999999999999,6.662000000000001,2764.24
1999-12-10,6.729,6.749,6.8260000000000005,6.724,3195.6
1999-12-13,6.763,6.806,6.855,6.724,4387.51
1999-12-14,6.831,6.739,6.845,6.7,4292.45
1999-12-15,6.71,6.773,6.9270000000000005,6.6129999999999995,8362.49
1999-12-16,6.739,6.517,6.831,6.5070000000000014,10647.26
1999-12-17,6.517,6.468999999999999,6.517,6.42,3655.94
1999-12-21,6.444,6.275,6.444,6.227,7410.49
1999-12-22,6.275,6.227,6.295,6.169,6050.36
1999-12-23,6.227,6.261,6.362,6.227,3450.4
1999-12-24,6.261,6.251,6.324,6.251,2493.9
1999-12-27,6.251,6.184,6.314,6.178999999999999,3537.6
1999-12-28,6.193,6.212999999999999,6.3,6.189,2953.31
1999-12-29,6.227,6.246,6.275,6.202999999999999,2299.55
1999-12-30,6.251,6.367000000000001,6.367000000000001,6.251,2464.6
2000-01-04,6.324,6.444,6.478,6.261,3742.07
2000-01-05,6.444,6.401,6.5889999999999995,6.324,4892.13
2000-01-06,6.353,6.546,6.555,6.324,6463.15
2000-01-07,6.57,6.71,6.8260000000000005,6.517,19218.73
2000-01-10,6.757999999999999,6.8210000000000015,7.0,6.71,17929.57
2000-01-11,6.831,6.5020000000000024,6.845,6.444,9376.04
2000-01-12,6.5020000000000024,6.396,6.546,6.386,7086.91
2000-01-13,6.372000000000001,6.348,6.541,6.329,4004.99
2000-01-14,6.396,6.295,6.42,6.266,4711.76
2000-01-17,6.275,6.266,6.314,6.218,5826.08
2000-01-18,6.275,6.275,6.372000000000001,6.266,3496.2
2000-01-19,6.275,6.29,6.309,6.251,3295.92
2000-01-20,6.29,6.372000000000001,6.5070000000000014,6.275,3968.13
2000-01-21,6.372000000000001,6.3,6.42,6.251,8981.36
2000-01-24,6.266,6.251,6.275,6.178999999999999,11479.3
2000-01-25,6.261,6.275,6.4110000000000005,6.256,6721.93
2000-01-26,6.275,6.232,6.3,6.212999999999999,5999.73
2000-01-27,6.232,6.271,6.314,6.218,11213.4
2000-01-28,6.3,6.372000000000001,6.4110000000000005,6.28,12636.08
2000-02-14,6.526,6.903,6.942,6.526,23933.91
2000-02-15,7.0,6.657,7.072,6.6129999999999995,31332.7
2000-02-16,6.6129999999999995,6.546,6.71,6.42,20197.32
2000-02-17,6.565,6.757999999999999,7.202000000000001,6.565,68664.97
2000-02-18,6.757999999999999,6.6129999999999995,6.757999999999999,6.425,18010.08
2000-02-21,6.662000000000001,6.8260000000000005,7.096,6.662000000000001,30920.56
2000-02-22,7.047999999999999,6.671,7.096,6.662000000000001,33928.09
2000-02-23,6.662000000000001,6.604,6.749,6.565,10369.04
2000-02-24,6.662000000000001,6.6129999999999995,6.7,6.541,9570.67
2000-02-25,6.662000000000001,6.56,6.666,6.5310000000000015,9866.01
2000-02-28,6.555,6.662000000000001,6.749,6.541,13113.95
2000-02-29,6.734,6.757999999999999,6.932,6.6129999999999995,29141.42
2000-03-01,6.806,6.7,6.874,6.6129999999999995,14946.54
2000-03-02,6.705,6.691,6.806,6.6370000000000005,11497.43
2000-03-03,6.757999999999999,6.768,6.9460000000000015,6.7,24180.56
2000-03-06,6.71,6.671,6.975,6.662000000000001,24347.66
2000-03-07,6.647,6.662000000000001,6.671,6.541,11330.67
2000-03-08,6.71,6.757999999999999,6.903,6.71,14036.98
2000-03-09,6.7970000000000015,6.757999999999999,6.845,6.671,11321.5
2000-03-10,6.757999999999999,6.806,6.995,6.757999999999999,31920.32
2000-03-13,6.816,7.2360000000000015,7.371,6.816,94926.54
2000-03-14,7.144,6.888,7.144,6.705,50721.14
2000-03-15,6.893,6.879,7.024,6.806,18303.27
2000-03-16,6.855,6.599,6.855,6.517,16317.46
2000-03-17,6.599,6.7,6.787000000000001,6.565,9796.51
2000-03-20,6.715,6.879,6.966,6.71,13270.5
2000-03-21,6.903,6.855,6.942,6.806,10093.73
2000-03-22,6.855,6.806,6.9220000000000015,6.768,11082.89
2000-03-23,6.855,6.99,7.0,6.763,16861.37
2000-03-24,7.047999999999999,7.0,7.386,7.0,65850.76
2000-03-27,7.096,7.12,7.231,7.0429999999999975,25023.56
2000-03-28,7.1679999999999975,7.294,7.5310000000000015,7.12,63844.82
2000-03-29,7.3370000000000015,7.202000000000001,7.4,7.096,28811.18
2000-03-30,7.202000000000001,7.255,7.423999999999999,7.183,30349.17
2000-03-31,7.2410000000000005,7.144,7.251,7.072,21628.68
2000-04-03,7.193,7.521,7.737999999999999,7.172999999999999,80548.32
2000-04-04,7.468,7.3039999999999985,7.468,7.222,33436.34
2000-04-05,7.313,7.4529999999999985,7.651,7.313,36358.18
2000-04-06,7.506,8.115,8.197000000000001,7.506,144186.11
2000-04-07,8.11,7.994,8.408999999999999,7.8679999999999986,117009.58
2000-04-10,8.076,7.859,8.197000000000001,7.81,51042.04
2000-04-11,7.8679999999999986,7.6560000000000015,8.052,7.6270000000000024,53977.98
2000-04-12,7.666,7.5310000000000015,7.7620000000000005,7.4579999999999975,43148.84
2000-04-13,7.555,7.6270000000000024,7.772,7.555,28253.69
2000-04-14,7.675,7.69,7.772,7.506,26887.22
2000-04-17,7.569,7.294,7.603,7.255,24384.95
2000-04-18,7.289,7.26,7.3420000000000005,7.144,24454.7
2000-04-19,7.27,7.275,7.41,7.26,17935.92
2000-04-20,7.313,7.376,7.415,7.231,23094.61
2000-04-21,7.362,7.391,7.569,7.3329999999999975,24242.01
2000-04-24,7.395,7.193,7.439,7.149,16229.39
2000-04-25,7.193,7.115,7.193,7.072,13946.19
2000-04-26,7.12,7.106,7.2070000000000025,7.096,9616.0
2000-04-27,7.144,7.135,7.284,7.101,10183.22
2000-04-28,7.144,7.183,7.2410000000000005,7.135,8643.84
2000-05-08,7.246,7.3329999999999975,7.423999999999999,7.2410000000000005,11177.22
2000-05-09,7.3329999999999975,7.086,7.3329999999999975,7.072,6860.82
2000-05-10,7.047999999999999,6.8260000000000005,7.057,6.787000000000001,10024.28
2000-05-11,6.816,6.671,6.903,6.662000000000001,7677.74
2000-05-12,6.671,6.705,6.777,6.671,5990.84
2000-05-15,6.744,6.627999999999999,6.7920000000000025,6.6129999999999995,4857.3
2000-05-16,6.662000000000001,6.662000000000001,6.757999999999999,6.6370000000000005,4452.71
2000-05-17,6.7,6.749,6.782,6.691,5010.22
2000-05-18,6.749,6.879,6.888,6.662000000000001,5285.84
2000-05-19,6.874,6.787000000000001,6.893,6.749,6910.06
2000-05-22,6.806,6.903,6.9510000000000005,6.782,9468.96
2000-05-23,6.9510000000000005,6.99,7.086,6.7970000000000015,15017.8
2000-05-24,6.99,7.037999999999999,7.12,6.888,14939.94
2000-05-25,7.096,7.096,7.172999999999999,7.072,12051.74
2000-05-26,7.144,7.019,7.1679999999999975,7.0,11279.9
2000-05-29,7.037999999999999,6.9510000000000005,7.037999999999999,6.903,11630.57
2000-05-30,6.9510000000000005,7.0,7.154,6.9510000000000005,11016.7
2000-05-31,7.0329999999999995,7.013999999999999,7.047999999999999,6.961,8374.65
2000-06-01,7.047999999999999,7.188,7.3329999999999975,7.047999999999999,19175.47
2000-06-02,7.193,7.439,7.482,7.072,25202.41
2000-06-05,7.506,7.226,7.5310000000000015,7.183,23224.07
2000-06-06,7.226,7.26,7.376,7.125,10202.79
2000-06-07,7.289,7.3279999999999985,7.4579999999999975,7.284,19460.4
2000-06-08,7.362,7.308,7.434,7.2410000000000005,13370.97
2000-06-09,7.308,7.251,7.603,7.251,24075.52
2000-06-12,7.251,7.298999999999999,7.434,7.197,9702.24
2000-06-13,7.3370000000000015,7.497000000000001,7.574,7.3279999999999985,21605.0
2000-06-14,7.521,7.391,7.555,7.386,13118.76
2000-06-15,7.41,7.6370000000000005,7.699,7.41,35912.85
2000-06-16,7.6370000000000005,7.434,7.671,7.423999999999999,17962.21
2000-06-19,7.434,7.313,7.521,7.313,10526.8
2000-06-20,7.313,7.164,7.3279999999999985,7.144,11145.13
2000-06-21,7.164,7.2360000000000015,7.289,7.154,6307.47
2000-06-22,7.2410000000000005,7.193,7.289,7.183,6022.63
2000-06-23,7.197,7.231,7.3329999999999975,7.193,8019.18
2000-06-26,7.2410000000000005,7.26,7.3370000000000015,7.178,10748.02
2000-06-27,7.3370000000000015,7.193,7.362,7.188,6455.1
2000-06-30,7.468,7.462999999999999,7.699,7.386,33233.37
2000-07-03,7.434,7.415,7.6370000000000005,7.347,16236.74
2000-07-04,7.386,7.434,7.477,7.3370000000000015,7339.56
2000-07-05,7.434,7.482,7.651,7.434,11023.0
2000-07-06,7.482,7.357,7.521,7.3370000000000015,5667.37
2000-07-07,7.482,7.434,7.482,7.386,6950.05
2000-07-10,7.5310000000000015,7.608,7.699,7.487,22167.63
2000-07-11,7.675,7.666,7.82,7.6270000000000024,27914.48
2000-07-12,7.82,7.651,7.8679999999999986,7.579,15089.65
2000-07-13,7.651,7.612999999999999,7.724,7.593,16176.4
2000-07-14,7.651,7.724,7.796,7.612999999999999,26932.96
2000-07-17,7.772,7.82,7.989,7.733,44847.09
2000-07-18,7.999,7.931,8.052,7.8679999999999986,21359.29
2000-07-19,7.936,7.835,7.965,7.782,18241.59
2000-07-20,7.82,7.713999999999999,7.8679999999999986,7.675,17427.52
2000-07-21,7.724,7.782,7.893,7.724,13089.79
2000-07-24,7.782,7.728,7.864,7.675,11205.09
2000-07-25,7.724,7.815,7.965,7.724,12624.86
2000-07-26,7.912000000000001,7.838999999999999,7.9170000000000025,7.772,9302.47
2000-07-27,7.9170000000000025,7.965,8.071,7.888,35944.49
2000-07-28,7.979,7.893,8.008,7.8439999999999985,11443.29
2000-07-31,7.907,7.8439999999999985,7.975,7.752999999999999,13721.95
2000-08-01,7.8679999999999986,7.796,7.907,7.7620000000000005,10463.02
2000-08-02,7.82,7.7429999999999986,7.83,7.704,12860.44
2000-08-03,7.7429999999999986,7.675,7.772,7.651,10305.15
2000-08-04,7.685,7.69,7.772,7.6270000000000024,9545.33
2000-08-07,7.699,7.767,7.859,7.675,7491.36
2000-08-08,7.782,7.713999999999999,7.791,7.699,7133.6
2000-08-09,7.713999999999999,7.724,7.82,7.704,9597.96
2000-08-10,7.737999999999999,7.7620000000000005,7.801,7.7189999999999985,12264.36
2000-08-11,7.7860000000000005,7.835,7.893,7.724,18092.21
2000-08-14,7.893,7.97,8.11,7.893,27375.59
2000-08-15,7.965,7.8679999999999986,7.989,7.835,8737.33
2000-08-16,7.882999999999999,7.95,8.062000000000001,7.882999999999999,10492.74
2000-08-17,7.95,7.859,7.999,7.825,9401.98
2000-08-18,7.859,7.782,7.888,7.7479999999999976,11927.72
2000-08-21,7.782,7.713999999999999,7.796,7.695,18079.95
2000-08-22,7.724,7.699,7.8439999999999985,7.69,13645.09
2000-08-23,7.69,7.593,7.713999999999999,7.3370000000000015,18802.0
2000-08-24,7.587999999999999,7.587999999999999,7.642,7.5310000000000015,9144.58
2000-08-25,7.6270000000000024,7.6610000000000005,7.7620000000000005,7.603,7956.78
2000-08-28,7.675,7.6270000000000024,7.713999999999999,7.555,12092.9
2000-08-29,7.6270000000000024,7.6270000000000024,7.724,7.612999999999999,7063.51
2000-08-30,7.675,7.506,7.675,7.5020000000000024,8195.6
2000-08-31,7.4579999999999975,7.3279999999999985,7.482,7.3279999999999985,11214.59
2000-09-01,7.28,7.251,7.3370000000000015,7.251,8883.02
2000-09-04,7.2410000000000005,7.226,7.2410000000000005,7.144,6861.96
2000-09-05,7.2410000000000005,7.013999999999999,7.289,7.0,5528.52
2000-09-06,7.0,6.855,7.072,6.855,6562.75
2000-09-07,6.86,6.9510000000000005,7.047999999999999,6.86,4227.13
2000-09-08,7.0,6.975,7.028,6.9079999999999995,3409.88
2000-09-11,7.0,7.062,7.077000000000001,6.879,3396.68
2000-09-12,7.072,7.0820000000000025,7.101,6.961,3752.31
2000-09-13,7.047999999999999,7.053,7.144,7.024,3535.73
2000-09-14,7.047999999999999,7.0820000000000025,7.1679999999999975,7.047999999999999,3720.84
2000-09-15,7.086,7.0329999999999995,7.096,7.013999999999999,2219.52
2000-09-18,7.024,6.864,7.024,6.855,4343.8
2000-09-19,6.7970000000000015,6.734,6.855,6.71,5463.8
2000-09-20,6.757999999999999,6.816,6.879,6.757999999999999,3393.17
2000-09-21,6.845,6.816,6.855,6.7970000000000015,2448.48
2000-09-22,6.806,6.7970000000000015,6.845,6.787000000000001,2752.25
2000-09-25,6.7970000000000015,6.724,6.816,6.7,2956.3
2000-09-26,6.7,6.749,6.782,6.7,2458.3
2000-09-27,6.739,6.7920000000000025,6.7970000000000015,6.739,2437.59
2000-09-28,6.806,6.757999999999999,6.831,6.757999999999999,2238.98
2000-09-29,6.757999999999999,6.763,6.7970000000000015,6.734,2296.56
2000-10-09,6.763,6.757999999999999,6.879,6.734,2157.26
2000-10-10,6.782,6.845,6.85,6.757999999999999,2881.28
2000-10-11,6.874,6.8210000000000015,6.879,6.806,2184.23
2000-10-12,6.806,6.739,6.855,6.734,2877.65
2000-10-13,6.757999999999999,6.752999999999999,6.879,6.739,2686.55
2000-10-16,6.757999999999999,6.647,6.806,6.6129999999999995,2691.97
2000-10-17,6.691,6.6129999999999995,6.691,6.565,2775.28
2000-10-18,6.6370000000000005,6.695,6.71,6.6129999999999995,1529.51
2000-10-19,6.705,6.671,6.749,6.662000000000001,1794.24
2000-10-20,6.671,6.806,6.855,6.671,2765.01
2000-10-23,6.855,6.806,6.893,6.768,2854.95
2000-10-24,6.806,6.816,6.864,6.806,2579.04
2000-10-25,6.831,6.879,6.9079999999999995,6.782,4739.11
2000-10-26,6.912999999999999,6.835,6.9270000000000005,6.811,3225.85
2000-10-27,6.893,6.98,7.004,6.893,4445.6
2000-10-30,6.99,6.8839999999999995,7.028,6.855,4090.87
2000-10-31,6.893,6.7970000000000015,6.9170000000000025,6.763,4229.68
2000-11-01,6.7970000000000015,6.831,6.855,6.782,2241.1
2000-11-02,6.86,6.903,7.0,6.86,4364.44
2000-11-03,6.903,6.855,6.9510000000000005,6.855,2171.0
2000-11-06,6.855,6.903,6.98,6.855,3021.4
2000-11-07,6.9079999999999995,6.903,6.9510000000000005,6.86,2230.1
2000-11-08,6.912999999999999,6.9510000000000005,6.966,6.903,4353.76
2000-11-09,6.98,7.067,7.086,6.9510000000000005,7236.63
2000-11-10,7.067,7.376,7.724,7.067,29127.53
2000-11-13,7.434,7.516,7.713999999999999,7.376,30397.83
2000-11-14,7.516,7.386,7.5310000000000015,7.308,11419.33
2000-11-15,7.386,7.3039999999999985,7.477,7.275,9756.44
2000-11-16,7.3039999999999985,7.3420000000000005,7.386,7.3039999999999985,6812.94
2000-11-17,7.3420000000000005,7.2410000000000005,7.362,7.2410000000000005,7284.16
2000-11-20,7.2410000000000005,7.352,7.386,7.202000000000001,10324.15
2000-11-21,7.381,7.28,7.41,7.255,5854.59
2000-11-22,7.294,7.423999999999999,7.4579999999999975,7.28,8076.76
2000-11-23,7.4579999999999975,7.482,7.555,7.423999999999999,14949.3
2000-11-24,7.482,7.197,7.506,7.144,11504.07
2000-11-27,7.183,7.231,7.28,7.096,8729.95
2000-11-29,7.3370000000000015,7.3370000000000015,7.405,7.246,4668.63
2000-11-30,7.352,7.2170000000000005,7.4579999999999975,7.188,10050.78
2000-12-01,7.265,7.27,7.386,7.2410000000000005,4404.8
2000-12-04,7.27,7.357,7.357,7.193,5150.6
2000-12-05,7.376,7.4579999999999975,7.603,7.3660000000000005,15546.28
2000-12-06,7.462999999999999,7.3370000000000015,7.511,7.3279999999999985,6764.21
2000-12-07,7.3370000000000015,7.347,7.347,7.26,4275.76
2000-12-08,7.395,7.405,7.555,7.381,9483.38
2000-12-11,7.434,7.289,7.5310000000000015,7.2360000000000015,9205.26
2000-12-12,7.289,7.3279999999999985,7.3370000000000015,7.246,4012.29
2000-12-13,7.3329999999999975,7.2360000000000015,7.3370000000000015,7.226,7753.67
2000-12-14,7.2410000000000005,7.159,7.289,7.149,4079.99
2000-12-15,7.159,7.096,7.2170000000000005,7.086,4531.88
2000-12-18,7.13,7.188,7.2170000000000005,7.096,3254.03
2000-12-19,7.222,7.096,7.265,7.096,4480.0
2000-12-20,7.144,7.289,7.3370000000000015,7.106,4768.19
2000-12-21,7.3370000000000015,7.2070000000000025,7.3420000000000005,7.193,4012.8
2000-12-22,7.2070000000000025,7.265,7.41,7.2070000000000025,7697.3
2000-12-25,7.3329999999999975,7.4,7.569,7.275,15779.88
2000-12-26,7.447999999999999,7.444,7.506,7.391,8143.12
2000-12-27,7.482,7.386,7.506,7.386,6211.23
2000-12-28,7.376,7.3279999999999985,7.395,7.308,4041.7
2000-12-29,7.3370000000000015,7.415,7.434,7.3370000000000015,4235.8
2001-01-02,7.462999999999999,7.587999999999999,7.598,7.386,13285.57
2001-01-03,7.646,7.695,7.893,7.617000000000001,43245.09
2001-01-04,7.724,7.651,7.7620000000000005,7.6270000000000024,10338.54
2001-01-05,7.651,7.724,7.724,7.617000000000001,10108.42
2001-01-08,7.7620000000000005,7.603,7.864,7.603,13914.25
2001-01-09,7.612999999999999,7.782,7.82,7.482,25108.34
2001-01-10,7.801,8.559,8.559,7.801,149185.36
2001-01-11,8.559,8.288,8.559,8.255,99612.97
2001-01-12,8.279,8.066,8.312999999999999,8.062000000000001,34797.7
2001-01-15,8.062000000000001,7.893,8.206,7.849,36313.02
2001-01-16,7.835,7.801,8.004,7.511,28885.77
2001-01-17,7.801,7.752999999999999,7.838999999999999,7.724,8964.53
2001-01-18,7.859,7.772,7.912000000000001,7.752999999999999,7168.52
2001-01-19,7.82,7.81,7.912000000000001,7.772,13291.15
2001-02-05,7.859,7.54,7.897,7.5310000000000015,9488.31
2001-02-06,7.5310000000000015,7.622000000000001,7.651,7.386,8022.89
2001-02-07,7.612999999999999,7.569,7.646,7.482,3916.23
2001-02-08,7.569,7.391,7.574,7.3279999999999985,6364.02
2001-02-09,7.395,7.468,7.5310000000000015,7.395,4852.78
2001-02-12,7.473,7.646,7.7189999999999985,7.468,9612.08
2001-02-13,7.666,7.569,7.675,7.5310000000000015,4787.32
2001-02-14,7.579,7.569,7.6270000000000024,7.5310000000000015,2500.42
2001-02-15,7.593,7.587999999999999,7.685,7.5310000000000015,4310.99
2001-02-16,7.569,7.6270000000000024,7.6270000000000024,7.482,4006.22
2001-02-19,7.6320000000000014,7.7620000000000005,7.849,7.603,11333.79
2001-02-20,7.772,7.6270000000000024,7.893,7.593,14053.61
2001-02-21,7.535,7.013999999999999,7.54,6.864,44869.67
2001-02-22,6.971,6.995,7.188,6.763,12488.24
2001-02-23,6.995,7.144,7.154,6.912999999999999,6345.24
2001-02-26,7.144,7.072,7.144,7.0,6064.06
2001-02-27,7.047999999999999,7.275,7.3039999999999985,7.037999999999999,8882.54
2001-02-28,7.289,7.251,7.386,7.144,7338.01
2001-03-01,7.2410000000000005,7.183,7.308,7.1679999999999975,3459.43
2001-03-02,7.183,7.231,7.294,7.1679999999999975,4969.87
2001-03-05,7.2410000000000005,7.086,7.2410000000000005,7.086,5361.7
2001-03-06,7.086,7.144,7.1679999999999975,7.047999999999999,4164.64
2001-03-07,7.149,7.096,7.183,7.072,4105.8
2001-03-08,7.1679999999999975,7.2070000000000025,7.322999999999999,7.144,4286.51
2001-03-09,7.2070000000000025,7.289,7.308,7.183,5145.62
2001-03-12,7.289,7.193,7.289,7.183,4071.08
2001-03-13,7.193,7.183,7.231,7.144,3087.65
2001-03-14,7.144,7.2360000000000015,7.246,7.144,2868.74
2001-03-15,7.2410000000000005,7.197,7.289,7.193,3277.07
2001-03-16,7.231,7.154,7.2360000000000015,7.144,3897.78
2001-03-19,7.125,7.183,7.289,7.106,4883.52
2001-03-20,7.193,7.265,7.28,7.193,5130.59
2001-03-21,7.289,7.41,7.4289999999999985,7.28,8724.93
2001-03-22,7.434,7.487,7.5310000000000015,7.376,10643.94
2001-03-23,7.54,7.3370000000000015,7.569,7.3370000000000015,11231.41
2001-03-26,7.28,7.4579999999999975,7.462999999999999,7.28,5610.71
2001-03-27,7.477,7.468,7.521,7.434,5176.95
2001-03-28,7.487,7.492000000000001,7.5310000000000015,7.4579999999999975,6510.42
2001-03-29,7.482,7.395,7.516,7.381,5983.4
2001-03-30,7.395,7.4,7.434,7.3329999999999975,4991.91
2001-04-02,7.4,7.381,7.4579999999999975,7.3329999999999975,6948.39
2001-04-03,7.41,7.3370000000000015,7.434,7.3329999999999975,8573.24
2001-04-04,7.3420000000000005,7.3329999999999975,7.506,7.289,8895.88
2001-04-05,7.3329999999999975,7.386,7.54,7.2410000000000005,3342.94
2001-04-06,7.415,7.318,7.4529999999999985,7.308,3611.0
2001-04-09,7.308,7.265,7.308,7.2410000000000005,5254.83
2001-04-10,7.3370000000000015,7.492000000000001,7.646,7.3370000000000015,14014.52
2001-04-11,7.521,7.4579999999999975,7.555,7.4,4488.17
2001-04-12,7.462999999999999,7.4579999999999975,7.5310000000000015,7.4289999999999985,6922.06
2001-04-13,7.462999999999999,7.497000000000001,7.574,7.462999999999999,6939.55
2001-04-16,7.622000000000001,7.642,7.695,7.55,16363.11
2001-04-17,7.713999999999999,7.7570000000000014,7.907,7.713999999999999,26255.9
2001-04-18,7.772,7.617000000000001,7.815,7.608,10340.32
2001-04-19,7.617000000000001,7.888,7.907,7.5310000000000015,17955.16
2001-04-20,7.9170000000000025,7.907,8.206,7.893,53110.8
2001-04-23,7.907,7.7860000000000005,8.013,7.724,19436.26
2001-04-24,7.82,7.8439999999999985,7.859,7.7620000000000005,9802.64
2001-04-25,7.8439999999999985,7.6560000000000015,8.008,7.651,18215.74
2001-04-26,7.642,7.584,7.713999999999999,7.579,9578.07
2001-04-27,7.584,7.574,7.675,7.555,6303.91
2001-04-30,7.579,7.5310000000000015,7.603,7.482,5250.61
2001-05-08,7.559,7.6320000000000014,7.651,7.535,4112.68
2001-05-09,7.6270000000000024,7.68,7.82,7.6270000000000024,7101.25
2001-05-10,7.68,7.835,7.893,7.68,10015.36
2001-05-11,7.8439999999999985,7.801,7.9170000000000025,7.728,5174.82
2001-05-14,7.8439999999999985,7.8679999999999986,7.893,7.81,9135.96
2001-05-15,7.877999999999999,7.82,7.912000000000001,7.7479999999999976,9309.21
2001-05-16,7.82,7.772,7.849,7.737999999999999,7427.74
2001-05-17,7.772,7.912000000000001,8.09,7.733,40094.81
2001-05-18,7.912000000000001,7.8679999999999986,7.96,7.82,10587.13
2001-05-21,7.912000000000001,7.97,8.037,7.882999999999999,11241.55
2001-05-22,8.013,7.936,8.013,7.893,7273.99
2001-05-23,7.936,7.767,7.955,7.737999999999999,10492.16
2001-05-24,7.796,7.7620000000000005,7.82,7.752999999999999,6347.2
2001-05-25,7.772,7.724,7.81,7.666,7353.37
2001-05-28,7.724,7.579,7.724,7.555,7554.58
2001-05-29,7.579,7.608,7.671,7.569,5700.93
2001-05-30,7.622000000000001,7.7479999999999976,7.772,7.603,6734.16
2001-05-31,7.772,7.671,7.81,7.666,5570.2
2001-06-01,7.724,7.7479999999999976,7.815,7.724,3345.05
2001-06-04,7.7620000000000005,7.82,7.877999999999999,7.7570000000000014,9816.22
2001-06-05,7.8439999999999985,7.864,7.955,7.825,12085.32
2001-06-06,7.8729999999999976,7.825,7.926,7.777,7302.85
2001-06-07,7.8439999999999985,7.752999999999999,7.8679999999999986,7.7479999999999976,6154.1
2001-06-08,7.772,7.666,7.772,7.6270000000000024,5500.55
2001-06-11,7.675,7.713999999999999,7.806,7.675,4429.11
2001-06-12,7.724,7.699,7.7479999999999976,7.6610000000000005,4671.83
2001-06-13,7.724,7.7189999999999985,7.728,7.651,5940.9
2001-06-14,7.724,7.617000000000001,7.815,7.603,8270.67
2001-06-15,7.622000000000001,7.569,7.675,7.5310000000000015,8801.0
2001-06-18,7.569,7.3329999999999975,7.579,7.2410000000000005,13039.51
2001-06-19,7.3279999999999985,7.289,7.357,7.28,7686.61
2001-06-20,7.386,7.347,7.477,7.313,2332.32
2001-06-21,7.41,7.4,7.41,7.294,2784.97
2001-06-22,7.4,7.462999999999999,7.473,7.371,3449.8
2001-06-25,7.482,7.7189999999999985,7.772,7.462999999999999,8481.94
2001-06-26,7.724,7.728,7.82,7.724,13003.03
2001-06-27,7.82,7.838999999999999,7.965,7.772,25671.64
2001-07-02,7.864,7.646,7.893,7.6370000000000005,7188.31
2001-07-03,7.666,7.671,7.675,7.545,4114.04
2001-07-04,7.7189999999999985,7.593,7.728,7.579,2536.1
2001-07-05,7.584,7.5020000000000024,7.593,7.482,4292.18
2001-07-06,7.5020000000000024,7.5310000000000015,7.713999999999999,7.482,3491.98
2001-07-09,7.579,7.704,7.752999999999999,7.545,6776.72
2001-07-10,7.733,7.81,7.893,7.713999999999999,12687.27
2001-07-11,7.835,7.68,7.8679999999999986,7.6320000000000014,6440.9
2001-07-12,7.6370000000000005,7.8439999999999985,7.864,7.6370000000000005,11217.45
2001-07-13,7.893,7.8439999999999985,8.062000000000001,7.82,36478.53
2001-07-16,7.965,8.076,8.148,7.8679999999999986,44058.76
2001-07-17,8.086,8.298,8.327,7.965,41501.39
2001-07-18,8.302999999999999,8.235,8.375,8.187000000000001,50589.32
2001-07-19,8.245,8.158,8.279,8.004,32673.77
2001-07-20,8.168,8.974,8.974,8.11,243154.65
2001-07-23,9.196,9.267999999999999,9.51,9.124,372605.99
2001-07-24,9.172,9.394,9.5,9.037,171759.99
2001-07-25,9.317,8.786,9.341000000000001,8.732000000000001,117434.66
2001-07-26,8.713,8.872,8.979,8.631,85372.5
2001-07-27,8.844,8.593,8.93,8.559,49090.03
2001-07-30,8.52,8.535,8.847999999999997,8.448,70894.84
2001-07-31,8.535,8.945,9.162,8.535,135939.39
2001-08-01,9.07,9.167,9.389,8.969,163208.6
2001-08-02,9.172,9.027000000000001,9.225,8.593,91729.05
2001-08-03,9.046,9.109,9.355,8.955,94997.71
2001-08-06,9.109,8.834,9.119,8.665,70960.77
2001-08-07,8.713,8.786,9.003,8.693999999999999,32715.56
2001-08-08,8.79,8.834,8.95,8.713,16026.2
2001-08-09,8.853,9.124,9.317,8.847999999999997,80388.57
2001-08-10,9.186,9.259,9.307,9.099,66031.28
2001-08-13,9.267999999999999,9.235,9.375,9.181000000000001,61307.92
2001-08-14,9.22,9.548,9.558,9.075,76492.29
2001-08-15,9.606,9.51,9.727,9.452,113475.66
2001-08-16,9.51,9.167,9.558,9.148,86969.23
2001-08-17,9.099,9.099,9.172,8.897,63305.35
2001-08-20,9.066,9.167,9.215,8.93,24849.25
2001-08-21,9.221,9.027000000000001,9.25,9.002,21852.4
2001-08-22,8.988,8.832,9.002,8.735,60351.66
2001-08-23,8.735,8.886000000000003,8.959,8.59,20988.6
2001-08-24,8.871,8.663,8.972999999999997,8.638,25508.37
2001-08-27,8.613999999999999,8.192,8.629,8.163,50972.46
2001-08-28,8.109,8.347000000000001,8.362,8.007,23803.8
2001-08-29,8.371,8.302999999999999,8.434,8.274,17176.32
2001-08-30,8.085,8.265,8.478,8.007,12737.28
2001-08-31,8.274,8.129,8.347000000000001,8.109,10316.82
2001-09-03,8.08,7.76,8.113999999999999,7.657999999999999,35474.33
2001-09-04,7.76,7.9979999999999976,8.007,7.716,19003.44
2001-09-05,8.032,8.032,8.221,7.93,17981.08
2001-09-06,8.012,8.129,8.226,7.983,16201.3
2001-09-07,8.08,7.774,8.152999999999999,7.765,18751.11
2001-09-10,7.7070000000000025,8.269,8.337,7.629,26214.97
2001-09-11,8.299,8.265,8.391,8.113999999999999,17084.85
2001-09-12,8.104,8.085,8.216000000000001,7.915,25179.12
2001-09-13,8.095,8.095,8.328,8.085,8409.33
2001-09-14,8.113999999999999,8.032,8.24,7.959,8037.85
2001-09-17,7.959,7.8329999999999975,8.046,7.813,12422.23
2001-09-18,7.813,7.91,8.056000000000001,7.8039999999999985,7019.66
2001-09-19,7.959,8.032,8.08,7.818,7491.86
2001-09-20,8.104,8.056000000000001,8.226,7.987999999999999,10943.96
2001-09-21,8.104,8.075,8.202,8.032,8201.3
2001-09-24,8.075,8.129,8.177,8.046,6750.69
2001-09-25,8.152999999999999,8.202,8.289,8.152999999999999,14982.87
2001-09-26,8.235,7.91,8.235,7.901,10098.63
2001-09-27,7.91,7.862,8.007,7.779,11150.39
2001-09-28,7.867000000000001,7.939,8.09,7.867000000000001,7872.69
2001-10-08,7.9979999999999976,8.163,8.177,7.963999999999999,13280.86
2001-10-09,8.163,8.347000000000001,8.468,8.095,37523.92
2001-10-10,8.396,8.443999999999999,8.468,8.192,39086.77
2001-10-11,8.443999999999999,8.302999999999999,8.522,8.202,29055.97
2001-10-12,8.26,8.25,8.42,7.474,74621.8
2001-10-15,8.202,8.24,8.386000000000001,8.022,28747.29
2001-10-16,8.226,7.8279999999999985,8.299,7.6679999999999975,39492.45
2001-10-17,7.755,7.5420000000000025,7.8279999999999985,7.483,35302.34
2001-10-18,7.522,7.279,7.633999999999999,7.221,28858.92
2001-10-19,7.221,6.915,7.279,6.843,27420.5
2001-10-22,6.843,6.672999999999999,6.891,6.649,15014.37
2001-10-23,7.343,7.343,7.343,7.085,37010.69
2001-10-24,7.6679999999999975,7.527,7.711,7.3279999999999985,54833.17
2001-10-25,7.4979999999999976,7.298999999999999,7.5120000000000005,7.255,22861.87
2001-10-26,7.279,7.352,7.425,7.255,14026.97
2001-10-29,7.522,7.463999999999999,7.643,7.415,9556.49
2001-10-30,7.474,7.3279999999999985,7.5120000000000005,7.3039999999999985,7329.57
2001-10-31,7.3279999999999985,7.487999999999999,7.4929999999999986,7.2360000000000015,8446.63
2001-11-01,7.5420000000000025,7.551,7.7360000000000015,7.463999999999999,22663.28
2001-11-02,7.522,7.435,7.614,7.3770000000000024,8448.85
2001-11-05,7.463999999999999,7.352,7.4689999999999985,7.279,7103.8
2001-11-06,7.309,7.294,7.3770000000000024,7.279,5932.84
2001-11-07,7.27,6.843,7.3039999999999985,6.8329999999999975,16048.94
2001-11-08,6.794,6.901,6.94,6.649,13046.77
2001-11-09,6.92,7.08,7.172999999999999,6.843,10829.55
2001-11-12,7.08,6.886,7.085,6.8820000000000014,6876.45
2001-11-13,6.837999999999999,6.93,6.949,6.784,5429.34
2001-11-14,6.93,6.886,6.9979999999999976,6.8820000000000014,4749.4
2001-11-15,6.896,6.843,6.945,6.809,3496.4
2001-11-16,7.114,6.945,7.1339999999999995,6.94,8914.89
2001-11-19,6.979,7.061,7.08,6.93,8487.59
2001-11-20,7.11,7.202000000000001,7.279,7.0760000000000005,18686.71
2001-11-21,7.202000000000001,7.1579999999999995,7.231,7.0760000000000005,9990.37
2001-11-22,7.1679999999999975,7.352,7.391,7.11,17057.64
2001-11-23,7.343,7.279,7.401,7.25,9309.91
2001-11-26,7.27,7.2070000000000025,7.27,7.1339999999999995,5644.56
2001-11-27,7.2070000000000025,7.294,7.337999999999999,7.1339999999999995,6777.39
2001-11-28,7.3039999999999985,7.313,7.381,7.279,12029.03
2001-11-29,7.3279999999999985,7.367000000000001,7.425,7.313,12435.53
2001-11-30,7.367000000000001,7.401,7.4689999999999985,7.279,22651.53
2001-12-03,7.425,7.401,7.463999999999999,7.3770000000000024,11166.59
2001-12-04,7.41,7.357,7.425,7.279,10522.36
2001-12-05,7.337999999999999,7.216,7.386,7.2070000000000025,16430.92
2001-12-06,7.182,7.226,7.279,7.144,9973.18
2001-12-07,7.231,7.2120000000000015,7.284,7.2070000000000025,6343.17
2001-12-10,7.3770000000000024,7.487999999999999,7.5120000000000005,7.279,28681.93
2001-12-11,7.4979999999999976,7.3329999999999975,7.517,7.3279999999999985,10460.37
2001-12-12,7.279,7.255,7.3770000000000024,7.2360000000000015,8169.4
2001-12-13,7.255,7.138999999999999,7.3039999999999985,7.11,8346.93
2001-12-14,7.1339999999999995,7.022,7.1339999999999995,7.017,8708.15
2001-12-17,7.027,6.974,7.085,6.92,7361.65
2001-12-20,7.022,6.92,7.124,6.891,15488.5
2001-12-21,6.92,6.954,7.013,6.8820000000000014,7918.78
2001-12-24,6.954,6.789,6.983,6.784,8253.3
2001-12-25,6.794,6.857,6.949,6.794,5688.5
2001-12-26,6.886,6.9060000000000015,6.915,6.8329999999999975,5954.33
2001-12-27,6.94,6.848,6.992999999999999,6.794,5449.48
2001-12-28,6.848,6.896,6.915,6.818,4931.84
2001-12-31,6.901,6.983,7.08,6.901,6247.68
2002-01-04,6.9879999999999995,6.862,7.027,6.852,3845.9
2002-01-07,6.843,6.848,6.857,6.794,3736.68
2002-01-08,6.867000000000001,6.7989999999999995,6.891,6.794,4795.5
2002-01-09,6.7989999999999995,6.692,6.7989999999999995,6.6579999999999995,6407.73
2002-01-10,6.692,6.7170000000000005,6.746,6.454,9758.69
2002-01-11,6.697,6.44,6.697,6.43,6537.72
2002-01-14,6.4060000000000015,6.12,6.4060000000000015,6.09,12087.81
2002-01-15,6.115,5.959,6.154,5.945,8609.0
2002-01-16,5.9639999999999995,6.061,6.09,5.959,5498.67
2002-01-17,6.066,5.746,6.0760000000000005,5.727,6248.48
2002-01-18,5.727,5.468999999999999,5.7360000000000015,5.392,16405.79
2002-01-21,5.435,5.144,5.5760000000000005,5.096,12973.76
2002-01-22,5.144,5.125,5.314,5.047,9490.85
2002-01-23,5.1,5.605,5.629,5.1,11718.98
2002-01-24,5.605,5.827999999999999,5.992999999999999,5.3820000000000014,27523.7
2002-01-25,5.751,5.775,5.9060000000000015,5.7170000000000005,12098.23
2002-01-28,5.775,5.348,5.921,5.324,14587.92
2002-01-29,5.2410000000000005,5.507999999999999,5.5520000000000005,5.2410000000000005,9638.84
2002-01-30,5.581,5.528,5.615,5.426,4950.83
2002-01-31,5.615,6.023,6.057,5.615,25534.39
2002-02-01,6.023,6.172999999999999,6.5520000000000005,5.968999999999999,33690.08
2002-02-04,6.162999999999999,6.309,6.372000000000001,6.154,13328.11
2002-02-05,6.26,6.28,6.348,6.2120000000000015,10779.49
2002-02-06,6.309,6.188,6.4060000000000015,6.138999999999999,12280.19
2002-02-07,6.188,6.0760000000000005,6.357,5.968999999999999,39757.04
2002-02-08,6.09,5.858,6.162999999999999,5.848,37555.87
2002-02-25,6.066,6.2170000000000005,6.425,6.066,44162.19
2002-02-26,6.2170000000000005,6.172999999999999,6.2360000000000015,6.081,14065.55
2002-02-27,6.162999999999999,6.172999999999999,6.2989999999999995,6.115,12724.97
2002-02-28,6.1579999999999995,6.1,6.285,6.066,11838.22
2002-03-01,6.066,6.018,6.138999999999999,5.959,10816.72
2002-03-04,6.018,6.105,6.12,5.979,5926.89
2002-03-05,6.105,6.309,6.4110000000000005,6.105,26938.33
2002-03-06,6.319,6.507999999999999,6.7410000000000005,6.319,57968.44
2002-03-07,6.59,7.037000000000001,7.095,6.59,93660.76
2002-03-08,7.085,7.013,7.172999999999999,6.7989999999999995,69603.84
2002-03-11,7.013,7.007999999999999,7.037000000000001,6.8229999999999995,40670.72
2002-03-12,7.007999999999999,7.129,7.532,6.94,89261.8
2002-03-13,7.085,6.9979999999999976,7.318,6.983,42243.33
2002-03-14,7.002999999999999,7.148,7.2070000000000025,6.9979999999999976,21719.69
2002-03-15,7.182,6.8329999999999975,7.255,6.794,21817.22
2002-03-18,6.992999999999999,6.78,7.061,6.697,18589.89
2002-03-19,6.7989999999999995,6.949,6.983,6.7989999999999995,13903.28
2002-03-20,6.9979999999999976,7.129,7.3279999999999985,6.974,41828.6
2002-03-21,7.172999999999999,7.0760000000000005,7.221,6.9979999999999976,14577.67
2002-03-22,7.085,7.017,7.124,6.9639999999999995,13274.45
2002-03-25,6.9879999999999995,6.9879999999999995,7.037000000000001,6.94,6912.3
2002-03-26,6.9879999999999995,6.891,7.013,6.843,9276.37
2002-03-27,6.8820000000000014,6.9110000000000005,6.915,6.7989999999999995,7778.15
2002-03-28,6.9110000000000005,6.891,7.037000000000001,6.872000000000001,5627.29
2002-03-29,6.8820000000000014,6.78,6.891,6.702000000000001,15416.54
2002-04-01,6.702000000000001,6.7120000000000015,6.794,6.697,6374.65
2002-04-02,6.697,6.4879999999999995,6.7360000000000015,6.435,8452.63
2002-04-03,6.513,6.522,6.624,6.492999999999999,7549.9
2002-04-04,6.556,6.857,6.891,6.484,13690.06
2002-04-05,6.93,6.803999999999999,7.037000000000001,6.77,16243.09
2002-04-08,6.803999999999999,6.843,6.915,6.746,7104.59
2002-04-09,6.843,7.037000000000001,7.178,6.843,25618.35
2002-04-10,7.08,7.056,7.124,6.9979999999999976,13871.52
2002-04-11,7.056,6.935,7.197,6.93,17882.29
2002-04-12,6.891,6.949,7.0760000000000005,6.8770000000000024,8139.1
2002-04-15,6.94,6.857,6.974,6.809,6726.87
2002-04-16,6.8229999999999995,6.827999999999999,6.915,6.794,3535.8
2002-04-17,6.843,6.852,6.891,6.775,5118.2
2002-04-18,6.867000000000001,6.8229999999999995,7.007999999999999,6.794,4977.61
2002-04-19,6.794,6.843,6.867000000000001,6.7070000000000025,6624.74
2002-04-22,6.843,6.78,6.843,6.75,2779.0
2002-04-23,6.794,6.746,6.837999999999999,6.7360000000000015,2720.3
2002-04-24,6.746,6.624,6.746,6.595,12564.22
2002-04-25,6.595,6.649,6.721,6.585,4510.1
2002-04-26,6.775,6.814,6.867000000000001,6.697,7285.84
2002-04-29,6.848,7.037000000000001,7.061,6.837999999999999,12988.71
2002-04-30,6.992999999999999,6.9110000000000005,7.013,6.867000000000001,5637.63
2002-05-08,6.94,6.862,6.979,6.852,2563.1
2002-05-09,6.857,6.827999999999999,6.915,6.7989999999999995,3883.05
2002-05-10,6.843,6.76,6.857,6.755,3925.4
2002-05-13,6.76,6.7170000000000005,6.76,6.687,3555.36
2002-05-14,6.697,6.672999999999999,6.746,6.649,3843.13
2002-05-15,6.649,6.6339999999999995,6.7360000000000015,6.629,3740.8
2002-05-16,6.6,6.4110000000000005,6.605,6.3870000000000005,9967.68
2002-05-17,6.416,6.502999999999999,6.556,6.4110000000000005,6955.59
2002-05-20,6.502999999999999,6.353,6.502999999999999,6.309,4241.84
2002-05-21,6.5760000000000005,6.532,6.624,6.43,7308.9
2002-05-22,6.5520000000000005,6.3870000000000005,6.566,6.367000000000001,4226.91
2002-05-23,6.416,6.435,6.5520000000000005,6.396,3615.59
2002-05-24,6.435,6.289,6.435,6.251,9107.71
2002-05-27,6.289,6.28,6.343,6.222,3341.07
2002-05-28,6.2989999999999995,6.396,6.45,6.294,4039.88
2002-05-29,6.4060000000000015,6.246,6.4060000000000015,6.2170000000000005,4743.78
2002-05-30,6.2410000000000005,6.26,6.294,6.2070000000000025,8570.92
2002-05-31,6.2989999999999995,6.303999999999999,6.309,6.26,3271.11
2002-06-03,6.251,6.2120000000000015,6.255,6.188,3956.73
2002-06-04,6.2070000000000025,6.285,6.3229999999999995,6.2070000000000025,4909.55
2002-06-05,6.28,6.162999999999999,6.28,6.138999999999999,3125.45
2002-06-06,6.162999999999999,6.401,6.502999999999999,6.149,6112.84
2002-06-07,6.4060000000000015,6.401,6.479,6.337999999999999,7032.27
2002-06-10,6.435,6.396,6.435,6.337999999999999,3105.15
2002-06-11,6.4060000000000015,6.459,6.4879999999999995,6.3329999999999975,4345.06
2002-06-12,6.459,6.484,6.4879999999999995,6.372000000000001,5222.88
2002-06-13,6.5520000000000005,6.5710000000000015,6.678,6.502999999999999,22925.87
2002-06-14,6.527,6.532,6.581,6.435,8164.1
2002-06-17,6.454,6.561,6.5760000000000005,6.4060000000000015,4553.22
2002-06-18,6.561,6.653,6.7170000000000005,6.561,14416.57
2002-06-19,6.683,6.502999999999999,6.697,6.502999999999999,5258.16
2002-06-20,6.513,6.5470000000000015,6.61,6.513,3819.67
2002-06-21,6.59,6.794,6.843,6.556,25394.06
2002-06-24,7.474,7.474,7.474,7.11,103637.26
2002-06-25,7.425,7.765,7.901,7.221,122620.61
2002-06-27,7.765,7.59,7.765,7.575,39631.5
2002-06-28,7.5710000000000015,7.517,7.731,7.435,35807.94
2002-07-01,7.546,7.532,7.74,7.522,21681.63
2002-07-02,7.522,7.76,7.983,7.474,68369.24
2002-07-03,7.76,7.6679999999999975,7.765,7.619,17211.77
2002-07-04,7.566,7.609,7.813,7.566,17634.08
2002-07-05,7.609,7.784,7.91,7.58,53093.72
2002-07-08,7.794,7.905,8.007,7.789,45134.76
2002-07-09,7.91,7.867000000000001,7.973,7.818,28925.67
2002-07-10,7.872000000000001,7.6770000000000005,7.939,7.6679999999999975,26624.74
2002-07-11,7.6770000000000005,7.9689999999999985,8.202,7.6770000000000005,93267.18
2002-07-12,7.9689999999999985,8.274,8.434,7.959,161922.38
2002-07-15,8.274,8.172,8.415,8.163,79296.89
2002-07-16,8.152999999999999,8.265,8.269,8.095,49062.24
2002-07-17,8.323,8.245,8.396,8.09,47147.78
2002-07-18,8.347000000000001,8.192,8.362,8.158,30709.92
2002-07-19,8.192,8.197000000000001,8.245,8.113999999999999,28446.19
2002-07-22,8.202,7.9689999999999985,8.231,7.959,30035.72
2002-07-23,7.959,8.003,8.124,7.91,25285.81
2002-07-24,8.046,7.9689999999999985,8.07,7.901,12533.38
2002-07-25,8.012,8.027000000000001,8.129,8.007,25974.7
2002-07-26,8.027000000000001,7.963999999999999,8.08,7.949,9454.68
2002-07-29,7.93,7.944,7.983,7.765,14184.7
2002-07-30,7.944,7.925,7.959,7.794,8797.55
2002-07-31,7.91,7.818,7.935,7.813,7531.17
2002-08-01,7.818,7.716,7.818,7.6,20545.26
2002-08-02,7.716,7.672999999999999,7.765,7.648,9615.7
2002-08-05,7.716,7.682,7.765,7.657999999999999,5078.47
2002-08-06,7.6770000000000005,7.789,7.901,7.609,12119.9
2002-08-07,7.789,7.8279999999999985,7.8329999999999975,7.721,4793.61
2002-08-08,7.837999999999999,7.755,7.872000000000001,7.716,4194.69
2002-08-09,7.6770000000000005,7.58,7.726,7.561,8953.02
2002-08-12,7.5710000000000015,7.478,7.5710000000000015,7.449,8817.54
2002-08-13,7.474,7.522,7.5710000000000015,7.463999999999999,5336.91
2002-08-14,7.522,7.595,7.614,7.517,3417.8
2002-08-15,7.605,7.459,7.605,7.444,5909.6
2002-08-16,7.449,7.532,7.585,7.3770000000000024,5453.01
2002-08-19,7.483,7.483,7.537000000000001,7.449,2046.39
2002-08-20,7.507999999999999,7.6629999999999985,7.702000000000001,7.483,10027.01
2002-08-21,7.6770000000000005,7.76,7.8329999999999975,7.6770000000000005,15857.54
2002-08-22,7.77,7.847,7.876,7.765,16441.42
2002-08-23,7.779,7.731,7.862,7.721,11356.03
2002-08-26,7.731,7.657999999999999,7.765,7.633999999999999,5206.2
2002-08-27,7.657999999999999,7.886,7.901,7.657999999999999,10272.13
2002-08-28,7.935,7.857,7.954,7.837999999999999,9796.29
2002-08-29,7.8420000000000005,7.779,7.862,7.77,5750.7
2002-08-30,7.774,7.881,7.91,7.765,9475.18
2002-09-02,7.905,7.876,7.905,7.857,4470.2
2002-09-03,7.876,7.8279999999999985,7.935,7.822999999999999,4014.5
2002-09-04,7.857,7.716,7.862,7.692,6095.66
2002-09-05,7.7070000000000025,7.566,7.765,7.522,8609.69
2002-09-06,7.546,7.546,7.614,7.522,5215.79
2002-09-09,7.522,7.624,7.629,7.474,4058.3
2002-09-10,7.619,7.595,7.633999999999999,7.532,2819.34
2002-09-11,7.595,7.5710000000000015,7.697,7.463999999999999,13984.66
2002-09-12,7.629,7.556,7.629,7.532,3604.06
2002-09-13,7.5710000000000015,7.551,7.595,7.5120000000000005,2914.98
2002-09-16,7.4979999999999976,7.537000000000001,7.551,7.463999999999999,5513.01
2002-09-17,7.6679999999999975,7.629,7.711,7.585,6997.9
2002-09-18,7.624,7.566,7.6679999999999975,7.546,3111.3
2002-09-19,7.522,8.119,8.255,7.522,75121.03
2002-09-20,8.056000000000001,7.896,8.129,7.872000000000001,38620.99
2002-09-23,7.91,8.017000000000001,8.104,7.867000000000001,22278.53
2002-09-24,8.017000000000001,8.022,8.085,7.939,15730.16
2002-09-25,8.003,7.9979999999999976,8.119,7.973,17899.65
2002-09-26,8.041,7.8420000000000005,8.07,7.8329999999999975,18922.5
2002-09-27,7.862,7.8420000000000005,7.93,7.77,10402.89
2002-10-08,7.813,7.93,7.987999999999999,7.619,13621.21
2002-10-09,7.91,7.745,7.91,7.595,26817.0
2002-10-10,7.7070000000000025,7.779,7.852,7.672999999999999,11331.13
2002-10-11,7.779,7.77,7.862,7.692,8432.34
2002-10-14,7.716,7.891,7.935,7.6679999999999975,11168.18
2002-10-15,7.901,7.726,7.93,7.721,13312.95
2002-10-16,7.716,7.983,8.012,7.643,36775.77
2002-10-17,7.983,7.93,8.032,7.867000000000001,25560.55
2002-10-18,7.935,8.1,8.226,7.915,69990.59
2002-10-21,8.1,8.172,8.192,8.032,25315.04
2002-10-22,8.177,8.206,8.226,8.066,30622.28
2002-10-23,8.202,8.168,8.202,8.051,19390.53
2002-10-24,8.152999999999999,8.041,8.152999999999999,8.003,19175.23
2002-10-25,8.09,7.915,8.129,7.901,16900.33
2002-10-28,7.852,7.867000000000001,8.003,7.837999999999999,17616.7
2002-10-29,7.852,7.8420000000000005,7.949,7.6679999999999975,16990.86
2002-10-30,7.813,7.77,7.837999999999999,7.6770000000000005,11845.37
2002-10-31,7.76,7.77,7.876,7.716,8497.17
2002-11-01,7.789,7.774,7.813,7.692,5868.19
2002-11-04,7.813,7.93,7.935,7.765,9322.58
2002-11-05,7.93,8.066,8.168,7.881,25131.35
2002-11-06,8.056000000000001,8.056000000000001,8.09,7.978,10927.95
2002-11-07,8.056000000000001,7.987999999999999,8.104,7.973,10164.99
2002-11-08,8.113999999999999,7.75,8.152999999999999,7.716,21926.7
2002-11-11,7.721,7.633999999999999,7.862,7.619,10633.77
2002-11-12,7.643,7.5420000000000025,7.765,7.532,15433.0
2002-11-13,7.546,7.595,7.619,7.474,10582.8
2002-11-14,7.6,7.3770000000000024,7.633999999999999,7.279,16854.67
2002-11-15,7.284,7.289,7.449,7.231,20211.89
2002-11-18,7.279,6.935,7.3279999999999985,6.915,19467.72
2002-11-19,6.935,6.9979999999999976,7.037000000000001,6.886,8608.09
2002-11-20,7.002999999999999,6.683,7.022,6.556,14228.16
2002-11-21,6.697,6.4879999999999995,6.697,6.459,11042.25
2002-11-22,6.5520000000000005,6.5760000000000005,6.697,6.43,12742.54
2002-11-25,6.6,6.629,6.678,6.502999999999999,4874.09
2002-11-26,6.629,6.372000000000001,6.7070000000000025,6.357,8871.23
2002-11-27,6.348,6.43,6.4639999999999995,6.26,7298.85
2002-11-28,6.42,6.644,6.649,6.391,8840.05
2002-11-29,6.697,6.968999999999999,7.1339999999999995,6.581,37606.94
2002-12-02,6.979,6.794,6.9879999999999995,6.784,16828.35
2002-12-03,6.784,6.925,6.974,6.775,11589.2
2002-12-04,7.013,6.857,7.095,6.8329999999999975,28514.7
2002-12-05,6.8229999999999995,6.731,6.8229999999999995,6.61,9590.25
2002-12-06,6.746,6.886,7.2120000000000015,6.629,27366.42
2002-12-09,6.7989999999999995,6.78,6.9639999999999995,6.75,9345.57
2002-12-10,6.78,6.638999999999999,6.852,6.624,8933.53
2002-12-11,6.638999999999999,6.683,6.784,6.527,9457.89
2002-12-12,6.683,6.6679999999999975,6.794,6.662999999999999,4755.81
2002-12-13,6.629,6.697,6.765,6.5520000000000005,4879.52
2002-12-16,6.746,6.75,6.827999999999999,6.7070000000000025,5522.16
2002-12-17,6.77,6.809,6.843,6.746,6009.26
2002-12-18,6.814,6.755,6.9060000000000015,6.702000000000001,10596.64
2002-12-19,6.775,6.746,6.775,6.697,3560.33
2002-12-20,6.77,6.803999999999999,6.843,6.75,5096.74
2002-12-23,6.818,6.77,6.891,6.726,7221.0
2002-12-24,6.746,6.7410000000000005,6.76,6.687,4096.87
2002-12-25,6.7410000000000005,6.653,6.784,6.649,5741.05
2002-12-26,6.644,6.4979999999999976,6.7410000000000005,6.484,9345.18
2002-12-27,6.492999999999999,6.4979999999999976,6.5520000000000005,6.445,5136.8
2002-12-30,6.459,6.3229999999999995,6.484,6.319,8147.0
2002-12-31,6.357,6.396,6.479,6.303999999999999,10891.05
2003-01-02,6.348,6.162999999999999,6.3870000000000005,6.154,8445.49
2003-01-03,6.066,6.124,6.285,6.066,5457.2
2003-01-06,6.066,6.149,6.149,6.061,5168.94
2003-01-07,6.149,6.12,6.2989999999999995,6.081,5985.45
2003-01-08,6.115,6.2989999999999995,6.303999999999999,6.11,5380.23
2003-01-09,6.348,6.435,6.484,6.26,10426.76
2003-01-10,6.454,6.372000000000001,6.4879999999999995,6.367000000000001,8170.35
2003-01-13,6.372000000000001,6.343,6.43,6.309,4251.03
2003-01-14,6.4060000000000015,6.6579999999999995,6.78,6.309,20727.38
2003-01-15,6.697,6.76,6.9879999999999995,6.672999999999999,35873.76
2003-01-16,6.77,6.843,6.843,6.721,13999.91
2003-01-17,6.867000000000001,6.7170000000000005,6.886,6.653,12104.1
2003-01-20,6.687,6.765,6.794,6.629,8255.35
2003-01-21,6.77,6.6339999999999995,6.818,6.624,9507.85
2003-01-22,6.624,6.6339999999999995,6.672999999999999,6.6,6119.48
2003-01-23,6.615,6.566,6.692,6.561,6367.13
2003-01-24,6.566,6.585,6.638999999999999,6.527,6701.68
2003-01-27,6.585,6.746,6.794,6.585,13097.3
2003-01-28,6.746,6.7989999999999995,6.8820000000000014,6.702000000000001,11697.88
2003-01-29,6.814,6.784,6.8329999999999975,6.784,8339.06
2003-02-10,6.755,6.672999999999999,6.755,6.649,4135.6
2003-02-11,6.672999999999999,6.7120000000000015,6.7120000000000015,6.59,5857.59
2003-02-12,6.697,6.75,6.755,6.615,4356.43
2003-02-13,6.746,6.76,6.891,6.746,11526.42
2003-02-14,6.76,6.891,6.974,6.76,17522.09
2003-02-17,6.915,6.843,7.027,6.794,14861.44
2003-02-18,6.843,6.867000000000001,6.886,6.794,6744.99
2003-02-19,6.843,6.8820000000000014,6.8820000000000014,6.794,3900.06
2003-02-20,6.94,6.915,7.037000000000001,6.891,15094.19
2003-02-21,6.9060000000000015,6.721,6.9060000000000015,6.7120000000000015,13397.65
2003-02-24,6.697,6.697,6.7410000000000005,6.683,6442.0
2003-02-25,6.702000000000001,6.901,6.9979999999999976,6.702000000000001,20983.09
2003-02-26,6.9060000000000015,6.862,6.959,6.8329999999999975,8314.24
2003-02-27,6.8229999999999995,6.843,6.901,6.794,5489.33
2003-02-28,6.862,6.827999999999999,6.8770000000000024,6.794,4548.6
2003-03-03,6.818,6.867000000000001,6.891,6.818,6004.86
2003-03-04,6.891,6.925,6.94,6.848,7571.19
2003-03-05,6.94,6.818,6.959,6.794,6707.91
2003-03-06,6.8229999999999995,6.7410000000000005,6.843,6.721,7208.9
2003-03-07,6.7410000000000005,6.702000000000001,6.765,6.697,5801.68
2003-03-10,6.731,6.6679999999999975,6.77,6.6,6882.8
2003-03-11,6.649,6.653,6.7170000000000005,6.6339999999999995,2659.52
2003-03-12,6.649,6.638999999999999,6.649,6.5420000000000025,6649.65
2003-03-13,6.644,6.5710000000000015,6.683,6.5710000000000015,2684.28
2003-03-14,6.5710000000000015,6.5420000000000025,6.59,6.532,4394.78
2003-03-17,6.507999999999999,6.44,6.5420000000000025,6.372000000000001,7786.71
2003-03-18,6.492999999999999,6.401,6.5760000000000005,6.396,5947.19
2003-03-19,6.4060000000000015,6.4110000000000005,6.474,6.396,5537.54
2003-03-20,6.42,6.319,6.474,6.294,10213.92
2003-03-21,6.309,6.353,6.3820000000000014,6.303999999999999,5504.28
2003-03-24,6.484,6.401,6.484,6.357,5092.1
2003-03-25,6.396,6.343,6.42,6.314,3039.46
2003-03-26,6.319,6.28,6.353,6.27,4971.8
2003-03-27,6.275,6.4060000000000015,6.445,6.2120000000000015,17489.21
2003-03-28,6.435,6.391,6.5470000000000015,6.309,11642.76
2003-03-31,6.391,6.43,6.45,6.3329999999999975,9289.39
2003-04-01,6.445,6.5520000000000005,6.624,6.43,25516.39
2003-04-02,6.556,6.5520000000000005,6.638999999999999,6.537000000000001,11695.95
2003-04-03,6.5470000000000015,6.479,6.59,6.4639999999999995,7255.44
2003-04-04,6.4639999999999995,6.468999999999999,6.5420000000000025,6.416,7346.15
2003-04-07,6.479,6.4060000000000015,6.518,6.4060000000000015,7507.0
2003-04-08,6.4060000000000015,6.357,6.445,6.3329999999999975,7943.83
2003-04-09,6.372000000000001,6.445,6.454,6.294,12009.96
2003-04-10,6.454,6.5420000000000025,6.638999999999999,6.454,28770.81
2003-04-11,6.5420000000000025,6.629,6.638999999999999,6.502999999999999,24172.49
2003-04-14,6.697,6.891,6.935,6.678,59293.51
2003-04-15,6.915,6.857,6.935,6.784,27408.92
2003-04-16,6.852,6.959,7.221,6.789,63570.39
2003-04-17,6.979,6.968999999999999,7.066,6.818,24526.82
2003-04-18,7.216,6.891,7.221,6.886,30134.34
2003-04-21,6.891,6.7070000000000025,6.94,6.644,29648.91
2003-04-22,6.721,6.7410000000000005,6.891,6.7170000000000005,15555.44
2003-04-23,6.77,6.848,7.037000000000001,6.77,31211.65
2003-04-24,6.852,6.901,7.085,6.77,58547.81
2003-04-25,6.915,6.624,7.037000000000001,6.6,37204.33
2003-04-28,6.5760000000000005,6.803999999999999,6.843,6.319,29246.9
2003-04-29,6.901,6.6,6.901,6.5760000000000005,16713.54
2003-04-30,6.697,6.638999999999999,6.794,6.59,15711.85
2003-05-12,6.6,6.3820000000000014,6.6,6.348,24171.77
2003-05-13,6.3820000000000014,6.2989999999999995,6.527,6.285,26025.16
2003-05-14,6.303999999999999,6.3870000000000005,6.391,6.26,18684.19
2003-05-15,6.43,6.595,6.6,6.343,20496.04
2003-05-16,6.6,6.532,6.649,6.502999999999999,16115.92
2003-05-19,6.532,6.721,6.818,6.492999999999999,30439.53
2003-05-20,6.721,6.5710000000000015,6.721,6.566,11452.42
2003-05-21,6.5710000000000015,6.518,6.6339999999999995,6.479,10508.1
2003-05-22,6.502999999999999,6.522,6.5420000000000025,6.416,6188.84
2003-05-23,6.522,6.585,6.672999999999999,6.479,15288.52
2003-05-26,6.6679999999999975,6.721,6.794,6.605,22476.73
2003-05-27,6.75,6.755,6.814,6.692,19363.71
2003-05-28,6.794,6.638999999999999,6.843,6.624,15007.55
2003-05-29,6.638999999999999,6.974,7.027,6.624,80600.08
2003-05-30,7.037000000000001,7.153,7.435,6.9979999999999976,177095.74
2003-06-02,7.182,7.192,7.27,7.11,51070.2
2003-06-03,7.192,7.056,7.226,7.037000000000001,31341.57
2003-06-04,6.968999999999999,7.027,7.085,6.872000000000001,34155.55
2003-06-05,7.017,6.809,7.027,6.789,20556.55
2003-06-06,6.794,6.803999999999999,6.925,6.77,17788.37
2003-06-09,6.794,6.862,6.867000000000001,6.7410000000000005,13641.77
2003-06-10,6.862,6.852,6.9639999999999995,6.809,12353.84
2003-06-11,6.852,6.949,6.983,6.852,13848.24
2003-06-12,6.94,6.867000000000001,6.954,6.8329999999999975,8722.26
2003-06-13,6.867000000000001,6.862,6.9110000000000005,6.818,8157.38
2003-06-16,6.8820000000000014,6.9060000000000015,6.9879999999999995,6.8820000000000014,10257.99
2003-06-17,6.891,6.872000000000001,6.9879999999999995,6.852,7353.29
2003-06-19,6.891,6.672999999999999,6.901,6.649,17469.11
2003-06-20,6.672999999999999,6.624,6.721,6.624,8109.54
2003-06-23,6.629,6.518,6.644,6.502999999999999,7916.38
2003-06-24,6.513,6.527,6.59,6.502999999999999,5301.15
2003-06-25,6.527,6.468999999999999,6.5520000000000005,6.4639999999999995,5863.39
2003-06-26,6.468999999999999,6.4979999999999976,6.566,6.309,26354.02
2003-06-27,6.492999999999999,6.337999999999999,6.4979999999999976,6.319,17433.17
2003-06-30,6.337999999999999,6.3329999999999975,6.4060000000000015,6.3329999999999975,7506.41
2003-07-01,6.357,6.367000000000001,6.43,6.309,9273.44
2003-07-02,6.3820000000000014,6.435,6.435,6.353,6425.5
2003-07-03,6.435,6.43,6.445,6.3820000000000014,3984.19
2003-07-04,6.416,6.492999999999999,6.5520000000000005,6.4060000000000015,5013.37
2003-07-07,6.479,6.4060000000000015,6.479,6.357,4146.87
2003-07-08,6.4110000000000005,6.474,6.566,6.3820000000000014,6137.34
2003-07-09,6.513,6.4110000000000005,6.513,6.4060000000000015,3009.79
2003-07-10,6.43,6.5420000000000025,6.572,6.4110000000000005,8250.32
2003-07-11,6.5420000000000025,6.474,6.562,6.4639999999999995,5474.51
2003-07-14,6.5420000000000025,6.502999999999999,6.591,6.479,6378.6
2003-07-15,6.5329999999999995,6.4639999999999995,6.5520000000000005,6.421,4685.66
2003-07-16,6.4639999999999995,6.445,6.5470000000000015,6.421,5197.39
2003-07-17,6.455,6.468999999999999,6.479,6.421,7752.59
2003-07-18,6.479,6.357,6.479,6.348,12956.92
2003-07-21,6.3329999999999975,6.206,6.3329999999999975,6.114,23312.73
2003-07-22,6.2360000000000015,6.226,6.303999999999999,6.187,6697.87
2003-07-23,6.226,6.265,6.2989999999999995,6.211,4552.44
2003-07-24,6.27,6.1770000000000005,6.274,6.153,4008.02
2003-07-25,6.138,6.138,6.226,6.114,6513.01
2003-07-28,6.127999999999999,6.016,6.138,6.0070000000000014,7950.33
2003-07-29,6.016,6.026,6.055,6.016,4346.92
2003-07-30,6.0310000000000015,6.046,6.104,6.016,4008.23
2003-07-31,6.07,6.093999999999999,6.127999999999999,6.07,2846.93
2003-08-01,6.0889999999999995,5.962999999999999,6.099,5.89,9743.27
2003-08-04,5.933,6.055,6.07,5.89,7309.9
2003-08-05,6.055,6.016,6.08,5.997000000000001,2590.0
2003-08-06,6.016,6.055,6.075,5.9579999999999975,3510.13
2003-08-07,6.07,6.06,6.162000000000001,6.041,2877.63
2003-08-08,6.06,5.968,6.084,5.952999999999999,3151.91
2003-08-11,5.9579999999999975,5.982,5.982,5.933,1574.62
2003-08-12,6.0310000000000015,5.997000000000001,6.05,5.982,2221.7
2003-08-13,6.0020000000000024,5.943,6.041,5.933,2676.92
2003-08-14,5.928999999999999,5.909,6.041,5.856,5579.61
2003-08-15,5.904,5.904,5.982,5.88,4398.29
2003-08-18,6.065,6.011,6.226,5.992000000000001,14319.42
2003-08-19,6.011,6.021,6.065,5.982,2729.96
2003-08-20,6.0070000000000014,5.987,6.0070000000000014,5.933,3090.51
2003-08-21,5.943,5.943,6.0070000000000014,5.938,2637.68
2003-08-22,5.943,5.968,5.987,5.933,1808.73
2003-08-25,5.7,5.836,5.943,5.7,4278.7
2003-08-26,5.7970000000000015,5.841,5.875,5.7970000000000015,2393.57
2003-08-27,5.846,5.846,5.89,5.8020000000000005,1591.69
2003-08-28,6.016,5.885,6.0889999999999995,5.846,5686.49
2003-08-29,5.885,5.943,5.943,5.8210000000000015,2919.61
2003-09-01,5.943,6.055,6.065,5.943,6038.78
2003-09-02,6.065,6.0070000000000014,6.075,5.992000000000001,3943.5
2003-09-03,5.992000000000001,6.084,6.1770000000000005,5.972,11983.03
2003-09-04,6.119,6.143,6.4060000000000015,6.084,24023.32
2003-09-05,6.114,5.997000000000001,6.114,5.9239999999999995,9077.48
2003-09-08,5.968,5.919,5.968,5.895,3994.43
2003-09-09,5.895,5.895,6.011,5.895,3017.02
2003-09-10,5.904,5.938,5.943,5.875,2115.42
2003-09-11,5.943,5.933,5.962999999999999,5.895,1494.46
2003-09-12,5.9239999999999995,5.841,5.9239999999999995,5.831,4365.63
2003-09-15,5.8210000000000015,5.817,5.914,5.8020000000000005,2501.64
2003-09-16,5.812,5.846,5.87,5.7970000000000015,2312.37
2003-09-17,5.87,5.773,5.89,5.7479999999999976,2275.38
2003-09-18,5.7,5.752999999999999,5.807,5.69,2325.9
2003-09-19,5.7479999999999976,5.773,5.7970000000000015,5.724,3060.33
2003-09-22,5.773,5.782,5.831,5.773,1462.03
2003-09-23,5.7970000000000015,5.807,5.812,5.763,1702.77
2003-09-24,5.87,5.817,5.87,5.7920000000000025,1783.98
2003-09-25,5.7970000000000015,5.812,5.831,5.7479999999999976,1785.85
2003-09-26,5.7970000000000015,5.742999999999999,5.7970000000000015,5.724,1678.5
2003-09-29,5.742999999999999,5.602,5.752999999999999,5.5920000000000005,4410.6
2003-09-30,5.617000000000001,5.641,5.675,5.617000000000001,2261.36
2003-10-08,5.6270000000000024,5.48,5.6270000000000024,5.364,2839.39
2003-10-09,5.48,5.456,5.515,5.441,1650.89
2003-10-10,5.456,5.617000000000001,5.617000000000001,5.402,3914.4
2003-10-13,5.6270000000000024,5.577999999999999,5.695,5.568,2865.6
2003-10-14,5.544,5.48,5.558,5.461,1888.54
2003-10-15,5.553999999999999,5.5489999999999995,5.831,5.48,8691.83
2003-10-16,5.529,5.456,5.529,5.4460000000000015,3081.9
2003-10-17,5.456,5.466,5.5,5.437,1478.1
2003-10-20,5.48,5.476,5.529,5.456,1392.4
2003-10-21,5.48,5.5489999999999995,5.563,5.466,2134.46
2003-10-22,5.553999999999999,5.666,5.69,5.529,5156.04
2003-10-23,5.7,5.553999999999999,5.7,5.553999999999999,3335.2
2003-10-24,5.553999999999999,5.577999999999999,5.641,5.553999999999999,3479.72
2003-10-27,5.568,5.577999999999999,5.651,5.529,3016.99
2003-10-28,5.544,5.388,5.622000000000001,5.276,5564.46
2003-10-29,5.407,5.329,5.476,5.261,5396.5
2003-10-30,5.315,5.305,5.349,5.271,3234.49
2003-10-31,5.3,5.271,5.407,5.237,4217.99
2003-11-03,5.271,5.3,5.382999999999999,5.2170000000000005,3513.6
2003-11-04,5.349,5.367999999999999,5.432,5.3,6475.86
2003-11-05,5.382999999999999,5.305,5.407,5.29,3604.18
2003-11-06,5.295,5.052,5.3389999999999995,5.042,9448.28
2003-11-07,5.023,4.862,5.042,4.706,10499.05
2003-11-10,4.813,4.862,4.91,4.774,2999.3
2003-11-11,4.872,4.872,4.92,4.8469999999999995,2051.4
2003-11-12,4.862,4.779,4.872,4.774,2686.6
2003-11-13,4.779,4.823,4.852,4.75,2261.81
2003-11-14,4.8469999999999995,4.891,4.91,4.823,2595.75
2003-11-17,4.891,4.833,4.901,4.828,1505.0
2003-11-18,4.837,4.842,4.872,4.823,1618.14
2003-11-19,4.75,4.945,5.003,4.75,5186.8
2003-11-20,5.003,5.144,5.1739999999999995,4.968999999999999,10757.17
2003-11-21,5.138999999999999,5.003,5.251,4.998,10722.0
2003-11-24,4.979,5.212999999999999,5.261,4.979,12210.08
2003-11-25,5.242000000000001,5.305,5.441,5.237,27138.69
2003-11-26,5.31,5.256,5.349,5.207999999999998,10325.06
2003-11-27,5.2170000000000005,5.13,5.325,5.115,7423.89
2003-11-28,5.115,5.31,5.367999999999999,5.115,12162.99
2003-12-01,5.359,5.485,5.577999999999999,5.349,22714.47
2003-12-02,5.49,5.4270000000000005,5.553999999999999,5.4170000000000025,12747.53
2003-12-03,5.407,5.441,5.534,5.407,11250.76
2003-12-04,5.4220000000000015,5.412000000000001,5.495,5.367999999999999,9331.24
2003-12-05,5.432,5.515,5.67,5.432,14677.53
2003-12-08,5.5829999999999975,5.4510000000000005,5.612,5.4510000000000005,7346.95
2003-12-09,5.432,5.437,5.456,5.364,5022.74
2003-12-10,5.553999999999999,5.505,5.553999999999999,5.456,4275.41
2003-12-11,5.544,5.456,5.5489999999999995,5.4220000000000015,5116.07
2003-12-12,5.505,5.437,5.529,5.4220000000000015,4184.13
2003-12-15,5.437,5.432,5.495,5.4170000000000025,3439.96
2003-12-16,5.4170000000000025,5.388,5.432,5.295,7038.83
2003-12-17,5.398,5.377999999999999,5.529,5.367999999999999,6098.59
2003-12-18,5.367999999999999,5.2860000000000005,5.367999999999999,5.261,5530.62
2003-12-19,5.29,5.0710000000000015,5.354,5.008,11191.65
2003-12-22,5.066,5.149,5.164,4.8180000000000005,17116.33
2003-12-23,5.164,5.091,5.178,5.061,9970.47
2003-12-24,5.12,5.125,5.1739999999999995,5.047,7640.38
2003-12-25,5.125,5.212999999999999,5.315,5.105,12058.59
2003-12-26,5.212999999999999,5.1739999999999995,5.237,5.125,6142.83
2003-12-29,5.212999999999999,5.086,5.212999999999999,5.0710000000000015,5444.5
2003-12-30,5.091,5.066,5.135,5.023,5916.78
2003-12-31,5.0710000000000015,5.003,5.135,4.979,5497.54
2004-01-02,5.042,5.154,5.276,5.018,10133.92
2004-01-05,5.159,5.154,5.159,5.061,11651.41
2004-01-06,5.154,5.388,5.393,5.149,26476.63
2004-01-07,5.388,5.4270000000000005,5.466,5.315,21042.14
2004-01-08,5.437,5.505,5.534,5.388,20792.27
2004-01-09,5.529,5.441,5.68,5.437,27685.05
2004-01-12,5.437,5.466,5.505,5.334,12678.52
2004-01-13,5.466,5.5489999999999995,5.602,5.4170000000000025,18916.3
2004-01-14,5.558,5.617000000000001,5.675,5.495,22052.62
2004-01-15,5.612,5.739,5.768,5.558,31328.62
2004-01-16,5.8210000000000015,5.933,6.041,5.7920000000000025,52013.55
2004-01-29,5.943,5.987,5.992000000000001,5.8020000000000005,20506.98
2004-01-30,5.992000000000001,5.807,6.011,5.7970000000000015,20149.51
2004-02-02,5.812,5.88,6.041,5.787000000000001,19184.16
2004-02-03,5.89,5.885,5.943,5.8020000000000005,13439.49
2004-02-04,5.919,6.046,6.0889999999999995,5.919,31379.23
2004-02-05,6.065,6.05,6.153,6.021,26356.19
2004-02-06,6.046,6.245,6.3329999999999975,5.968,44688.28
2004-02-09,6.245,6.396,6.484,6.216,37077.52
2004-02-10,6.4060000000000015,6.455,6.635,6.274,50634.47
2004-02-11,6.455,6.357,6.479,6.24,23870.22
2004-02-12,6.357,6.289,6.4110000000000005,6.245,18042.31
2004-02-13,6.284,6.226,6.309,6.187,15514.78
2004-02-16,6.226,6.309,6.318,6.2010000000000005,11076.68
2004-02-17,6.3329999999999975,6.3229999999999995,6.343,6.255,20217.44
2004-02-18,6.357,6.352,6.426,6.274,20686.24
2004-02-19,6.372000000000001,6.265,6.396,6.24,14505.27
2004-02-20,6.284,6.303999999999999,6.327999999999999,6.221,15245.43
2004-02-23,6.309,6.119,6.367000000000001,6.0889999999999995,15513.42
2004-02-24,6.0889999999999995,6.327999999999999,6.372000000000001,5.982,35715.2
2004-02-25,6.327999999999999,6.0360000000000005,6.337999999999999,6.016,18327.78
2004-02-26,5.997000000000001,5.943,6.05,5.895,11930.84
2004-02-27,5.9479999999999995,5.968,6.0070000000000014,5.919,7036.48
2004-03-01,5.968,6.026,6.065,5.895,8235.52
2004-03-02,6.041,5.9479999999999995,6.065,5.919,9389.76
2004-03-03,5.943,5.88,6.016,5.875,8368.2
2004-03-04,5.87,5.865,5.885,5.787000000000001,8333.3
2004-03-05,5.865,5.831,5.88,5.8020000000000005,5187.1
2004-03-08,5.8210000000000015,5.695,5.8260000000000005,5.68,6376.92
2004-03-09,5.7,5.631,5.763,5.631,7172.99
2004-03-10,5.651,5.787000000000001,5.7970000000000015,5.636,5035.78
2004-03-11,5.787000000000001,5.865,5.909,5.739,9399.53
2004-03-12,5.865,5.787000000000001,5.875,5.768,4323.9
2004-03-15,5.787000000000001,5.938,5.952999999999999,5.787000000000001,9062.2
2004-03-16,5.943,5.9479999999999995,6.055,5.928999999999999,13654.37
2004-03-17,5.952999999999999,5.943,5.977,5.87,8180.78
2004-03-18,5.933,5.8020000000000005,5.943,5.7920000000000025,7095.0
2004-03-19,5.773,5.812,5.865,5.752999999999999,6853.87
2004-03-22,5.8260000000000005,5.895,5.928999999999999,5.8260000000000005,5182.55
2004-03-23,5.89,5.851,5.89,5.8210000000000015,4731.58
2004-03-24,5.846,5.89,5.933,5.836,7566.17
2004-03-25,5.899,5.987,5.992000000000001,5.895,13894.85
2004-03-26,5.992000000000001,5.952999999999999,6.0360000000000005,5.909,6611.02
2004-03-29,5.952999999999999,5.865,5.9579999999999975,5.856,6654.42
2004-03-30,5.851,6.065,6.07,5.8260000000000005,18050.8
2004-03-31,6.084,6.114,6.274,6.0070000000000014,20549.65
2004-04-01,6.1229999999999976,6.07,6.138,6.0360000000000005,11032.03
2004-04-02,6.07,6.109,6.1670000000000025,6.041,12692.82
2004-04-05,6.206,6.109,6.206,6.026,13914.14
2004-04-06,6.109,6.197,6.211,6.104,14507.86
2004-04-07,6.2010000000000005,6.093999999999999,6.2010000000000005,6.0889999999999995,8933.68
2004-04-08,6.119,6.0360000000000005,6.138,6.0310000000000015,10254.11
2004-04-09,6.084,5.846,6.119,5.8210000000000015,14916.07
2004-04-12,5.8210000000000015,5.817,5.846,5.7139999999999995,11766.51
2004-04-13,5.943,5.856,5.982,5.836,9178.67
2004-04-14,5.86,5.7920000000000025,5.865,5.7479999999999976,6421.44
2004-04-15,5.7920000000000025,5.787000000000001,5.851,5.773,7121.99
2004-04-16,5.787000000000001,5.885,5.962999999999999,5.7479999999999976,8657.02
2004-04-19,5.895,5.7479999999999976,5.895,5.729,4770.42
2004-04-20,5.757999999999999,5.742999999999999,5.7970000000000015,5.709,5896.95
2004-04-21,5.729,5.729,5.7970000000000015,5.651,4664.65
2004-04-22,5.729,5.739,5.752999999999999,5.67,2887.95
2004-04-23,5.739,5.587999999999999,5.773,5.553999999999999,5961.89
2004-04-26,5.597,5.587999999999999,5.641,5.577999999999999,4284.6
2004-04-27,5.6270000000000024,5.5489999999999995,5.636,5.539,5483.42
2004-04-28,5.553999999999999,5.402,5.553999999999999,5.261,5631.06
2004-04-29,5.407,5.169,5.4170000000000025,5.164,11536.2
2004-04-30,5.149,5.212999999999999,5.242000000000001,5.149,5223.51
2004-05-10,5.207999999999998,5.008,5.261,4.988,5766.2
2004-05-11,5.008,5.0760000000000005,5.115,5.008,3659.04
2004-05-12,5.066,5.188,5.193,5.066,5047.18
2004-05-13,5.188,5.12,5.193,5.091,3073.39
2004-05-14,5.164,5.032,5.164,5.032,2964.6
2004-05-17,4.984,4.979,5.042,4.968999999999999,4210.14
2004-05-18,4.984,5.052,5.0569999999999995,4.925,4419.82
2004-05-19,5.0760000000000005,5.047,5.091,5.008,7325.61
2004-05-20,5.052,5.066,5.138999999999999,5.013,5950.1
2004-05-21,5.091,5.018,5.091,5.008,4526.0
2004-05-24,5.023,4.935,5.032,4.93,4841.01
2004-05-25,4.993,4.798,4.993,4.794,7660.0
2004-05-26,4.798,4.774,4.862,4.763999999999999,6406.2
2004-05-27,4.784,4.896,4.94,4.784,5359.41
2004-05-28,4.896,4.8469999999999995,4.935,4.837,2915.13
2004-05-31,4.8469999999999995,4.959,4.988,4.8469999999999995,5728.96
2004-06-01,4.988,4.984,4.998,4.935,7240.9
2004-06-02,4.984,5.023,5.042,4.91,11648.49
2004-06-03,5.018,4.852,5.018,4.828,7456.86
2004-06-04,4.837,4.8469999999999995,4.92,4.823,8066.5
2004-06-07,4.852,4.91,4.959,4.808,4952.19
2004-06-08,4.872,4.833,4.945,4.823,7466.0
2004-06-09,4.823,4.769,4.872,4.763999999999999,6054.11
2004-06-10,4.769,4.789,4.803,4.75,4601.73
2004-06-11,4.872,5.105,5.261,4.872,67588.43
2004-06-14,5.066,4.74,5.066,4.725,36257.63
2004-06-15,4.706,4.784,4.813,4.56,15134.32
2004-06-16,4.774,4.769,4.808,4.706,5894.2
2004-06-17,4.769,4.677,4.784,4.677,6335.11
2004-06-18,4.667,4.623,4.672,4.579,5148.1
2004-06-21,4.623,4.662,4.667,4.56,2688.0
2004-06-22,4.662,4.7010000000000005,4.75,4.662,4736.73
2004-06-23,4.74,4.628,4.74,4.618,3301.16
2004-06-24,4.618,4.56,4.662,4.535,5851.72
2004-06-25,4.56,4.457,4.579,4.438,6429.91
2004-06-29,4.388999999999999,4.394,4.423,4.306,5313.08
2004-06-30,4.394,4.3839999999999995,4.433,4.3839999999999995,2601.7
2004-07-01,4.3839999999999995,4.501,4.506,4.3839999999999995,3972.88
2004-07-02,4.521,4.501,4.545,4.467,4130.49
2004-07-05,4.506,4.448,4.506,4.423,2434.66
2004-07-06,4.457,4.506,4.56,4.457,3111.34
2004-07-07,4.506,4.448,4.511,4.4430000000000005,1698.0
2004-07-08,4.448,4.428,4.477,4.418,2633.49
2004-07-09,4.404,4.433,4.4719999999999995,4.404,2351.75
2004-07-12,4.399,4.311,4.399,4.297,3515.7
2004-07-13,4.3260000000000005,4.311,4.36,4.311,2001.0
2004-07-14,4.336,4.258,4.379,4.18,4700.94
2004-07-15,4.258,4.243,4.297,4.194,4160.29
2004-07-16,4.263,4.388999999999999,4.399,4.248,6957.34
2004-07-19,4.379,4.36,4.394,4.336,3925.53
2004-07-20,4.39,4.3260000000000005,4.405,4.316,2278.88
2004-07-21,4.341,4.311,4.36,4.292,2081.75
2004-07-22,4.316,4.213,4.3210000000000015,4.208,3024.68
2004-07-23,4.218,4.203,4.2330000000000005,4.159,3227.44
2004-07-26,4.203,4.154,4.223,4.14,2460.9
2004-07-27,4.154,4.189,4.243,4.14,2164.2
2004-07-28,4.169,4.189,4.208,4.159,1746.41
2004-07-29,4.169,4.2669999999999995,4.2669999999999995,4.164,2658.71
2004-07-30,4.2669999999999995,4.218,4.292,4.208,2198.14
2004-08-02,4.218,4.194,4.218,4.169,1318.17
2004-08-03,4.208,4.194,4.213,4.1739999999999995,1149.2
2004-08-04,4.194,4.331,4.351,4.194,5725.4
2004-08-05,4.3260000000000005,4.351,4.439,4.282,8265.52
2004-08-06,4.336,4.316,4.39,4.277,3365.86
2004-08-09,4.365,4.336,4.375,4.3210000000000015,1761.32
2004-08-10,4.39,4.375,4.39,4.3260000000000005,1769.24
2004-08-11,4.365,4.2669999999999995,4.375,4.248,2051.2
2004-08-12,4.218,4.199,4.257,4.169,2654.96
2004-08-13,4.199,4.208,4.253,4.189,1191.81
2004-08-16,4.199,4.1739999999999995,4.257,4.164,1718.51
2004-08-17,4.169,4.115,4.169,4.086,3095.59
2004-08-18,4.115,4.125,4.189,4.115,1380.75
2004-08-19,4.12,4.047,4.12,4.047,2164.2
2004-08-20,4.051,3.988,4.066,3.948,2629.9
2004-08-23,3.983,3.86,3.988,3.8310000000000004,3692.8
2004-08-24,3.86,3.968,3.9730000000000003,3.855,4237.94
2004-08-25,3.9730000000000003,4.0760000000000005,4.306,3.948,10091.11
2004-08-26,4.0710000000000015,4.0169999999999995,4.0710000000000015,3.963,3926.2
2004-08-27,4.037,3.983,4.037,3.948,2132.74
2004-08-30,3.988,3.9730000000000003,3.988,3.904,1295.3
2004-08-31,4.047,4.047,4.145,4.027,2788.95
2004-09-01,3.997,3.9930000000000003,4.105,3.988,1077.0
2004-09-02,3.9730000000000003,4.047,4.0710000000000015,3.9530000000000003,1192.77
2004-09-03,3.963,4.012,4.051,3.963,1084.6
2004-09-06,4.012,3.9730000000000003,4.047,3.948,1173.32
2004-09-07,3.983,4.047,4.047,3.978,1354.5
2004-09-08,3.997,3.9930000000000003,4.047,3.9930000000000003,964.0
2004-09-09,3.9930000000000003,3.9189999999999996,4.042,3.9139999999999997,2568.55
2004-09-10,3.9139999999999997,3.9730000000000003,3.983,3.904,1838.15
2004-09-13,3.9339999999999997,3.89,3.9339999999999997,3.875,2186.5
2004-09-14,3.9139999999999997,3.978,4.007,3.9139999999999997,4274.09
2004-09-15,3.988,4.159,4.228,3.9530000000000003,12987.78
2004-09-16,4.169,4.292,4.331,4.125,14078.03
2004-09-17,4.277,4.39,4.405,4.223,14808.04
2004-09-20,4.419,4.5569999999999995,4.562,4.365,22569.44
2004-09-21,4.562,4.503,4.66,4.463,21177.18
2004-09-22,4.488,4.346,4.532,4.316,13915.74
2004-09-23,4.341,4.449,4.454,4.302,8564.8
2004-09-24,4.488,4.3260000000000005,4.537,4.316,15047.22
2004-09-27,4.341,4.257,4.434,4.243,4937.6
2004-09-28,4.2669999999999995,4.297,4.356,4.243,3816.33
2004-09-29,4.292,4.272,4.311,4.262,2563.24
2004-09-30,4.257,4.194,4.292,4.1739999999999995,3844.9
2004-10-08,4.178999999999999,4.2669999999999995,4.292,4.096,4532.25
2004-10-11,4.2669999999999995,4.253,4.331,4.169,7727.83
2004-10-12,4.248,4.238,4.248,4.159,4814.64
2004-10-13,4.292,4.414,4.552,4.292,29583.51
2004-10-14,4.39,4.13,4.395,4.096,13096.94
2004-10-15,4.12,4.135,4.199,4.096,4901.4
2004-10-18,4.169,4.11,4.178999999999999,4.081,3374.2
2004-10-19,4.145,4.125,4.2330000000000005,4.12,4623.97
2004-10-20,4.125,4.061,4.164,3.997,4059.52
2004-10-21,4.081,3.968,4.1,3.963,5383.0
2004-10-22,3.9730000000000003,4.0169999999999995,4.027,3.9730000000000003,4859.6
2004-10-25,4.027,3.968,4.096,3.948,3544.69
2004-10-26,3.968,3.997,4.007,3.924,4611.94
2004-10-27,4.012,4.047,4.051,3.9530000000000003,4780.32
2004-10-28,4.047,4.178999999999999,4.292,4.047,17311.32
2004-10-29,3.875,3.9139999999999997,4.037,3.875,13730.19
2004-11-01,3.9139999999999997,3.556,3.9139999999999997,3.532,19217.53
2004-11-02,3.5460000000000003,3.5410000000000004,3.595,3.502,7072.54
2004-11-03,3.556,3.63,3.63,3.556,4780.28
2004-11-04,3.654,3.536,3.654,3.512,5092.8
2004-11-05,3.556,3.5460000000000003,3.605,3.5269999999999997,2673.6
2004-11-08,3.551,3.532,3.571,3.512,2104.29
2004-11-09,3.536,3.5460000000000003,3.5610000000000004,3.522,1987.18
2004-11-10,3.571,3.6489999999999996,3.6689999999999996,3.532,7489.86
2004-11-11,3.659,3.659,3.742,3.62,13463.03
2004-11-12,3.654,3.63,3.679,3.61,3736.52
2004-11-15,3.639,3.674,3.679,3.5810000000000004,5470.9
2004-11-16,3.674,3.6689999999999996,3.728,3.639,3649.32
2004-11-17,3.679,3.6689999999999996,3.693,3.63,3596.5
2004-11-18,3.6639999999999997,3.7030000000000003,3.7569999999999997,3.654,7235.19
2004-11-19,3.7030000000000003,3.742,3.801,3.7030000000000003,7086.52
2004-11-22,3.821,3.787,3.821,3.747,7252.29
2004-11-23,3.782,3.7769999999999997,3.8110000000000004,3.733,7142.59
2004-11-24,3.826,3.826,3.988,3.826,29666.48
2004-11-25,3.801,3.693,3.8160000000000003,3.688,8943.05
2004-11-26,3.693,3.718,3.742,3.679,2869.98
2004-11-29,3.6839999999999997,3.6639999999999997,3.7230000000000003,3.654,3772.3
2004-11-30,3.6689999999999996,3.674,3.708,3.654,2601.43
2004-12-01,3.713,3.693,3.733,3.679,2388.95
2004-12-02,3.708,3.7030000000000003,3.7230000000000003,3.6689999999999996,3074.81
2004-12-03,3.718,3.7230000000000003,3.752,3.688,3912.62
2004-12-06,3.728,3.8110000000000004,3.8110000000000004,3.7030000000000003,5753.13
2004-12-07,3.8110000000000004,3.718,3.826,3.713,3335.0
2004-12-08,3.752,3.728,3.7569999999999997,3.7030000000000003,2589.2
2004-12-09,3.708,3.7230000000000003,3.7769999999999997,3.688,3362.3
2004-12-10,3.718,3.635,3.7569999999999997,3.63,3347.0
2004-12-13,3.615,3.576,3.62,3.556,3880.29
2004-12-14,3.536,3.556,3.6,3.536,1664.95
2004-12-15,3.605,3.571,3.605,3.522,2186.81
2004-12-16,3.576,3.556,3.5810000000000004,3.5269999999999997,2213.9
2004-12-17,3.532,3.517,3.5660000000000003,3.517,2741.65
2004-12-20,3.532,3.517,3.571,3.5069999999999997,2563.0
2004-12-21,3.522,3.512,3.556,3.502,2128.8
2004-12-22,3.512,3.6,3.605,3.512,3606.49
2004-12-23,3.605,3.5410000000000004,3.62,3.536,1742.82
2004-12-24,3.532,3.532,3.571,3.5069999999999997,1894.48
2004-12-27,3.5269999999999997,3.502,3.532,3.497,1993.02
2004-12-28,3.502,3.4730000000000003,3.502,3.4530000000000003,2717.69
2004-12-29,3.4730000000000003,3.4730000000000003,3.556,3.458,1165.45
2004-12-30,3.4819999999999998,3.4330000000000003,3.497,3.424,2776.2
2004-12-31,3.438,3.3789999999999996,3.463,3.375,2682.0
2005-01-04,3.3789999999999996,3.4330000000000003,3.4330000000000003,3.33,1966.38
2005-01-05,3.424,3.4819999999999998,3.512,3.4139999999999997,2202.71
2005-01-06,3.4730000000000003,3.522,3.536,3.468,3026.14
2005-01-07,3.517,3.571,3.7769999999999997,3.492,13888.87
2005-01-10,3.5660000000000003,3.59,3.6,3.536,3500.64
2005-01-11,3.59,3.6,3.61,3.5610000000000004,2144.59
2005-01-12,3.5810000000000004,3.595,3.654,3.571,3024.0
2005-01-13,3.5810000000000004,3.5810000000000004,3.62,3.5460000000000003,2590.2
2005-01-14,3.5810000000000004,3.536,3.63,3.536,2636.0
2005-01-17,3.438,3.492,3.532,3.438,3104.57
2005-01-18,3.532,3.576,3.5810000000000004,3.5069999999999997,3940.62
2005-01-19,3.576,3.5269999999999997,3.576,3.522,1294.61
2005-01-20,3.5269999999999997,3.468,3.5269999999999997,3.4330000000000003,2083.13
2005-01-21,3.4530000000000003,3.5269999999999997,3.551,3.404,3722.59
2005-01-24,3.5810000000000004,3.674,3.718,3.5810000000000004,18133.29
2005-01-25,3.654,3.6639999999999997,3.698,3.585,11399.67
2005-01-26,3.654,3.6439999999999997,3.679,3.62,4815.38
2005-01-27,3.639,3.625,3.728,3.615,7770.9
2005-01-28,3.61,3.497,3.635,3.478,6390.08
2005-01-31,3.4530000000000003,3.384,3.497,3.384,4513.0
2005-02-01,3.384,3.3989999999999996,3.478,3.375,4147.4
2005-02-02,3.4139999999999997,3.61,3.625,3.4139999999999997,5699.81
2005-02-03,3.61,3.61,3.752,3.536,14084.55
2005-02-04,3.61,3.728,3.747,3.61,20487.55
2005-02-16,3.752,3.7030000000000003,3.787,3.688,12098.6
2005-02-17,3.708,3.821,3.845,3.708,21585.51
2005-02-18,3.8160000000000003,3.708,3.821,3.708,10360.72
2005-02-21,3.7030000000000003,3.772,3.7960000000000003,3.7030000000000003,6730.44
2005-02-22,3.7910000000000004,3.875,3.8989999999999996,3.7569999999999997,17227.8
2005-02-23,3.865,3.845,3.8989999999999996,3.821,12472.44
2005-02-24,3.845,3.806,3.865,3.767,8802.53
2005-02-25,3.8160000000000003,3.826,3.9189999999999996,3.8160000000000003,12248.94
2005-02-28,3.826,3.762,3.826,3.733,9189.65
2005-03-01,3.6839999999999997,3.772,3.826,3.6839999999999997,3833.86
2005-03-02,3.787,3.698,3.7910000000000004,3.6839999999999997,5649.32
2005-03-03,3.698,3.728,3.742,3.654,3383.15
2005-03-04,3.728,3.713,3.733,3.679,2925.23
2005-03-07,3.679,3.674,3.708,3.6689999999999996,3174.67
2005-03-08,3.679,3.742,3.747,3.679,4714.2
2005-03-09,3.728,3.708,3.767,3.674,4618.5
2005-03-10,3.679,3.5810000000000004,3.718,3.571,7021.01
2005-03-11,3.576,3.551,3.62,3.5269999999999997,5741.07
2005-03-14,3.551,3.512,3.585,3.512,5934.83
2005-03-15,3.487,3.458,3.551,3.4330000000000003,4768.7
2005-03-16,3.458,3.492,3.497,3.4330000000000003,2699.1
2005-03-17,3.4730000000000003,3.355,3.4819999999999998,3.35,9050.5
2005-03-18,3.34,3.321,3.384,3.3160000000000003,4993.59
2005-03-21,3.321,3.2230000000000003,3.326,3.188,6254.31
2005-03-22,3.213,3.0460000000000003,3.218,3.0410000000000004,8436.8
2005-03-23,3.017,2.992,3.09,2.9530000000000003,7137.37
2005-03-24,2.997,3.0210000000000004,3.0610000000000004,2.997,3636.4
2005-03-25,3.07,3.051,3.09,3.0460000000000003,3673.03
2005-03-28,3.0610000000000004,3.017,3.0660000000000003,2.9819999999999998,2420.55
2005-03-29,3.051,3.0210000000000004,3.085,3.0210000000000004,2427.8
2005-03-30,3.0410000000000004,3.075,3.286,2.928,11432.98
2005-03-31,3.075,3.095,3.11,2.967,6475.23
2005-04-01,3.0660000000000003,3.1289999999999996,3.208,2.967,10985.15
2005-04-04,3.09,3.031,3.11,3.0069999999999997,4291.95
2005-04-05,2.992,2.9819999999999998,3.08,2.9819999999999998,3767.2
2005-04-06,2.977,3.0210000000000004,3.036,2.972,4415.59
2005-04-07,3.031,3.08,3.1289999999999996,3.017,9985.72
2005-04-08,3.08,3.1830000000000003,3.188,3.0660000000000003,12061.55
2005-04-11,3.178,3.193,3.335,3.1239999999999997,13462.52
2005-04-12,3.188,3.11,3.237,3.08,7213.0
2005-04-13,3.188,3.321,3.4189999999999996,3.1830000000000003,35091.95
2005-04-14,3.3110000000000004,3.237,3.3110000000000004,3.237,12259.48
2005-04-15,3.208,3.139,3.218,3.1289999999999996,7667.03
2005-04-18,3.139,3.08,3.139,3.0410000000000004,4942.0
2005-04-19,3.09,3.075,3.139,3.056,3161.11
2005-04-20,3.09,3.0210000000000004,3.1239999999999997,3.017,4427.93
2005-04-21,2.845,2.717,2.943,2.717,18528.18
2005-04-22,2.698,2.717,2.781,2.698,7301.69
2005-04-25,2.7119999999999997,2.57,2.7119999999999997,2.506,6728.59
2005-04-26,2.575,2.609,2.6289999999999996,2.551,5162.95
2005-04-27,2.6439999999999997,2.56,2.6489999999999996,2.555,3253.1
2005-04-28,2.56,2.634,2.639,2.511,5497.05
2005-04-29,2.639,2.673,2.7710000000000004,2.551,7799.56
2005-05-09,2.943,2.595,2.943,2.59,6326.32
2005-05-10,2.595,2.614,2.6439999999999997,2.541,3271.4
2005-05-11,2.614,2.698,2.7569999999999997,2.58,10853.83
2005-05-12,2.654,2.634,2.693,2.6,4317.39
2005-05-13,2.6,2.492,2.6239999999999997,2.428,8520.19
2005-05-16,2.492,2.4130000000000003,2.497,2.394,5926.4
2005-05-17,2.4130000000000003,2.452,2.472,2.364,3600.34
2005-05-18,2.452,2.492,2.502,2.403,5238.98
2005-05-19,2.502,2.502,2.526,2.472,3720.69
2005-05-20,2.502,2.4819999999999998,2.526,2.4819999999999998,2243.0
2005-05-23,2.477,2.428,2.477,2.428,2633.4
2005-05-24,2.423,2.467,2.492,2.403,3062.4
2005-05-25,2.467,2.487,2.511,2.452,2871.16
2005-05-26,2.452,2.4619999999999997,2.502,2.403,2204.95
2005-05-27,2.443,2.477,2.497,2.443,2725.15
2005-05-31,2.477,2.477,2.516,2.472,2393.98
2005-06-01,2.472,2.521,2.575,2.472,11160.7
2005-06-02,2.541,2.502,2.57,2.4819999999999998,8260.08
2005-06-03,2.4819999999999998,2.502,2.521,2.467,3095.41
2005-06-06,2.492,2.457,2.497,2.394,3805.25
2005-06-07,2.477,2.502,2.551,2.467,6040.74
2005-06-08,2.516,2.688,2.698,2.506,18627.32
2005-06-09,2.7119999999999997,2.678,2.722,2.6289999999999996,15200.98
2005-06-10,2.678,2.614,2.6830000000000003,2.605,7390.01
2005-06-13,2.614,2.605,2.6489999999999996,2.575,3360.0
2005-06-14,2.6239999999999997,2.555,2.6439999999999997,2.551,4867.4
2005-06-15,2.536,2.477,2.536,2.472,3864.9
2005-06-16,2.467,2.487,2.511,2.452,2995.59
2005-06-17,2.502,2.492,2.511,2.467,2199.26
2005-06-20,2.452,2.541,2.541,2.452,4530.53
2005-06-21,2.555,2.502,2.555,2.492,2664.6
2005-06-22,2.516,2.511,2.541,2.492,1874.99
2005-06-23,2.555,2.56,2.717,2.551,16031.97
2005-06-24,2.531,2.605,2.6239999999999997,2.516,8937.15
2005-06-27,2.605,2.668,2.722,2.605,19206.94
2005-06-28,2.6489999999999996,2.575,2.6489999999999996,2.575,7062.5
2005-06-29,2.551,2.575,2.6239999999999997,2.551,3653.4
2005-06-30,2.57,2.477,2.57,2.467,5781.0
2005-07-01,2.467,2.399,2.477,2.3890000000000002,6417.77
2005-07-04,2.408,2.286,2.4130000000000003,2.158,6375.96
2005-07-05,2.251,2.256,2.286,2.222,3274.69
2005-07-06,2.246,2.2319999999999998,2.335,2.227,2642.6
2005-07-07,2.2319999999999998,2.261,2.286,2.222,1844.54
2005-07-08,2.256,2.1919999999999997,2.256,2.1830000000000003,3021.36
2005-07-11,2.222,2.188,2.2569999999999997,2.1830000000000003,2200.2
2005-07-12,2.173,2.242,2.242,2.158,4317.87
2005-07-13,2.282,2.272,2.3409999999999997,2.2569999999999997,7158.89
2005-07-14,2.267,2.227,2.2769999999999997,2.207,3788.36
2005-07-15,2.222,2.158,2.222,2.158,3592.6
2005-07-18,2.1630000000000003,2.049,2.1630000000000003,2.039,4217.1
2005-07-19,2.044,2.113,2.128,2.039,3532.58
2005-07-20,2.113,2.103,2.128,2.073,3263.2
2005-07-21,2.0980000000000003,2.0980000000000003,2.1180000000000003,2.064,2934.7
2005-07-22,2.173,2.207,2.282,2.123,11940.57
2005-07-25,2.188,2.237,2.272,2.168,9637.09
2005-07-26,2.207,2.346,2.371,2.207,18192.18
2005-07-27,2.346,2.3609999999999998,2.371,2.292,12605.29
2005-07-28,2.3609999999999998,2.302,2.376,2.2969999999999997,12726.25
2005-07-29,2.312,2.307,2.331,2.282,5683.19
2005-08-01,2.307,2.312,2.356,2.302,4450.08
2005-08-02,2.331,2.376,2.416,2.3169999999999997,10501.32
2005-08-03,2.381,2.45,2.505,2.351,24782.8
2005-08-04,2.436,2.48,2.53,2.421,17768.16
2005-08-05,2.48,2.55,2.55,2.475,19423.92
2005-08-08,2.56,2.659,2.763,2.555,32441.66
2005-08-09,2.659,2.6689999999999996,2.674,2.6039999999999996,16625.36
2005-08-10,2.674,2.728,2.748,2.6189999999999998,20998.43
2005-08-11,2.753,2.832,2.867,2.694,38427.05
2005-08-12,2.842,2.9560000000000004,3.09,2.8369999999999997,62173.87
2005-08-15,2.951,2.937,2.966,2.8369999999999997,28965.42
2005-08-16,2.927,2.9419999999999997,3.0010000000000003,2.877,24572.68
2005-08-17,2.9019999999999997,2.8819999999999997,2.917,2.7880000000000003,21501.57
2005-08-18,2.887,2.7430000000000003,3.051,2.728,29785.66
2005-08-19,2.7230000000000003,2.6689999999999996,2.798,2.6039999999999996,21880.29
2005-08-22,2.6039999999999996,2.6689999999999996,2.7230000000000003,2.589,10509.95
2005-08-23,2.654,2.5839999999999996,2.659,2.56,9365.35
2005-08-24,2.6039999999999996,2.6689999999999996,2.6839999999999997,2.6039999999999996,15526.56
2005-08-25,2.7230000000000003,2.778,2.8080000000000003,2.694,24511.59
2005-08-26,2.783,2.763,2.8569999999999998,2.728,15424.57
2005-08-29,2.758,2.708,2.758,2.694,7446.87
2005-08-30,2.733,2.6639999999999997,2.7680000000000002,2.659,7523.6
2005-08-31,2.654,2.748,2.7680000000000002,2.639,7950.33
2005-09-01,2.8080000000000003,3.0210000000000004,3.0210000000000004,2.803,47186.59
2005-09-02,3.165,3.125,3.214,3.09,98645.12
2005-09-05,3.14,3.378,3.438,3.1,94104.92
2005-09-06,3.363,3.656,3.715,3.323,179959.17
2005-09-07,3.6210000000000004,3.715,3.795,3.572,131303.52
2005-09-08,3.705,3.557,3.705,3.492,90944.71
2005-09-09,3.562,3.512,3.641,3.472,58177.18
2005-09-12,3.512,3.5069999999999997,3.552,3.403,43591.85
2005-09-13,3.492,3.5669999999999997,3.5860000000000003,3.452,56548.96
2005-09-14,3.562,3.537,3.5669999999999997,3.472,46752.75
2005-09-15,3.532,3.517,3.6310000000000002,3.502,50980.01
2005-09-16,3.5069999999999997,3.443,3.522,3.428,33424.73
2005-09-19,3.423,3.487,3.517,3.423,26069.1
2005-09-20,3.487,3.557,3.6010000000000004,3.403,54605.57
2005-09-21,3.532,3.408,3.537,3.403,32660.21
2005-09-22,3.388,3.199,3.3930000000000002,3.175,36426.01
2005-09-23,3.2039999999999997,3.16,3.259,3.14,20648.86
2005-09-26,3.16,3.19,3.199,3.125,10655.73
2005-09-27,3.185,3.056,3.2239999999999998,3.0410000000000004,19374.39
2005-09-28,3.0610000000000004,3.085,3.13,3.0260000000000002,16935.71
2005-09-29,3.09,3.234,3.259,3.09,33942.56
2005-09-30,3.239,3.175,3.259,3.17,15203.9
2005-10-10,3.175,3.051,3.199,2.9810000000000003,13895.1
2005-10-11,3.011,3.135,3.14,2.9960000000000004,11953.77
2005-10-12,3.125,3.1,3.14,3.0410000000000004,11112.68
2005-10-13,3.1,3.105,3.2089999999999996,3.085,16923.86
2005-10-14,3.105,3.085,3.175,3.0410000000000004,16049.16
2005-10-17,3.095,3.17,3.2089999999999996,3.0010000000000003,24053.87
2005-10-18,3.17,3.3680000000000003,3.378,3.17,36946.83
2005-10-19,3.3480000000000003,3.2539999999999996,3.358,3.2239999999999998,28894.47
2005-10-20,3.2289999999999996,3.17,3.234,3.095,14914.44
2005-10-21,3.175,3.165,3.2089999999999996,3.135,10431.99
2005-10-24,3.165,3.13,3.19,3.11,9352.21
2005-10-25,3.1,3.075,3.155,3.075,8213.39
2005-10-26,3.0660000000000003,3.031,3.125,3.0260000000000002,10873.5
2005-10-27,3.0060000000000002,2.872,3.0460000000000003,2.832,16885.1
2005-10-28,2.8819999999999997,2.758,2.927,2.713,19178.55
2005-10-31,2.758,2.7880000000000003,2.798,2.728,8495.23
2005-11-01,2.778,2.694,2.793,2.6439999999999997,11037.25
2005-11-02,2.708,2.8569999999999998,2.9019999999999997,2.708,27102.86
2005-11-03,2.8569999999999998,2.773,2.8569999999999998,2.763,9506.14
2005-11-04,2.753,2.827,2.867,2.753,13927.72
2005-11-17,2.947,2.951,3.051,2.932,46815.28
2005-11-18,2.9610000000000003,3.011,3.0260000000000002,2.887,25181.79
2005-11-21,3.0410000000000004,3.14,3.2239999999999998,3.0260000000000002,32887.26
2005-11-22,3.214,3.11,3.219,3.105,27821.34
2005-11-23,3.085,3.095,3.145,3.0660000000000003,11677.1
2005-11-24,3.085,3.09,3.145,3.075,9232.48
2005-11-25,3.09,3.095,3.12,3.08,9268.38
2005-11-28,3.125,3.1,3.125,3.031,9827.6
2005-11-29,3.0610000000000004,3.016,3.09,3.0010000000000003,10285.0
2005-11-30,3.016,3.095,3.13,3.0010000000000003,19216.96
2005-12-01,3.125,3.0660000000000003,3.125,3.0660000000000003,14459.78
2006-01-06,2.9760000000000004,3.0660000000000003,3.085,2.832,219010.34
2006-01-09,3.0260000000000002,3.105,3.155,2.966,102889.95
2006-01-10,3.085,3.1,3.15,3.056,51129.97
2006-01-11,3.1,3.398,3.4130000000000003,3.0260000000000002,132325.11
2006-01-12,3.3680000000000003,3.338,3.3930000000000002,3.2439999999999998,96680.67
2006-01-13,3.353,3.214,3.358,3.2089999999999996,64837.81
2006-01-16,3.165,3.0610000000000004,3.2039999999999997,3.051,46152.4
2006-01-17,3.036,3.08,3.14,3.016,30558.08
2006-01-18,3.071,3.17,3.2239999999999998,3.0410000000000004,43347.74
2006-01-19,3.175,3.135,3.199,3.11,33116.92
2006-01-20,3.135,3.1,3.195,3.08,25210.57
2006-01-23,3.13,3.214,3.2489999999999997,3.1,50170.39
2006-01-24,3.2239999999999998,3.259,3.338,3.185,49270.33
2006-01-25,3.264,3.4819999999999998,3.522,3.2489999999999997,111632.0
2006-02-06,3.4819999999999998,3.552,3.6010000000000004,3.398,62640.07
2006-02-07,3.5469999999999997,3.457,3.552,3.3930000000000002,52909.69
2006-02-08,3.418,3.4330000000000003,3.457,3.373,23605.54
2006-02-09,3.4330000000000003,3.2939999999999996,3.448,3.279,34373.12
2006-02-10,3.304,3.3280000000000003,3.388,3.304,28043.73
2006-02-13,3.3280000000000003,3.304,3.373,3.279,18522.62
2006-02-14,3.284,3.338,3.408,3.284,28953.42
2006-02-15,3.353,3.448,3.517,3.3480000000000003,77606.14
2006-02-16,3.472,3.3480000000000003,3.492,3.3280000000000003,41283.47
2006-02-17,3.383,3.5269999999999997,3.596,3.383,121291.87
2006-02-20,3.532,3.6310000000000002,3.77,3.522,146931.42
2006-02-21,3.6260000000000003,3.705,3.745,3.472,94017.81
2006-02-22,3.681,3.6260000000000003,3.78,3.616,91513.41
2006-02-23,3.6260000000000003,3.6910000000000003,3.696,3.572,47491.65
2006-02-24,3.7,3.696,3.74,3.661,35307.74
2006-02-27,3.7,3.6010000000000004,3.715,3.562,40140.23
2006-02-28,3.6010000000000004,3.591,3.6010000000000004,3.502,31095.66
2006-03-01,3.572,3.6210000000000004,3.6660000000000004,3.5469999999999997,22256.32
2006-03-02,3.6210000000000004,3.4819999999999998,3.6210000000000004,3.438,43304.42
2006-03-03,3.4819999999999998,3.492,3.522,3.4130000000000003,42765.69
2006-03-06,3.4819999999999998,3.423,3.4819999999999998,3.398,19694.02
2006-03-07,3.438,3.264,3.448,3.259,34660.5
2006-03-08,3.2489999999999997,3.165,3.2489999999999997,3.16,26802.16
2006-03-09,3.175,3.195,3.2489999999999997,3.15,37076.22
2006-03-10,3.195,3.2439999999999998,3.2689999999999997,3.195,15607.55
2006-03-13,3.2889999999999997,3.333,3.353,3.279,27424.85
2006-03-14,3.3480000000000003,3.299,3.373,3.259,17521.71
2006-03-15,3.284,3.3680000000000003,3.378,3.284,27109.52
2006-03-16,3.3680000000000003,3.443,3.443,3.338,29930.75
2006-03-17,3.487,3.5069999999999997,3.5860000000000003,3.452,64985.66
2006-03-20,3.522,3.859,3.859,3.517,152308.35
2006-03-21,3.968,3.998,4.216,3.904,305489.35
2006-03-22,3.983,4.092,4.127,3.904,190349.16
2006-03-23,4.053,3.929,4.053,3.924,100866.66
2006-03-24,3.909,3.9730000000000003,4.077,3.8689999999999998,98042.96
2006-03-27,3.9730000000000003,4.092,4.127,3.8939999999999997,104771.6
2006-03-28,4.092,4.073,4.137,4.048,78596.15
2006-03-29,4.073,4.112,4.405,4.008,162046.86
2006-03-30,4.092,4.033,4.1419999999999995,4.023,83643.77
2006-03-31,3.983,3.978,4.053,3.884,74594.03
2006-04-03,3.968,4.053,4.132,3.944,73688.56
2006-04-04,4.0680000000000005,4.102,4.211,4.038,99887.32
2006-04-05,4.107,4.345,4.405,4.0680000000000005,188075.4
2006-04-06,4.33,4.2860000000000005,4.39,4.2410000000000005,106019.59
2006-04-07,4.271,4.2410000000000005,4.34,4.152,63994.44
2006-04-10,4.221,4.316,4.34,4.172,53404.04
2006-04-11,4.35,4.246,4.38,4.122,81647.17
2006-04-12,4.246,4.112,4.261,4.107,53305.61
2006-04-13,4.127,4.008,4.211,3.998,61236.97
2006-04-14,4.008,4.087,4.102,3.958,55699.45
2006-04-17,4.048,4.038,4.0969999999999995,4.018,38654.32
2006-04-18,4.033,4.048,4.082,3.9389999999999996,43490.77
2006-04-19,4.048,4.177,4.216,4.048,71835.4
2006-04-20,4.177,4.053,4.1819999999999995,3.9930000000000003,55690.39
2006-04-21,4.0280000000000005,4.038,4.092,3.924,53820.51
2006-04-24,4.0280000000000005,3.864,4.033,3.859,59750.98
2006-04-25,3.8539999999999996,4.008,4.087,3.725,77877.29
2006-04-26,3.998,4.013,4.058,3.924,52530.68
2006-04-27,4.008,3.968,4.092,3.944,43509.34
2006-04-28,3.8689999999999998,3.8939999999999997,3.9389999999999996,3.745,63284.77
2006-05-08,3.909,4.107,4.157,3.8939999999999997,79916.61
2006-05-09,4.107,4.152,4.187,4.033,85477.82
2006-05-10,4.157,4.192,4.211,4.077,83421.18
2006-05-11,4.192,3.998,4.345,3.968,109243.19
2006-05-12,3.968,3.9139999999999997,3.968,3.82,102913.93
2006-05-15,3.9189999999999996,4.003,4.008,3.81,111838.5
2006-05-16,4.008,3.824,4.013,3.8,67736.29
2006-05-17,3.82,3.884,3.904,3.795,40627.38
2006-05-18,3.839,3.8339999999999996,3.8739999999999997,3.725,46517.3
2006-05-19,3.82,3.8689999999999998,3.8789999999999996,3.77,52922.77
2006-05-22,3.8689999999999998,4.0280000000000005,4.117,3.81,115144.48
2006-05-23,4.013,3.77,4.013,3.765,54967.89
2006-05-24,3.77,3.696,3.8789999999999996,3.636,47443.93
2006-05-25,3.696,3.795,3.9339999999999997,3.661,48749.69
2006-05-26,3.795,3.8,3.8539999999999996,3.745,30737.98
2006-05-29,3.805,3.9139999999999997,3.949,3.8,59223.4
2006-05-30,3.8789999999999996,3.978,4.102,3.859,82161.01
2006-05-31,3.983,3.9339999999999997,4.018,3.8989999999999996,50509.08
2006-06-01,3.9339999999999997,4.003,4.023,3.8939999999999997,61729.27
2006-06-02,3.998,3.8939999999999997,3.998,3.8339999999999996,65401.23
2006-06-05,3.889,3.859,3.904,3.745,47559.83
2006-06-06,3.8689999999999998,3.81,3.8789999999999996,3.78,30170.93
2006-06-07,3.795,3.6060000000000003,3.8739999999999997,3.472,45296.82
2006-06-08,3.572,3.472,3.572,3.383,32290.04
2006-06-09,3.467,3.4330000000000003,3.542,3.428,22413.76
2006-06-12,3.448,3.487,3.5669999999999997,3.448,19127.44
2006-06-13,3.522,3.497,3.557,3.448,14463.81
2006-06-14,3.502,3.4819999999999998,3.512,3.438,11418.25
2006-06-15,3.487,3.472,3.542,3.4619999999999997,11416.8
2006-06-16,3.487,3.552,3.562,3.487,22629.72
2006-06-19,3.537,3.6260000000000003,3.6660000000000004,3.497,33644.75
2006-06-20,3.6260000000000003,3.616,3.636,3.552,18268.89
2006-06-21,3.596,3.552,3.6010000000000004,3.532,18778.21
2006-06-23,3.6010000000000004,3.5469999999999997,3.641,3.537,13684.92
2006-06-26,3.5469999999999997,3.5810000000000004,3.596,3.532,21852.12
2006-06-27,3.5810000000000004,3.542,3.596,3.5069999999999997,22852.32
2006-06-28,3.542,3.497,3.542,3.472,24894.92
2006-06-29,3.497,3.6060000000000003,3.6260000000000003,3.4819999999999998,42918.79
2006-06-30,3.6210000000000004,3.576,3.641,3.5669999999999997,26141.63
2006-07-03,3.596,3.6860000000000004,3.696,3.576,37690.82
2006-07-04,3.6860000000000004,3.676,3.74,3.641,36374.75
2006-07-05,3.6460000000000004,3.5860000000000003,3.6460000000000004,3.572,14735.22
2006-07-06,3.562,3.656,3.6710000000000003,3.5469999999999997,26902.06
2006-07-07,3.676,3.616,3.715,3.591,21112.12
2006-07-10,3.616,3.795,3.8539999999999996,3.5860000000000003,73965.4
2006-07-11,3.78,3.8339999999999996,3.909,3.705,61583.93
2006-07-12,3.815,3.884,4.023,3.795,95644.82
2006-07-13,3.8689999999999998,3.656,3.9339999999999997,3.6260000000000003,62587.13
2006-07-14,3.616,3.79,3.884,3.522,58620.09
2006-07-17,3.8,3.98,4.03,3.8,72076.39
2006-07-18,3.98,3.945,4.0,3.865,29409.42
2006-07-19,3.94,3.83,3.94,3.75,31390.67
2006-07-20,3.805,3.855,3.86,3.77,24770.88
2006-07-21,3.875,4.035,4.05,3.875,102370.99
2006-07-24,3.995,4.0,4.025,3.88,40989.38
2006-07-25,4.0,3.965,4.075,3.945,33954.53
2006-07-26,3.97,3.96,4.025,3.925,23539.33
2006-07-27,3.93,3.83,3.99,3.815,43647.03
2006-07-28,3.82,3.97,3.995,3.82,49131.75
2006-07-31,3.95,3.84,4.025,3.825,35513.66
2006-08-01,3.845,3.73,3.9,3.725,23568.47
2006-08-02,3.73,3.65,3.75,3.59,21930.15
2006-08-03,3.655,3.625,3.7,3.6,14832.45
2006-08-04,3.625,3.535,3.69,3.525,11376.0
2006-08-07,3.49,3.485,3.56,3.475,10772.26
2006-08-08,3.6,3.595,3.6,3.5,7482.16
2006-08-09,3.61,3.64,3.72,3.61,17621.66
2006-08-10,3.64,3.695,3.71,3.64,8989.66
2006-08-11,3.675,3.72,3.74,3.675,14006.14
2006-08-14,3.795,3.89,3.92,3.68,50445.12
2006-08-15,3.875,3.99,4.02,3.775,56309.97
2006-08-16,3.95,3.925,4.075,3.91,64355.38
2006-08-17,3.905,3.855,3.915,3.815,29447.97
2006-08-18,3.83,3.81,3.895,3.775,17712.4
2006-08-21,3.625,3.77,3.775,3.605,26656.76
2006-08-22,3.815,3.765,3.84,3.75,15654.82
2006-08-23,3.775,3.74,3.815,3.695,15026.03
2006-08-24,3.715,3.79,3.795,3.68,16695.54
2006-08-25,3.775,3.755,3.81,3.715,18053.8
2006-08-28,3.77,3.9,3.95,3.75,51721.3
2006-08-29,3.935,3.88,3.985,3.87,39944.75
2006-08-30,3.87,4.045,4.05,3.835,74761.07
2006-08-31,4.045,4.055,4.135,4.015,79561.41
2006-09-01,4.055,3.98,4.1,3.925,53546.82
2006-09-04,3.99,4.175,4.175,3.99,96026.63
2006-09-05,4.19,4.135,4.235,4.08,75319.31
2006-09-06,4.135,4.055,4.145,3.98,46423.48
2006-09-07,4.04,3.985,4.07,3.96,24183.24
2006-09-08,3.97,4.0,4.07,3.97,17045.54
2006-09-11,4.01,4.045,4.05,3.9,25815.48
2006-09-12,4.05,4.03,4.1,4.005,29090.39
2006-09-13,4.0,3.94,4.03,3.935,22887.8
2006-09-14,3.935,3.9,3.975,3.85,21834.9
2006-09-15,3.91,3.985,4.0,3.89,45065.41
2006-09-18,4.025,4.06,4.065,3.945,53007.73
2006-09-19,4.07,4.005,4.07,3.97,40531.55
2006-09-20,4.005,4.065,4.12,3.94,92036.74
2006-09-21,4.05,4.035,4.11,4.0,47722.51
2006-09-22,4.065,4.145,4.215,4.015,128993.4
2006-09-25,4.17,4.1,4.265,4.04,113335.43
2006-09-26,4.06,4.06,4.19,3.95,78793.0
2006-09-27,4.045,3.995,4.05,3.95,45225.18
2006-09-28,4.01,3.98,4.01,3.92,51017.73
2006-09-29,4.025,3.99,4.09,3.975,48271.78
2006-10-09,4.01,3.97,4.07,3.935,59649.54
2006-10-10,3.985,3.92,3.99,3.905,47592.99
2006-10-11,3.925,3.95,3.96,3.915,27843.27
2006-10-12,3.95,3.885,3.965,3.85,31464.82
2006-10-13,3.89,3.905,3.94,3.875,21941.5
2006-10-16,3.905,3.905,3.93,3.845,22977.93
2006-10-17,3.865,3.905,3.93,3.865,23758.39
2006-10-18,3.91,3.95,3.965,3.875,24380.74
2006-10-19,3.95,3.92,3.96,3.895,17649.25
2006-10-20,3.95,3.86,3.95,3.8,36435.82
2006-10-23,3.815,3.78,3.88,3.75,23631.95
2006-10-24,3.76,3.83,3.86,3.76,22377.72
2006-10-25,3.855,3.78,3.86,3.75,28522.1
2006-10-26,3.78,3.8,3.86,3.775,21861.49
2006-10-27,3.855,3.85,3.91,3.82,35533.76
2006-10-30,3.83,3.89,3.9,3.78,20113.63
2006-10-31,3.875,3.935,3.95,3.86,41861.86
2006-11-01,3.935,3.89,3.95,3.865,20036.37
2006-11-02,3.89,3.885,3.9,3.81,23291.02
2006-11-03,3.885,3.89,3.935,3.855,23567.4
2006-11-06,3.885,3.86,3.925,3.83,27112.9
2006-11-07,3.86,3.84,3.91,3.79,31999.75
2006-11-08,3.83,3.88,3.885,3.81,24598.3
2006-11-09,3.88,4.005,4.03,3.85,90308.64
2006-11-10,4.02,3.905,4.025,3.875,46756.57
2006-11-13,3.88,4.075,4.19,3.88,147875.99
2006-11-14,4.075,4.115,4.14,3.97,73960.57
2006-11-15,4.115,4.155,4.185,4.065,94272.49
2006-11-16,4.17,4.01,4.18,3.975,73135.31
2006-11-17,4.0,4.41,4.41,3.98,213786.5
2006-11-20,4.54,4.75,4.83,4.485,339314.86
2006-11-21,4.69,4.78,4.92,4.61,182068.02
2006-11-22,4.775,4.775,4.885,4.65,129608.61
2006-11-23,4.785,5.255,5.255,4.785,234109.36
2006-11-24,5.395,5.775,5.78,5.295,276501.39
2006-11-27,5.75,6.355,6.355,5.675,306712.02
2006-11-28,6.25,6.26,6.5,6.0,221866.37
2006-11-29,6.06,6.145,6.375,6.05,187284.71
2006-11-30,6.115,6.465,6.59,6.075,257064.27
2006-12-01,6.365,6.27,6.74,6.24,262118.9
2006-12-04,6.27,6.495,6.65,6.1,219125.1
2006-12-05,6.425,6.605,6.975,6.405,260897.02
2006-12-06,6.495,6.3,6.5,6.0,218258.35
2006-12-07,6.19,6.03,6.34,6.0,170537.03
2006-12-08,5.84,5.65,5.94,5.5,171413.7
2006-12-11,5.625,6.085,6.1,5.605,125710.75
2006-12-12,6.09,6.045,6.25,5.855,112676.6
2006-12-13,6.05,6.22,6.275,5.85,124664.12
2006-12-14,6.245,6.515,6.74,6.13,194380.6
2006-12-15,6.52,6.54,6.73,6.45,131122.8
2006-12-18,6.59,6.735,6.85,6.5,168903.21
2006-12-19,6.75,6.515,6.795,6.405,143072.83
2006-12-20,6.42,6.445,6.515,6.29,89896.88
2006-12-21,6.44,6.39,6.74,6.34,141396.99
2006-12-22,6.325,6.175,6.4,6.1,86436.36
2006-12-25,6.15,6.275,6.5,6.15,79623.13
2006-12-26,6.275,6.195,6.4,6.15,78252.84
2006-12-27,6.19,6.53,6.55,6.1,116101.69
2006-12-28,6.475,6.31,6.545,6.25,80863.72
2006-12-29,6.44,6.94,6.94,6.435,346453.86
2007-01-04,7.14,6.845,7.24,6.8,274657.65
2007-01-05,6.7,6.64,6.84,6.53,122589.99
2007-01-08,6.635,7.305,7.305,6.59,178996.24
2007-01-09,7.29,7.37,7.695,7.2,163879.39
2007-01-10,7.345,7.655,7.775,7.29,127162.99
2007-01-11,7.655,7.45,7.895,7.4,131310.5
2007-01-12,7.45,7.075,7.59,7.06,109369.35
2007-01-15,7.035,7.625,7.635,7.025,103359.74
2007-01-16,7.695,7.87,7.885,7.55,149437.01
2007-01-17,7.79,7.085,7.825,7.085,341672.08
2007-01-18,6.65,6.765,6.84,6.375,233537.03
2007-01-19,6.865,7.18,7.185,6.665,226796.57
2007-01-22,7.4,7.79,7.8,7.205,282256.53
2007-01-23,7.74,8.14,8.325,7.54,223322.76
2007-01-24,8.14,8.455,8.72,8.1,173357.81
2007-01-25,8.375,8.765,9.105,8.0,198407.91
2007-01-26,8.45,8.87,9.015,8.3,145143.64
2007-01-29,8.9,8.99,9.1,8.65,99199.38
2007-01-30,8.9,8.5,8.905,8.485,108117.01
2007-01-31,8.255,8.105,8.4,7.79,138257.06
2007-02-01,7.995,8.03,8.2,7.725,59081.38
2007-02-02,7.95,7.6,8.085,7.545,60000.89
2007-02-05,7.52,7.495,7.59,7.3,59060.9
2007-02-06,7.545,7.98,7.99,7.35,64961.1
2007-02-07,8.015,8.065,8.205,7.98,54128.71
2007-02-08,8.065,8.175,8.25,7.855,47687.34
2007-02-09,8.175,8.24,8.325,8.0,44721.43
2007-02-12,8.295,8.7,8.79,8.25,68427.41
2007-02-13,8.75,8.75,8.895,8.605,43705.47
2007-02-14,8.75,8.775,8.84,8.66,37611.39
2007-02-15,8.825,9.095,9.13,8.8,78700.65
2007-02-16,9.14,8.825,9.175,8.7,76065.44
2007-02-26,8.79,8.565,8.79,8.25,67139.32
2007-02-27,8.49,7.72,8.9,7.71,108294.28
2007-02-28,7.7,8.12,8.13,7.7,53576.04
2007-03-01,8.125,7.76,8.19,7.625,56832.34
2007-03-02,7.8,7.925,8.0,7.655,47657.8
2007-03-05,7.88,8.125,8.23,7.7,69364.12
2007-03-06,8.0,8.045,8.09,7.85,30295.99
2007-03-07,8.08,8.295,8.33,8.0,52694.07
2007-03-08,8.305,8.655,8.675,8.15,82279.12
2007-03-09,8.675,8.365,8.74,8.35,44373.41
2007-03-12,8.395,8.2,8.4,8.09,34911.11
2007-03-13,8.2,8.235,8.355,8.16,41392.56
2007-03-14,8.14,8.035,8.14,7.905,37638.69
2007-03-15,8.055,8.28,8.43,8.055,60989.05
2007-03-16,8.35,7.94,8.405,7.925,63325.53
2007-03-19,7.6,8.0,8.09,7.55,64786.33
2007-03-20,8.1,8.38,8.41,7.915,118469.7
2007-03-21,8.395,9.22,9.22,8.34,216779.28
2007-03-22,9.475,9.295,9.93,9.25,276348.97
2007-03-23,9.335,9.685,9.84,9.23,137028.83
2007-03-26,9.45,9.605,9.65,9.205,115875.81
2007-03-27,9.57,9.95,10.125,9.35,103033.01
2007-03-28,9.89,9.66,9.945,9.25,80633.22
2007-03-29,9.66,9.435,9.745,9.295,49126.95
2007-03-30,9.425,9.945,9.975,9.28,96138.72
2007-04-02,9.92,10.085,10.235,9.875,90135.79
2007-04-03,10.125,10.745,10.91,10.125,127530.13
2007-04-04,10.69,10.69,10.745,10.43,56137.59
2007-04-05,10.635,10.92,11.1,10.49,51297.18
2007-04-06,10.665,11.74,11.85,10.665,94222.61
2007-04-09,11.55,11.73,12.24,11.55,93612.29
2007-04-10,11.785,12.12,12.245,11.735,106916.03
2007-04-11,12.2,11.685,12.25,11.54,129878.96
2007-04-12,11.705,12.15,12.225,11.55,97032.12
2007-04-13,12.14,11.905,12.4,11.79,79893.51
2007-04-16,11.805,12.15,12.19,11.805,80721.2
2007-04-17,12.505,13.365,13.365,12.43,173742.42
2007-04-18,13.715,13.6,14.25,13.345,116566.55
2007-04-19,13.4,12.525,13.4,12.25,131480.43
2007-04-20,12.625,13.22,13.38,12.625,80957.34
2007-04-23,13.5,13.505,13.79,13.3,76170.51
2007-04-24,13.15,13.04,13.39,12.9,94723.63
2007-04-25,12.95,12.7,12.95,12.05,146984.41
2007-04-26,12.59,12.805,13.14,12.49,81355.79
2007-04-27,12.75,12.545,12.835,12.41,58892.1
2007-04-30,12.565,13.23,13.425,12.565,112352.04
2007-05-08,13.525,14.47,14.53,13.3,146947.7
2007-05-09,14.5,13.96,14.55,13.3,114749.91
2007-05-10,13.9,13.925,14.25,13.465,66399.57
2007-05-11,13.675,13.475,13.745,13.325,62583.0
2007-05-14,13.0,13.29,13.8,12.5,76410.45
2007-05-15,13.305,12.765,13.5,12.75,74865.96
2007-05-16,12.8,13.12,13.15,12.5,59044.73
2007-05-17,13.05,13.425,13.575,13.05,78985.94
2007-05-18,13.375,13.14,13.505,13.1,56705.45
2007-05-21,12.765,13.5,13.68,12.695,99691.39
2007-05-22,13.505,13.94,14.42,13.505,128880.78
2007-05-23,14.0,14.575,14.84,13.65,146338.59
2007-05-24,14.65,14.77,15.5,14.375,192851.58
2007-05-25,14.575,15.125,15.25,14.5,120191.4
2007-05-28,15.45,15.345,15.775,15.065,110253.42
2007-05-29,15.25,15.865,15.925,15.125,106957.0
2007-05-30,14.735,14.28,15.75,14.28,140653.85
2007-05-31,14.125,14.485,14.885,12.9,139401.66
2007-06-01,14.5,13.35,14.695,13.165,131149.93
2007-06-04,13.35,12.015,13.65,12.015,69301.34
2007-06-05,11.6,12.27,12.325,10.815,122561.64
2007-06-06,12.7,13.495,13.495,12.55,95144.88
2007-06-07,14.11,14.075,14.59,13.8,186816.46
2007-06-08,14.055,14.135,14.58,13.75,104816.8
2007-06-11,14.215,14.65,14.95,14.215,124488.73
2007-06-12,14.955,14.69,15.15,14.0,117944.08
2007-06-13,14.86,14.985,15.245,14.69,114498.58
2007-06-14,14.85,14.45,14.925,14.35,67180.78
2007-06-15,14.325,14.505,14.65,14.155,56487.89
2007-06-18,14.595,15.045,15.165,14.505,99365.64
2007-06-19,14.765,15.04,15.24,14.505,83466.17
2007-06-20,14.975,14.24,15.075,14.075,95909.16
2007-06-21,14.0,14.12,14.4,13.99,59695.78
2007-06-22,14.1,13.76,14.68,13.44,75120.37
2007-06-25,13.645,12.71,13.9,12.56,61181.32
2007-06-26,12.405,13.215,13.395,12.405,51984.45
2007-06-27,13.26,13.385,13.495,13.155,45379.8
2007-06-28,13.36,12.705,13.56,12.515,62986.09
2007-07-02,12.165,12.015,12.475,11.6,52310.78
2007-07-03,12.255,12.175,12.405,11.79,42176.35
2007-07-04,12.2,12.075,12.35,11.93,36050.72
2007-07-05,11.855,11.12,11.855,11.05,55750.15
2007-07-06,11.13,11.58,11.635,10.84,63581.73
2007-07-09,11.8,11.94,12.07,11.55,55852.52
2007-07-10,11.9,11.685,12.105,11.68,39697.74
2007-07-11,11.73,11.915,12.095,11.565,33753.51
2007-07-12,12.0,11.96,12.27,11.84,30181.02
2007-07-13,11.99,11.96,12.095,11.8,19847.61
2007-07-16,11.96,11.35,11.995,11.35,24969.23
2007-07-17,11.35,12.0,12.35,11.125,95464.32
2007-07-18,11.84,12.4,12.75,11.5,119335.92
2007-07-19,12.3,12.23,12.595,12.15,52782.2
2007-07-20,12.39,13.235,13.29,12.35,122680.9
2007-07-23,13.3,13.61,14.065,13.3,136033.17
2007-07-24,13.61,13.605,14.05,13.4,100510.24
2007-07-25,13.605,13.925,14.0,13.41,66388.83
2007-07-26,13.96,14.757,15.113,13.78,95191.46
2007-07-27,14.532,14.577,14.807,14.286,60923.21
2007-07-30,14.456,14.567,15.027999999999999,14.436,80427.49
2007-07-31,14.456,14.151,14.522,13.97,79199.36
2007-08-01,14.171,13.675,14.537,13.655,77853.16
2007-08-02,13.93,14.300999999999998,14.356,13.605,79112.7
2007-08-03,14.440999999999999,15.228,15.404000000000002,14.380999999999998,181764.76
2007-08-06,15.333,14.927,15.524000000000001,14.637,91045.39
2007-08-07,14.937999999999999,15.429,15.97,14.782,136338.61
2007-08-08,15.073,14.817,15.283,14.532,70962.4
2007-08-09,14.832,15.003,15.083,14.482000000000001,98655.5
2007-08-10,14.932,14.345999999999998,14.932,14.036,69619.66
2007-08-13,14.225999999999999,13.69,14.225999999999999,13.529000000000002,84682.35
2007-08-14,13.755,14.020999999999999,14.091,13.65,51554.79
2007-08-15,14.020999999999999,13.89,14.151,13.705,47380.89
2007-08-16,13.73,13.449000000000002,13.73,13.319,70109.25
2007-08-17,13.479000000000001,13.454,13.68,13.429,48294.52
2007-08-20,13.775,14.030999999999999,14.081,13.615,53859.63
2007-08-21,14.056,13.91,14.175999999999998,13.805,49388.51
2007-08-22,13.625,14.341,14.356,13.58,89325.69
2007-08-23,14.431,14.425999999999998,14.782,14.130999999999998,69262.21
2007-08-24,14.512,14.440999999999999,14.922,14.220999999999998,73587.54
2007-08-27,14.732000000000001,15.679,15.784,14.732000000000001,197972.34
2007-08-28,15.534,15.333,15.824000000000002,14.937999999999999,107439.71
2007-08-29,15.183,16.526,16.867,15.048,204440.36
2007-08-30,16.391,16.566,17.438,16.381,169101.34
2007-08-31,16.636,16.175,16.636,15.975,79316.37
2007-09-03,16.195,16.16,16.526,15.875,74896.18
2007-09-05,16.225,15.804,16.225,15.449000000000002,69226.62
2007-09-06,15.925,15.694,15.935,15.584000000000001,59771.28
2007-09-07,15.534,15.168,15.734000000000002,15.133,53263.87
2007-09-10,14.982999999999999,15.464,15.584000000000001,14.882,49731.88
2007-09-11,15.434000000000001,14.742,15.634,14.280999999999999,69318.1
2007-09-12,14.532,15.013,15.083,14.286,48177.12
2007-09-13,15.038,15.118,15.484000000000002,14.837,46026.44
2007-09-17,15.038,15.107999999999999,15.263,14.832,44028.7
2007-09-18,15.232999999999999,14.742,15.283,14.532,44489.46
2007-09-19,15.133,15.529000000000002,16.185,14.982999999999999,90338.12
2007-09-20,15.709000000000001,15.654000000000002,15.97,15.232999999999999,50403.93
2007-09-21,15.534,15.343,15.965,15.173,40209.5
2007-09-24,15.333,15.539000000000001,15.634,14.557,55876.86
2007-09-25,15.534,15.187999999999999,15.789000000000001,14.932,33425.78
2007-09-26,15.033,14.537,15.133,14.255999999999998,46024.52
2007-09-27,14.431,14.036,14.627,13.97,51662.91
2007-09-28,14.106,14.341,14.682,14.106,62992.69
2007-10-08,14.532,14.807,15.033,14.261,72961.24
2007-10-09,14.782,14.567,14.953,14.470999999999998,44380.49
2007-10-10,14.532,14.206,14.732000000000001,14.181,66364.53
2007-10-11,14.235999999999999,13.975,14.456,13.965,56946.31
2007-10-12,14.081,13.354000000000001,14.081,12.927999999999999,90169.43
2007-10-15,13.379000000000001,13.229000000000001,13.519,12.777999999999999,47313.26
2007-10-16,13.419,13.63,13.765,13.229000000000001,44449.61
2007-10-17,13.675,13.179,13.72,13.139000000000001,38518.61
2007-10-18,13.164000000000001,12.968,13.329,12.927999999999999,33820.06
2007-10-19,13.154000000000002,12.677999999999999,13.254000000000001,12.467,41442.03
2007-10-22,12.753,12.617,13.179,12.452,27352.14
2007-10-23,12.703,12.873,13.023,12.527000000000001,21576.5
2007-10-24,12.868,12.622,13.159,12.602,29998.15
2007-10-25,12.722999999999999,11.815999999999999,12.753,11.685,43377.44
2007-10-26,11.776,12.040999999999999,12.267000000000001,11.675,24563.43
2007-10-29,12.095999999999998,12.207,12.512,12.040999999999999,18239.34
2007-10-30,12.232000000000001,12.437000000000001,12.617,12.227,19399.36
2007-10-31,12.522,13.209000000000001,13.254000000000001,12.522,58490.53
2007-11-01,13.224,13.109000000000002,13.529000000000002,12.808,64137.19
2007-11-02,12.753,12.828,13.454,12.477,30721.69
2007-11-05,12.953,12.577,13.027999999999999,12.552,20202.4
2007-11-06,12.577,12.367,12.788,12.287,15469.61
2007-11-07,12.527000000000001,12.472000000000001,12.642999999999999,12.187000000000001,12173.36
2007-11-08,12.527000000000001,11.800999999999998,12.537,11.776,18678.89
2007-11-09,11.780999999999999,11.761,11.975999999999999,11.675,15858.58
2007-11-12,11.475,11.53,11.925999999999998,11.029000000000002,17911.85
2007-11-13,11.751,11.64,12.075999999999999,11.55,18674.72
2007-11-14,11.751,11.895999999999999,11.950999999999999,11.485,14278.09
2007-11-15,11.925999999999998,11.67,12.020999999999999,11.63,14575.35
2007-11-16,11.625,11.4,11.625,11.169,19102.93
2007-11-19,11.4,11.720999999999998,12.001,11.4,12263.8
2007-11-20,11.800999999999998,12.126,12.302,11.6,27938.59
2007-11-21,12.307,12.015999999999998,12.517000000000001,12.005999999999998,17564.42
2007-11-22,11.901,11.59,12.116,11.525,12868.68
2007-11-23,11.465,11.61,11.850999999999999,11.335,17702.68
2007-11-26,11.925999999999998,11.595,12.095999999999998,11.58,16026.17
2007-11-27,11.525,11.57,11.776,11.465,8749.63
2007-11-28,11.585,11.295,11.716,11.214,14687.86
2007-11-29,11.415,11.565,11.615,11.214,16920.04
2007-11-30,11.575,11.71,11.776,11.525,14826.89
2007-12-03,11.725999999999999,12.020999999999999,12.091,11.54,25336.91
2007-12-04,12.026,12.020999999999999,12.126,11.880999999999998,23592.28
2007-12-05,12.026,12.192,12.237,11.866,31241.52
2007-12-06,12.297,12.165999999999999,12.377,12.081,20165.92
2007-12-07,12.165999999999999,12.095999999999998,12.192,11.925999999999998,20451.22
2007-12-10,11.925999999999998,12.217,12.277000000000001,11.800999999999998,33137.9
2007-12-11,12.202,12.422,12.708,12.026,56062.17
2007-12-12,12.322000000000001,12.061,12.417,11.936,36615.25
2007-12-13,12.020999999999999,11.59,12.165999999999999,11.525,23505.7
2007-12-14,11.435,11.71,11.745999999999999,11.375,18699.45
2007-12-17,11.7,11.174000000000001,11.806,11.109000000000002,34506.77
2007-12-18,11.124,11.174000000000001,11.275,11.004000000000001,19754.91
2007-12-19,11.3,11.735999999999999,11.751,11.189,25890.44
2007-12-20,11.776,11.831,11.915999999999999,11.475,40680.41
2007-12-21,11.6,11.866,11.876,11.51,46948.12
2007-12-24,11.921,11.960999999999999,12.020999999999999,11.770999999999999,40479.44
2007-12-25,11.975999999999999,11.985999999999999,12.126,11.901,24075.49
2007-12-26,12.011,12.020999999999999,12.120999999999999,11.825999999999999,30231.34
2007-12-27,12.030999999999999,12.392000000000001,12.527000000000001,11.936,62761.13
2007-12-28,12.392000000000001,12.287,12.447000000000001,12.232000000000001,37636.36
2008-01-02,12.337,12.833,12.892999999999999,12.165999999999999,53576.4
2008-01-03,12.818,12.838,13.003,12.532,47658.21
2008-01-04,12.838,13.088,13.144,12.677999999999999,54483.82
2008-01-07,13.104000000000001,13.114,13.319,12.968,48734.23
2008-01-08,13.027999999999999,12.658,13.114,12.552,66388.13
2008-01-09,12.607000000000001,12.948,13.008,12.557,28193.42
2008-01-10,12.953,13.214,13.304,12.948,44631.6
2008-01-11,13.304,12.978,13.329,12.902999999999999,29698.73
2008-01-14,13.027999999999999,13.489,13.504000000000001,12.918,96707.56
2008-01-15,13.58,13.56,13.875,13.479000000000001,82388.2
2008-01-16,13.404000000000002,12.777999999999999,13.409,12.777999999999999,49640.73
2008-01-17,12.728,12.207,12.892999999999999,11.776,46304.92
2008-01-18,12.212,12.302,12.357000000000001,11.995999999999999,20333.72
2008-01-21,12.327,11.52,12.352,11.325,35088.53
2008-01-22,11.209000000000001,10.373,11.209000000000001,10.368,45680.66
2008-01-23,10.373,10.722999999999999,10.924000000000001,10.373,22959.55
2008-01-24,10.814,10.777999999999999,10.884,10.523,24970.88
2008-01-25,10.773,11.505,11.65,10.523,47086.41
2008-01-28,11.305,10.523,11.325,10.517999999999999,22530.58
2008-01-29,10.548,10.722999999999999,11.014000000000001,10.548,14622.43
2008-01-30,10.773,10.777999999999999,11.119000000000002,10.527999999999999,13939.21
2008-01-31,10.869000000000002,10.732999999999999,11.089,10.728,12443.58
2008-02-01,10.824000000000002,10.478,11.019,10.222000000000001,16071.56
2008-02-04,10.794,11.239,11.3,10.683,17579.83
2008-02-05,11.094000000000001,11.089,11.295,10.974,13401.95
2008-02-13,11.074000000000002,10.819,11.074000000000002,10.538,9837.01
2008-02-14,10.874,10.894,11.064,10.824000000000002,10701.12
2008-02-15,10.732999999999999,10.834000000000001,10.874,10.648,9950.0
2008-02-18,11.124,11.034,11.124,10.874,13361.79
2008-02-19,11.024000000000001,11.305,11.365,11.024000000000001,20572.01
2008-02-20,11.325,11.43,11.675,11.3,41939.91
2008-02-21,11.455,11.776,11.806,11.179,40175.72
2008-02-22,11.780999999999999,12.918,12.953,11.705,150881.21
2008-02-25,12.777999999999999,12.873,13.469000000000001,12.467,172577.54
2008-02-26,13.284,12.898,13.354000000000001,12.452,89000.99
2008-02-27,12.927999999999999,13.078,13.279000000000002,12.728,52611.3
2008-02-28,13.068,13.524000000000001,14.036,13.017999999999999,159731.92
2008-02-29,13.529000000000002,13.685,13.805,13.239,70488.37
2008-03-03,13.529000000000002,13.79,13.955,13.464,84006.52
2008-03-04,14.030999999999999,13.499,14.370999999999999,13.429,99490.13
2008-03-05,13.369000000000002,13.399000000000001,13.73,12.777999999999999,67498.07
2008-03-06,13.369000000000002,13.78,14.030999999999999,13.219000000000001,90065.45
2008-03-07,14.005,14.01,14.356,13.695,95144.25
2008-03-10,14.100999999999999,13.474,14.231,13.354000000000001,62127.28
2008-03-11,13.279000000000002,13.785,13.98,12.818,59739.43
2008-03-12,14.056,12.948,14.171,12.927999999999999,53548.76
2008-03-13,12.853,12.668,12.853,12.075999999999999,57583.73
2008-03-14,12.427,12.412,12.607000000000001,12.217,23711.31
2008-03-17,12.927999999999999,12.547,13.655,12.517000000000001,149049.5
2008-03-18,12.120999999999999,11.36,12.527000000000001,11.295,76964.48
2008-03-19,11.6,11.71,11.966,11.029000000000002,68841.93
2008-03-20,11.515,12.687999999999999,12.883,11.174000000000001,144597.84
2008-03-21,12.652999999999999,12.812999999999999,13.264000000000001,12.512,80144.8
2008-03-24,12.878,12.402000000000001,13.379000000000001,12.327,59434.96
2008-03-25,12.227,13.645,13.645,12.040999999999999,153045.89
2008-03-26,13.84,13.715,14.165999999999999,13.379000000000001,144068.45
2008-03-27,13.329,13.524000000000001,14.181,12.933,120935.6
2008-03-28,13.279000000000002,14.411,14.527000000000001,13.144,164384.27
2008-03-31,13.905,13.003,14.380999999999998,12.978,106811.81
2008-04-01,12.968,12.001,13.204,11.705,97592.01
2008-04-02,12.100999999999999,11.835999999999999,12.352,11.189,58923.09
2008-04-03,11.776,12.130999999999998,12.177,11.325,42650.8
2008-04-07,11.966,12.833,12.953,11.790999999999999,57502.15
2008-04-08,12.738,13.119000000000002,13.279000000000002,12.377,63056.6
2008-04-09,12.927999999999999,12.140999999999998,13.229000000000001,12.036,49683.02
2008-04-10,11.445,11.184000000000001,11.876,10.929,137201.49
2008-04-11,11.3,11.49,11.56,10.934000000000001,72168.83
2008-04-14,11.114,10.343,11.154000000000002,10.343,80015.49
2008-04-15,10.107000000000001,9.631,10.172,9.31,119899.87
2008-04-16,9.646,9.075,9.646,9.03,45318.29
2008-04-17,9.045,8.943999999999997,9.405,8.719,36267.97
2008-04-18,8.769,8.203,8.908999999999997,8.168,38590.37
2008-04-21,8.904,7.617000000000001,8.904,7.466,55994.67
2008-04-22,7.506,8.163,8.318,7.08,48334.83
2008-04-23,8.017000000000001,8.373,8.468,7.872000000000001,40562.14
2008-04-24,9.17,9.2,9.21,8.769,155769.91
2008-04-25,9.145,9.0,9.616,8.859,92542.92
2008-04-28,8.709,8.437999999999999,8.97,8.363,61850.24
2008-04-29,8.392999999999999,8.559,8.744,8.368,28253.35
2008-04-30,8.658999999999999,8.914,8.955,8.524,51912.1
2008-05-05,9.075,9.325,9.355,8.818999999999997,55627.96
2008-05-06,9.315,9.06,9.315,9.015,43220.48
2008-05-07,8.794,8.453,9.26,8.443,37755.08
2008-05-08,8.437999999999999,9.3,9.3,8.392999999999999,82685.75
2008-05-09,9.596,9.501,10.152000000000001,9.451,140802.05
2008-05-12,9.32,9.115,9.34,8.594,71586.2
2008-05-13,8.794,9.295,9.561,8.644,70998.27
2008-05-14,9.07,9.426,9.521,9.07,51938.05
2008-05-15,9.526,9.33,9.706,9.325,44674.45
2008-05-19,9.31,9.125,9.31,8.943999999999997,28115.22
2008-05-20,9.115,8.472999999999999,9.295,8.368,32169.71
2008-05-21,8.463,8.488,8.604,8.218,30771.48
2008-05-22,8.494,8.482999999999999,8.764,8.427999999999999,20493.87
2008-05-23,8.478,8.368,8.599,8.258,15477.56
2008-05-26,8.373,8.298,8.574,8.168,19058.64
2008-05-27,8.437999999999999,8.437999999999999,8.494,8.277999999999999,13334.84
2008-05-28,8.494,8.664,8.714,8.408,21545.3
2008-05-29,8.669,8.277999999999999,8.738999999999999,8.253,20317.84
2008-05-30,8.333,8.298,8.519,8.163,14451.15
2008-06-02,8.318,8.312999999999999,8.368,8.163,14164.38
2008-06-03,8.228,8.243,8.343,8.158,10674.54
2008-06-04,8.383,8.549,8.769,8.383,39894.28
2008-06-05,8.499,8.443,8.544,8.318,16725.88
2008-06-06,8.423,8.283,8.519,8.173,13391.33
2008-06-10,7.9170000000000025,7.456,7.9570000000000025,7.456,20562.4
2008-06-11,7.3660000000000005,6.935,7.3660000000000005,6.89,22392.66
2008-06-12,7.015,7.025,7.136,6.755,20065.9
2008-06-13,6.995,6.604,7.146,6.564,12579.04
2008-06-16,6.68,6.8,7.04,6.513999999999999,32936.85
2008-06-17,6.85,6.955,7.346,6.795,60863.12
2008-06-18,6.86,7.055,7.2410000000000005,6.369,62889.87
2008-06-19,6.935,6.349,6.935,6.349,38797.56
2008-06-20,6.4639999999999995,6.364,6.69,5.9479999999999995,37921.93
2008-06-23,6.117999999999999,5.962999999999999,6.263999999999999,5.8629999999999995,21454.03
2008-06-24,5.992999999999999,6.162999999999999,6.269,5.952999999999999,19751.79
2008-06-25,6.2139999999999995,6.499,6.519,6.204,29251.22
2008-06-26,6.468999999999999,6.75,7.105,6.4639999999999995,50641.5
2008-06-27,6.414,6.199,6.5089999999999995,6.103,34471.4
2008-06-30,6.82,6.82,6.82,6.82,22601.42
2008-07-01,6.915,6.553999999999999,7.015,6.504,75230.17
2008-07-02,6.414,6.87,7.085,6.274,74703.26
2008-07-03,6.6229999999999976,6.9460000000000015,7.183,6.528,62145.23
2008-07-04,6.9060000000000015,7.223,7.405,6.81,81608.02
2008-07-07,7.46,7.944,7.944,7.46,85949.52
2008-07-08,8.02,8.08,8.297,7.813,120230.54
2008-07-09,8.08,8.176,8.453,7.914,82066.93
2008-07-10,8.065,8.0,8.609,7.979,79891.61
2008-07-11,8.166,8.71,8.791,7.963999999999999,122313.38
2008-07-14,8.524,8.766,8.998,8.418,104164.09
2008-07-15,8.62,8.226,8.872,8.216000000000001,67800.65
2008-07-16,8.065,7.5310000000000015,8.216000000000001,7.46,55520.09
2008-07-17,7.46,7.647,8.06,7.46,37584.94
2008-07-18,7.687,8.025,8.09,7.46,42918.63
2008-07-21,8.05,8.826,8.826,7.813,80031.0
2008-07-22,8.972000000000003,8.751,9.476,8.705,198995.07
2008-07-23,8.63,9.038,9.174,8.468,150087.26
2008-07-24,8.972000000000003,9.27,9.718,8.877,161050.17
2008-07-25,9.013,8.927,9.325,8.912,76935.83
2008-07-28,9.017999999999999,9.129,9.169,8.821,59003.55
2008-07-29,8.942,8.846,9.119,8.821,51674.32
2008-07-30,8.972000000000003,8.574,9.048,8.378,50639.2
2008-07-31,8.568999999999999,8.67,8.872,8.327,57090.19
2008-08-01,8.524,8.751,8.887,8.408,50588.89
2008-08-04,8.574,8.482999999999999,8.861,8.468,33790.95
2008-08-05,8.494,7.894,8.609,7.808,40216.93
2008-08-06,8.03,7.837999999999999,8.141,7.662000000000001,27095.89
2008-08-07,7.923999999999999,8.105,8.201,7.8679999999999986,32219.46
2008-08-08,8.105,7.415,8.201,7.314,37317.68
2008-08-11,7.258999999999999,6.961,7.551,6.9060000000000015,48797.83
2008-08-12,6.9460000000000015,7.017,7.1579999999999995,6.83,24584.23
2008-08-13,7.0420000000000025,7.097,7.2079999999999975,6.678999999999999,37690.36
2008-08-14,7.1270000000000024,7.526,7.556,7.057,41795.02
2008-08-15,7.41,7.349,7.6110000000000015,7.233,26033.96
2008-08-18,7.435,7.027,7.6110000000000015,6.971,42151.18
2008-08-19,6.855,7.3039999999999985,7.338999999999999,6.805,28144.35
2008-08-20,7.284,8.035,8.035,7.183,78336.4
2008-08-21,7.914,8.181000000000001,8.564,7.7929999999999975,90962.22
2008-08-22,8.055,8.181000000000001,8.494,7.974,64835.0
2008-08-25,8.166,8.065,8.367,7.963999999999999,40529.99
2008-08-26,7.904,7.596,8.216000000000001,7.359,54939.34
2008-08-27,7.526,7.606,7.8889999999999985,7.41,35653.31
2008-08-28,7.601,7.47,7.7120000000000015,7.46,21181.58
2008-08-29,7.551,7.862999999999999,8.02,7.485,46432.18
2008-09-01,7.853,7.7070000000000025,7.954,7.5760000000000005,27720.86
2008-09-02,7.7170000000000005,7.47,7.727,7.46,25796.84
2008-09-03,7.46,7.162999999999999,7.5360000000000005,6.9060000000000015,40781.98
2008-09-04,7.172999999999999,7.212999999999999,7.298999999999999,7.1579999999999995,13820.94
2008-09-05,6.9060000000000015,7.0070000000000014,7.284,6.805,18769.47
2008-09-08,7.072,6.87,7.1579999999999995,6.805,34412.92
2008-09-09,6.956,7.212999999999999,7.298999999999999,6.9060000000000015,28780.58
2008-09-10,7.117000000000001,7.47,7.621,7.072,39859.22
2008-09-11,7.485,7.269,7.49,7.2479999999999976,24461.28
2008-09-12,7.294,7.359,7.511,7.2079999999999975,17235.47
2008-09-16,7.415,6.926,7.44,6.855,33324.52
2008-09-17,6.956,6.775,7.057,6.754,24665.25
2008-09-18,6.547999999999999,6.311,6.6129999999999995,6.099,45368.36
2008-09-19,6.931,6.941,6.941,6.83,27581.01
2008-09-22,7.6270000000000024,7.289,7.6270000000000024,7.0070000000000014,75535.99
2008-09-23,7.0070000000000014,6.9110000000000005,7.0520000000000005,6.6339999999999995,39379.26
2008-09-24,6.805,7.183,7.183,6.669,29424.27
2008-09-25,7.178,7.202999999999999,7.501,7.062,55140.3
2008-09-26,7.254,7.354,7.48,7.077000000000001,54384.9
2008-10-06,7.057,6.9860000000000015,7.1579999999999995,6.896,28522.05
2008-10-07,6.795,7.0520000000000005,7.284,6.6739999999999995,27735.44
2008-10-08,6.805,6.78,7.132999999999999,6.678999999999999,43778.64
2008-10-09,7.0470000000000015,6.678999999999999,7.057,6.669,21263.0
2008-10-10,6.492000000000001,6.311,6.5020000000000024,6.225,25852.29
2008-10-13,6.21,6.608,6.627999999999999,6.155,26936.2
2008-10-14,6.81,6.5829999999999975,6.941,6.553,31583.99
2008-10-15,6.553,6.6229999999999976,6.805,6.5020000000000024,14957.43
2008-10-16,6.412000000000001,6.452000000000001,6.718999999999999,6.351,19016.86
2008-10-17,6.577999999999999,6.5329999999999995,6.644,6.4270000000000005,9588.36
2008-10-20,6.553,6.785,6.795,6.553,17055.11
2008-10-21,6.845,6.5729999999999995,6.85,6.5429999999999975,15218.87
2008-10-22,6.492000000000001,6.4220000000000015,6.6229999999999976,6.4170000000000025,11925.74
2008-10-23,6.5020000000000024,6.6229999999999976,6.734,6.4170000000000025,21724.26
2008-10-24,6.6229999999999976,6.371,6.627999999999999,6.341,17855.98
2008-10-27,6.099,5.7360000000000015,6.145,5.7360000000000015,27294.8
2008-10-28,5.55,5.767,5.847,5.394,19748.18
2008-10-29,5.852,5.268,5.852,5.2570000000000014,17327.28
2008-10-30,5.444,5.3629999999999995,5.513999999999999,5.2170000000000005,19688.13
2008-10-31,5.3629999999999995,5.484,5.6960000000000015,5.292999999999998,24760.22
2008-11-03,5.419,5.449,5.57,5.399,8802.4
2008-11-04,5.434,5.2170000000000005,5.504,5.1160000000000005,13552.6
2008-11-05,5.318,5.565,5.605,5.242000000000001,22482.84
2008-11-06,5.367999999999999,5.419,5.52,5.343,8504.77
2008-11-07,5.247000000000001,5.489,5.56,5.2170000000000005,18754.64
2008-11-10,5.646,5.898,5.9979999999999976,5.555,29583.31
2008-11-11,5.898,5.922999999999999,6.175,5.822,26836.69
2008-11-12,5.872000000000001,6.195,6.2,5.847,22212.87
2008-11-13,6.099,6.3660000000000005,6.513,6.044,31770.22
2008-11-14,6.4270000000000005,6.976,7.001,6.356,73341.03
2008-11-17,6.9460000000000015,7.495,7.506,6.845,99830.64
2008-11-18,7.4,6.744,7.4,6.744,78427.24
2008-11-19,6.754,7.42,7.42,6.729,99227.04
2008-11-20,8.06,8.161,8.161,7.959,55752.94
2008-11-21,8.494,8.554,8.821,8.247,265280.27
2008-11-24,8.065,7.697,8.519,7.697,114615.67
2008-11-25,7.813,7.338999999999999,7.909,7.037000000000001,115030.16
2008-11-26,7.2079999999999975,7.39,7.561,7.0920000000000005,66953.53
2008-11-27,8.11,7.39,8.131,7.364,109979.62
2008-11-28,7.349,7.581,7.657,6.87,79329.51
2008-12-01,7.334,7.822999999999999,8.09,7.284,103270.66
2008-12-02,7.511,7.566,7.858,7.415,78664.79
2008-12-03,7.591,7.757999999999999,7.7929999999999975,7.591,56782.6
2008-12-04,7.963999999999999,7.899,8.231,7.813,101229.11
2008-12-05,7.899,8.085,8.267000000000001,7.843,58124.0
2008-12-08,8.141,8.146,8.332,8.01,99440.45
2008-12-09,8.196,8.216000000000001,8.568999999999999,8.0,124703.95
2008-12-10,8.115,8.437999999999999,8.443,8.01,109885.87
2008-12-11,8.392999999999999,8.468,8.756,8.161,123811.15
2008-12-12,8.413,7.778,8.413,7.6720000000000015,105158.14
2008-12-15,7.858,7.797999999999999,8.065,7.561,76220.25
2008-12-16,7.732,7.837999999999999,7.939,7.435,58142.35
2008-12-17,7.939,7.8329999999999975,7.994,7.803,72540.67
2008-12-18,7.963999999999999,7.923999999999999,8.005,7.808,46349.84
2008-12-19,7.944,7.909,8.1,7.894,43704.33
2008-12-22,7.939,7.652,8.0,7.551,49164.44
2008-12-23,7.687,7.2079999999999975,7.757999999999999,7.1979999999999995,37943.03
2008-12-24,7.112,7.193,7.369,7.0820000000000025,37598.0
2008-12-25,7.258999999999999,7.057,7.329,6.961,25030.53
2008-12-26,7.097,7.0120000000000005,7.112,7.0070000000000014,16766.61
2008-12-29,7.0520000000000005,7.0470000000000015,7.0870000000000015,6.87,21839.42
2008-12-30,7.0470000000000015,6.865,7.0870000000000015,6.845,21275.78
2008-12-31,6.901,6.694,6.941,6.678999999999999,17572.88
2009-01-05,6.855,7.102,7.132999999999999,6.729,47570.96
2009-01-06,7.107,7.606,7.7120000000000015,7.107,74995.03
2009-01-07,7.6110000000000015,7.687,7.803,7.46,62347.49
2009-01-08,8.005,7.979,8.458,7.919,227197.15
2009-01-09,7.837999999999999,8.613999999999999,8.771,7.652,212921.2
2009-01-12,8.402999999999999,8.529,9.068,8.272,302001.07
2009-01-13,8.292,8.1,8.539,8.02,135215.22
2009-01-14,8.121,8.398,8.494,8.005,108472.69
2009-01-15,8.241,8.378,8.917,8.115,143881.52
2009-01-16,8.322000000000001,8.211,8.453,8.146,92457.27
2009-01-19,8.317,8.352,8.463,8.216000000000001,61254.99
2009-01-20,8.373,8.367,8.544,8.282,41149.26
2009-01-21,8.257,8.115,8.312000000000001,8.105,51438.92
2009-01-22,8.191,8.04,8.216000000000001,7.904,52780.89
2009-01-23,8.06,8.05,8.186,8.025,37947.17
2009-02-02,8.065,8.856,8.856,8.065,171744.96
2009-02-03,8.887,9.265,9.738999999999999,8.771,182785.97
2009-02-04,9.27,9.391,9.512,9.149,100620.47
2009-02-05,9.36,9.179,9.376,9.023,80035.75
2009-02-06,9.275,9.406,9.512,9.224,90077.15
2009-02-09,10.347999999999999,10.347999999999999,10.347999999999999,9.895,236585.23
2009-02-10,10.485,11.094000000000001,11.382,10.347999999999999,284174.96
2009-02-11,10.686,10.54,10.878,10.323,176469.61
2009-02-12,10.374,10.832,10.888,10.374,116809.8
2009-02-13,10.827,10.883,10.968,10.525,104423.22
2009-02-16,10.902999999999999,10.720999999999998,10.958,10.485,113825.38
2009-02-17,10.686,10.710999999999999,11.335999999999999,10.076,163010.39
2009-02-18,10.333,10.147,10.686,10.081,77596.07
2009-02-19,10.232999999999999,10.328,10.434000000000001,10.147,51973.14
2009-02-20,10.323,10.505,10.575,10.157,61770.29
2009-02-23,10.515,10.923,11.089,10.343,100959.98
2009-02-24,10.812000000000001,10.863,11.457,10.686,147417.3
2009-02-25,10.933,10.495,11.024000000000001,10.107000000000001,96276.5
2009-02-26,10.424000000000001,9.552,10.585,9.451,62613.61
2009-02-27,9.305,9.421,9.567,8.922,57880.28
2009-03-02,9.381,9.597000000000001,9.728,9.285,46109.08
2009-03-03,9.33,9.542,9.687999999999999,9.275,29983.97
2009-03-04,9.527000000000001,10.127,10.167,9.527000000000001,65927.8
2009-03-05,10.167,10.182,10.555,10.031,69380.12
2009-03-06,10.031,9.991,10.197000000000001,9.945,36480.49
2009-03-09,10.031,9.769,10.333,9.602,32212.56
2009-03-10,9.602,9.945,9.98,9.577,26474.05
2009-03-11,10.132,9.749,10.182,9.703,35189.04
2009-03-12,9.769,9.613,9.769,9.34,38640.69
2009-03-13,9.652999999999999,9.401,9.734,9.35,37119.4
2009-03-16,9.426,9.875,10.046,9.255,48343.55
2009-03-17,9.804,10.273,10.48,9.738999999999999,90132.64
2009-03-18,10.374,10.187000000000001,10.459000000000001,10.182,58457.62
2009-03-19,10.222000000000001,11.205,11.205,10.222000000000001,90958.84
2009-03-20,11.694,11.315999999999999,11.77,10.979000000000001,175868.13
2009-03-23,11.265999999999998,11.614,11.745,11.039000000000001,128552.41
2009-03-24,11.77,12.329,12.597000000000001,11.77,215004.25
2009-03-25,12.254000000000001,12.123,12.965,11.997,196862.65
2009-03-26,12.687000000000001,12.405,12.793,12.198,221900.5
2009-03-27,12.425,12.39,12.753,12.187999999999999,160691.47
2009-03-30,12.39,12.34,12.540999999999999,12.187999999999999,90141.61
2009-03-31,11.997,12.98,13.474,11.835,213486.05
2009-04-01,13.05,12.909,13.232000000000001,12.828,102026.05
2009-04-02,12.954,13.05,13.206,12.808,132622.19
2009-04-03,13.06,12.728,13.145999999999999,12.667,81593.63
2009-04-07,12.748,12.511,12.828,12.329,90740.82
2009-04-08,12.45,11.987,12.550999999999998,11.931,83969.57
2009-04-09,12.037,12.183,12.193,11.835,71469.86
2009-04-10,12.309000000000001,12.561,12.602,12.103,69809.7
2009-04-13,12.607000000000001,12.728,12.929,12.501,113026.6
2009-04-14,12.585999999999999,12.677,12.884,12.43,84529.22
2009-04-15,12.540999999999999,12.546,12.667,12.334000000000001,73423.63
2009-04-16,12.550999999999998,12.677,12.823,12.41,84417.58
2009-04-17,12.707,12.632,13.095999999999998,12.561,86294.24
2009-04-20,12.475999999999999,12.753,12.854000000000001,12.45,67901.02
2009-04-21,12.495999999999999,12.365,12.818,12.244000000000002,81967.68
2009-04-22,12.425,12.36,13.106,12.254000000000001,130860.5
2009-04-23,12.324000000000002,12.183,12.329,11.79,73943.98
2009-04-24,12.208,11.960999999999999,12.274000000000001,11.890999999999998,45393.97
2009-04-27,11.895999999999999,11.880999999999998,12.062000000000001,11.704,47398.19
2009-04-28,11.77,12.249,12.254000000000001,11.77,61525.89
2009-04-29,12.501,12.884,12.899000000000001,12.495999999999999,124341.42
2009-04-30,12.914000000000001,12.894,13.282,12.662,142421.24
2009-05-04,12.904000000000002,13.186,13.402999999999999,12.697000000000001,140120.62
2009-05-05,13.186,13.277000000000001,13.302,12.995,104253.24
2009-05-06,13.297,13.338,13.780999999999999,13.106,130719.87
2009-05-07,13.66,13.126,13.790999999999999,13.02,151295.23
2009-05-08,13.106,13.165999999999999,13.373,12.692,108533.54
2009-05-11,13.237,12.546,13.252,12.526,79536.81
2009-05-12,12.37,12.904000000000002,12.924000000000001,12.355,59962.51
2009-05-13,12.854000000000001,12.753,12.879000000000001,12.677,56987.69
2009-05-14,12.702,12.98,13.0,12.612,82840.34
2009-05-18,12.995,12.697000000000001,12.995,12.501,62354.13
2009-05-19,12.767999999999999,12.713,12.98,12.602,51643.89
2009-05-20,12.743,12.520999999999999,12.802999999999999,12.505999999999998,63870.12
2009-05-21,12.526,12.355,12.652000000000001,12.324000000000002,53771.85
2009-05-22,12.309000000000001,12.46,12.585999999999999,12.254000000000001,29133.11
2009-05-25,12.047,12.304,12.345,11.936,60210.93
2009-05-26,12.324000000000002,12.087,12.4,12.062000000000001,42000.93
2009-05-27,12.128,12.152999999999999,12.244000000000002,11.992,49582.32
2009-06-01,12.289000000000001,12.602,12.672,12.289000000000001,91696.4
2009-06-02,12.702,12.41,12.728,12.39,81194.3
2009-06-03,12.405,12.550999999999998,12.702,12.355,84756.85
2009-06-04,12.550999999999998,12.168,12.550999999999998,12.017000000000001,128488.53
2009-06-05,12.198,12.077,12.274000000000001,12.047,56879.79
2009-06-08,12.037,12.113,12.41,11.997,58978.55
2009-06-09,12.123,11.890999999999998,12.177999999999999,11.79,79167.55
2009-06-10,12.022,11.997,12.022,11.84,69047.59
2009-06-11,11.997,12.249,12.36,11.866,126617.35
2009-06-12,12.198,12.052,12.309000000000001,11.845999999999998,62130.79
2009-06-15,11.960999999999999,12.093,12.148,11.960999999999999,31948.23
2009-06-16,12.057,12.198,12.274000000000001,11.982000000000001,56955.04
2009-06-17,12.208,13.03,13.222000000000001,12.158,213878.9
2009-06-18,12.899000000000001,13.045,13.155999999999999,12.707,182708.24
2009-06-19,13.05,13.02,13.186,12.828,99384.82
2009-06-22,13.055,12.657,13.155999999999999,12.536,97184.21
2009-06-23,12.475999999999999,12.455,12.652000000000001,12.405,63394.49
2009-06-24,12.455,12.632,12.753,12.35,58732.59
2009-06-25,12.692,12.642000000000001,12.889000000000001,12.617,57561.79
2009-06-26,12.642000000000001,12.763,12.929,12.46,72159.18
2009-06-29,12.753,13.126,13.327,12.662,141615.72
2009-06-30,13.155999999999999,12.879000000000001,13.378,12.828,107184.63
2009-07-01,12.965,13.665,13.852,12.854000000000001,218027.47
2009-07-02,13.690999999999999,13.681,13.792,13.468,109013.06
2009-07-03,13.59,13.787,13.919,13.544,178699.05
2009-07-06,13.665999999999999,13.251,13.995,13.235999999999999,160138.7
2009-07-07,13.251,12.917,13.357000000000001,12.895999999999999,110299.45
2009-07-08,12.922,13.058,13.155,12.835999999999999,86128.48
2009-07-09,13.013,13.062999999999999,13.21,12.982000000000001,73952.84
2009-07-10,13.013,13.311,13.387,12.957,113871.46
2009-07-13,13.16,13.645999999999999,13.818,13.119000000000002,151648.76
2009-07-14,13.665999999999999,14.248,14.359000000000002,13.539000000000001,215837.82
2009-07-15,14.232999999999999,14.349,14.4,14.071,154009.96
2009-07-16,14.314,14.061,14.374,13.985,90555.78
2009-07-17,13.944,14.339,14.557,13.792,141520.29
2009-07-20,14.354000000000001,14.120999999999999,14.470999999999998,14.0,104123.06
2009-07-21,14.091,13.727,14.095999999999998,13.671,104007.56
2009-07-22,13.665999999999999,13.792,13.863,13.605,66712.74
2009-07-23,13.782,14.01,14.167,13.720999999999998,100233.91
2009-07-24,14.147,13.833,14.217,13.565,118255.91
2009-07-27,13.919,14.572000000000001,14.931,13.767000000000001,192634.69
2009-07-28,14.567,14.724,14.764000000000001,14.187000000000001,106090.47
2009-07-29,14.724,13.690999999999999,14.724,13.251,137325.58
2009-07-30,13.767000000000001,14.071,14.602,13.565,126923.89
2009-07-31,14.120999999999999,14.395,14.552,13.873,140639.8
2009-08-03,14.526,14.713,14.956,14.42,181607.57
2009-08-04,14.794,15.068,15.614,14.425,203500.95
2009-08-05,14.83,14.597000000000001,14.931,14.39,149195.79
2009-08-06,14.42,14.622,14.84,14.071,110531.6
2009-08-07,14.552,14.577,15.032,14.41,136854.51
2009-08-10,14.982000000000001,14.82,15.442,14.577,127210.71
2009-08-11,14.87,15.513,15.64,14.687999999999999,199793.56
2009-08-12,15.584000000000001,14.921,15.888,14.83,191503.29
2009-08-13,15.068,14.374,15.215,14.04,135434.49
2009-08-14,14.677999999999999,13.843,14.855,13.818,138635.88
2009-08-17,13.671,12.952,13.959000000000001,12.937000000000001,99981.17
2009-08-18,12.907,12.917,13.17,12.642999999999999,74551.83
2009-08-19,12.932,11.655999999999999,13.084000000000001,11.626,157611.99
2009-08-20,11.732000000000001,12.082,12.249,11.402999999999999,122782.04
2009-08-21,12.142000000000001,12.299000000000001,12.35,11.818,105616.85
2009-08-24,12.450999999999999,12.325,12.456,12.203,83276.27
2009-08-25,12.274000000000001,11.869000000000002,12.4,11.54,85370.02
2009-08-26,11.777999999999999,12.274000000000001,12.355,11.640999999999998,72990.09
2009-08-27,12.222999999999999,12.607999999999999,12.755,12.087,107714.04
2009-08-28,12.552,12.269,12.704,12.122,69026.53
2009-08-31,12.147,11.287,12.147,11.245999999999999,61892.44
2009-09-01,11.235999999999999,11.322000000000001,11.712,11.11,51236.95
2009-09-02,11.262,11.003,11.484000000000002,10.821,77682.41
2009-09-03,11.09,11.707,11.767999999999999,11.024000000000001,86438.98
2009-09-04,11.636,12.011,12.030999999999999,11.55,76100.29
2009-09-07,11.995999999999999,11.965,12.213,11.869000000000002,66186.01
2009-09-08,11.945,12.284,12.299000000000001,11.717,73315.48
2009-09-09,12.294,12.289000000000001,12.345,12.163,55938.96
2009-09-10,13.16,12.729000000000001,13.509,12.638,131187.78
2009-09-11,12.552,12.755,12.890999999999998,12.450999999999999,71558.51
2009-09-14,12.755,12.886,12.952,12.674000000000001,71313.62
2009-09-15,12.841,12.912,13.099,12.633,92135.54
2009-09-16,12.907,12.805,12.947000000000001,12.583,64597.42
2009-09-17,12.880999999999998,12.962,13.038,12.831,46496.92
2009-09-18,12.998,12.466,13.074000000000002,12.314,58966.64
2009-09-21,12.345,12.35,12.4,11.935,54013.87
2009-09-22,12.304,12.001,12.4,11.995999999999999,30101.36
2009-09-23,11.995999999999999,12.050999999999998,12.198,11.844000000000001,39308.96
2009-09-24,11.945,12.152000000000001,12.385,11.489,54488.11
2009-09-25,12.020999999999999,11.945,12.147,11.894,21777.81
2009-09-28,11.95,11.655999999999999,12.269,11.630999999999998,27064.73
2009-09-29,11.783,11.459000000000001,11.823,11.235999999999999,27937.1
2009-09-30,11.54,11.53,11.732000000000001,11.464,23485.86
2009-10-09,11.748,12.077,12.087,11.692,32621.26
2009-10-12,12.112,12.269,12.795,11.98,53797.47
2009-10-13,12.152000000000001,12.37,12.375,12.071,23946.66
2009-10-14,12.375,13.427999999999999,13.605,12.375,277788.09
2009-10-15,13.413,13.468,13.651,13.261,119325.69
2009-10-16,13.494000000000002,13.863,14.035,13.463,157924.12
2009-10-19,13.818,14.304,14.415,13.727,129618.41
2009-10-20,14.304,14.273,14.324000000000002,14.056,73827.3
2009-10-21,14.273,13.919,14.470999999999998,13.894,97367.29
2009-10-22,14.03,13.964,14.319,13.797,57175.95
2009-10-23,14.177,14.298,14.501,14.172,84764.02
2009-10-26,14.44,14.354000000000001,14.592,13.969000000000001,69630.86
2009-10-27,14.273,14.931,15.285,14.126,177780.12
2009-10-28,14.960999999999999,14.475999999999999,14.960999999999999,14.369000000000002,93555.03
2009-10-29,14.273,14.359000000000002,14.703,14.172,71184.96
2009-10-30,14.415,14.157,14.520999999999999,14.02,75790.2
2009-11-02,14.425,15.422,15.437000000000001,14.217,211434.47
2009-11-03,15.984000000000002,15.052999999999999,15.984000000000002,14.931,185048.84
2009-11-04,15.184000000000001,14.764000000000001,15.184000000000001,14.470999999999998,237477.56
2009-11-05,14.769,14.673,14.992,14.526,154227.14
2009-11-06,14.698,14.915999999999999,14.936,14.42,157406.64
2009-11-09,14.749,14.638,14.865,14.515999999999998,81926.27
2009-11-10,14.687999999999999,14.602,14.764000000000001,14.572000000000001,121866.58
2009-11-11,14.557,14.43,14.557,14.263,149371.47
2009-11-12,14.415,14.314,14.536,14.172,97688.92
2009-11-13,14.243,14.627,14.658,14.172,124891.4
2009-11-16,14.703,14.865,14.931,14.703,185549.2
2009-11-17,14.905999999999999,14.572000000000001,14.905999999999999,14.526,126566.91
2009-11-18,14.465,14.359000000000002,14.627,14.267999999999999,98434.78
2009-11-19,14.374,14.435,14.445,14.248,88984.57
2009-11-20,14.374,14.4,14.515999999999998,14.253,70223.88
2009-11-23,14.374,14.526,14.582,14.283,90901.44
2009-11-24,14.677999999999999,13.934000000000001,14.779000000000002,13.919,142825.28
2009-11-25,13.919,14.045,14.100999999999999,13.615,92849.27
2009-11-26,14.045,13.63,14.324000000000002,13.615,90499.11
2009-11-27,13.472999999999999,13.357000000000001,13.762,13.311,72006.66
2009-11-30,13.468,13.655999999999999,13.655999999999999,13.367,72233.31
2009-12-01,13.635,13.727,13.737,13.437999999999999,77585.65
2009-12-02,13.732000000000001,13.949000000000002,14.061,13.732000000000001,87649.64
2009-12-03,15.345999999999998,14.865,15.345999999999998,14.617,412086.83
2009-12-04,14.597000000000001,14.222999999999999,14.597000000000001,13.944,223234.92
2009-12-07,14.116,14.309000000000001,14.374,14.005,90581.95
2009-12-08,14.298,14.162,14.42,14.071,76962.7
2009-12-09,13.969000000000001,13.899000000000001,14.110999999999999,13.828,66846.1
2009-12-10,13.899000000000001,13.863,14.025,13.767000000000001,57303.9
2009-12-11,13.883,13.828,13.959000000000001,13.757,40685.6
2009-12-14,13.777000000000001,13.762,13.878,13.514000000000001,43567.71
2009-12-15,13.671,13.514000000000001,13.671,13.468,60363.95
2009-12-16,13.509,13.458,13.6,13.377,42231.1
2009-12-17,13.559000000000001,13.437999999999999,13.868,13.418,57674.31
2009-12-18,13.261,12.502,13.270999999999999,12.475999999999999,72166.43
2009-12-21,12.450999999999999,12.623,12.654000000000002,12.4,36897.27
2009-12-22,12.704,12.087,12.704,12.077,40584.02
2009-12-23,12.132,12.142000000000001,12.259,11.995999999999999,32036.89
2009-12-24,12.173,12.440999999999999,12.450999999999999,12.102,46112.36
2009-12-25,12.440999999999999,12.345,12.450999999999999,12.187999999999999,36702.51
2009-12-28,12.274000000000001,12.470999999999998,12.588,12.264000000000001,35592.35
2009-12-29,12.475999999999999,12.684000000000001,12.76,12.405,46964.82
2009-12-30,12.699000000000002,12.775,12.79,12.562000000000001,47661.9
2009-12-31,12.724,12.795,12.907,12.638,44246.08
2010-01-04,12.815,12.613,12.890999999999998,12.613,37801.38
2010-01-05,12.607999999999999,12.431,12.694,12.274000000000001,47621.3
2010-01-06,12.425999999999998,12.542,12.578,12.269,42329.07
2010-01-07,12.456,12.375,12.628,12.319,44585.98
2010-01-08,12.37,12.699000000000002,12.704,12.34,40169.14
2010-01-11,12.77,12.450999999999999,12.8,12.4,53460.18
2010-01-12,12.450999999999999,12.552,12.557,12.203,51411.87
2010-01-13,12.279000000000002,12.077,12.335,12.061,67653.67
2010-01-14,12.137,12.213,12.264000000000001,12.061,34652.05
2010-01-15,12.264000000000001,12.39,12.456,12.218,51207.64
2010-01-18,12.440999999999999,12.78,12.785,12.38,83522.08
2010-01-19,12.78,12.674000000000001,12.907,12.527000000000001,72957.02
2010-01-20,12.704,12.228,12.729000000000001,12.208,55568.79
2010-01-21,12.309000000000001,12.603,12.694,12.198,59131.18
2010-01-22,12.456,12.785,12.845999999999998,12.4,109638.73
2010-01-25,12.664000000000001,12.33,12.815,12.304,49975.29
2010-01-26,12.314,11.545,12.395,11.54,63407.21
2010-01-27,11.58,11.449000000000002,11.655999999999999,11.402999999999999,31203.47
2010-01-28,11.439,11.363,11.545,11.225999999999999,26019.78
2010-01-29,11.392999999999999,11.332,11.57,11.312000000000001,27225.47
2010-02-01,11.343,11.357999999999999,11.429,11.054,30007.26
2010-02-02,11.444,11.216,11.600999999999999,11.196,25065.98
2010-02-03,11.272,11.388,11.434000000000001,10.988,26385.9
2010-02-04,11.373,11.489,11.620999999999999,11.262,31799.34
2010-02-05,11.287,11.12,11.378,11.074000000000002,32267.6
2010-02-08,11.105,11.165,11.235999999999999,11.059000000000001,14370.24
2010-02-09,11.186,11.210999999999999,11.388,11.115,18621.71
2010-02-10,11.267000000000001,11.338,11.353,11.245999999999999,14124.68
2010-02-11,11.332,11.392999999999999,11.515,11.332,21471.16
2010-02-12,11.429,11.5,11.54,11.408,24242.82
2010-02-22,11.489,11.368,11.5,11.343,20619.16
2010-02-23,11.368,11.235999999999999,11.383,11.074000000000002,25789.8
2010-02-24,11.231,11.434000000000001,11.454,11.115,23223.15
2010-02-25,11.484000000000002,11.758,11.767999999999999,11.439,48883.62
2010-02-26,11.767999999999999,11.651,11.823,11.606,33818.84
2010-03-01,11.692,11.707,11.727,11.54,33511.11
2010-03-02,11.667,11.645999999999999,11.737,11.606,25814.15
2010-03-03,11.626,11.763,11.793,11.565,32532.24
2010-03-04,11.737,11.484000000000002,11.834000000000001,11.449000000000002,37479.6
2010-03-05,11.489,11.535,11.616,11.392999999999999,26875.44
2010-03-08,11.505,12.355,12.638,11.505,132436.09
2010-03-09,12.193,12.244000000000002,12.450999999999999,11.99,87239.6
2010-03-10,12.249,12.046,12.325,11.995999999999999,47322.55
2010-03-11,12.071,11.798,12.071,11.702,37675.17
2010-03-12,11.823,11.630999999999998,11.864,11.616,26787.82
2010-03-15,11.640999999999998,11.722000000000001,11.767999999999999,11.55,26064.55
2010-03-16,11.687000000000001,11.783,11.849,11.682,27491.98
2010-03-17,11.808,11.965,12.015999999999998,11.808,33641.52
2010-03-18,12.001,11.975,12.132,11.915,37041.94
2010-03-19,11.93,12.040999999999999,12.183,11.93,30521.92
2010-03-22,12.050999999999998,11.975,12.097000000000001,11.894,27688.1
2010-03-23,11.975,11.915,12.015999999999998,11.823,25481.03
2010-03-24,11.899000000000001,12.026,12.092,11.874,27536.18
2010-03-25,12.026,11.661,12.026,11.655999999999999,29977.13
2010-03-26,11.682,11.859000000000002,12.005999999999998,11.655999999999999,27944.43
2010-03-29,11.925,12.030999999999999,12.112,11.894,41767.8
2010-03-30,12.026,12.092,12.254000000000001,12.026,39038.48
2010-03-31,12.142000000000001,12.127,12.198,12.056,26490.58
2010-04-01,12.222999999999999,12.294,12.299000000000001,12.046,55868.38
2010-04-02,12.299000000000001,12.213,12.325,12.157,44801.29
2010-04-06,12.222999999999999,12.030999999999999,12.299000000000001,11.965,42362.09
2010-04-07,12.030999999999999,11.925,12.056,11.874,35622.56
2010-04-08,11.92,11.767999999999999,11.92,11.722000000000001,33385.45
2010-04-09,11.777999999999999,11.849,11.93,11.773,28354.57
2010-04-12,11.859000000000002,11.56,11.899000000000001,11.54,57280.63
2010-04-13,11.545,11.692,11.763,11.439,37906.02
2010-04-14,11.702,11.717,11.722000000000001,11.55,25849.25
2010-04-15,11.839,11.834000000000001,11.945,11.763,61204.85
2010-04-16,11.767999999999999,11.600999999999999,11.793,11.56,23552.34
2010-04-19,11.469000000000001,10.669,11.474,10.629000000000001,56029.4
2010-04-20,10.669,10.168,10.725,10.097999999999999,49627.58
2010-04-21,10.163,10.437000000000001,10.619000000000002,10.103,39322.06
2010-04-22,10.275,10.177999999999999,10.3,10.128,37753.29
2010-04-23,10.177999999999999,10.199,10.275,10.142999999999999,23357.4
2010-04-26,10.133,10.224,10.315,10.133,21089.43
2010-04-27,10.229,9.783999999999999,10.229,9.541,34750.69
2010-04-28,9.743,9.617,9.809,9.531,22230.01
2010-04-29,9.92,10.507,10.578,9.92,133706.93
2010-04-30,10.482000000000001,10.092,10.482000000000001,9.824,84784.79
2010-05-04,9.818999999999999,9.728,10.072000000000001,9.622,31156.44
2010-05-05,9.596,9.996,10.052,9.541,36452.05
2010-05-06,9.971,9.591000000000001,9.971,9.566,30187.41
2010-05-07,9.111,9.257,9.581,9.111,25083.08
2010-05-10,9.318,9.47,9.515,9.237,23675.12
2010-05-11,9.718,9.318,9.763,9.237,22765.55
2010-05-12,9.242,9.414,9.445,9.126,18051.82
2010-05-13,9.429,9.541,9.551,9.262,23840.06
2010-05-14,9.505,9.465,9.556000000000001,9.414,19917.33
2010-05-17,9.515,9.308,9.769,9.272,53216.99
2010-05-18,9.318,9.642000000000001,9.718,8.908,58567.83
2010-05-20,9.44,9.207,9.612,9.202,35074.29
2010-05-21,8.959,9.394,9.48,8.857000000000003,38231.83
2010-05-24,9.505,9.758,9.86,9.505,50461.98
2010-05-25,9.718,9.51,9.718,9.429,38982.26
2010-05-26,9.44,9.465,9.586,9.323,22616.97
2010-05-27,9.414,9.591000000000001,9.612,9.252,38113.03
2010-05-28,9.693,9.5,9.718,9.445,24048.34
2010-05-31,9.363999999999999,9.186,9.485,9.176,22416.77
2010-06-01,9.111,9.075,9.288,9.014,18921.96
2010-06-02,9.035,9.171,9.186,8.988999999999997,20928.15
2010-06-03,9.176,9.181000000000001,9.445,9.116,28529.06
2010-06-04,9.181000000000001,9.242,9.262,9.075,19067.76
2010-06-07,9.06,9.116,9.257,8.969,17544.98
2010-06-08,9.085,9.09,9.222000000000001,9.009,15542.3
2010-06-09,9.126,9.347999999999999,9.404,8.984,38133.78
2010-06-10,9.257,9.222000000000001,9.338,9.207,21234.68
2010-06-11,9.242,9.202,9.288,9.176,15444.13
2010-06-17,9.237,9.212,9.312999999999999,9.202,18078.68
2010-06-18,9.217,9.247,9.48,9.171,34633.05
2010-06-21,9.272,9.601,9.682,9.202,68900.19
2010-06-22,9.556000000000001,9.713,9.849,9.46,57480.48
2010-06-23,9.662,9.49,9.662,9.404,37518.91
2010-06-24,9.511000000000001,9.501,9.618,9.465,16596.0
2010-06-25,9.434,9.322000000000001,9.485,9.281,18828.3
2010-06-28,9.424,9.363,9.511000000000001,9.312000000000001,15248.07
2010-06-29,9.373,8.822000000000003,9.455,8.822000000000003,29660.14
2010-06-30,8.797,8.567,8.802,8.567,16373.18
2010-07-01,8.567,8.343,8.664,8.323,16546.2
2010-07-02,8.323,8.506,8.562000000000001,8.062999999999999,29954.11
2010-07-05,8.338,8.338,8.435,8.19,15767.22
2010-07-06,8.353,8.634,8.726,8.328,33547.96
2010-07-07,8.603,8.777000000000001,8.955,8.593,34221.63
2010-07-08,8.807,8.654,8.853,8.624,19607.34
2010-07-09,8.71,8.924,8.96,8.669,42436.62
2010-07-12,8.97,9.062000000000001,9.23,8.833,40218.0
2010-07-13,8.899,8.771,8.914,8.624,30398.12
2010-07-14,8.746,8.797,9.021,8.746,23670.38
2010-07-15,8.782,8.741,8.975,8.715,23699.6
2010-07-16,8.746,8.72,8.822000000000003,8.552,17994.32
2010-07-19,8.583,8.904,8.95,8.557,26297.38
2010-07-20,8.919,9.107999999999999,9.118,8.914,44011.7
2010-07-21,9.118,9.047,9.164,9.026,32421.29
2010-07-22,9.047,9.271,9.271,8.975,48165.59
2010-07-23,9.337,9.22,9.368,9.077,44312.54
2010-07-26,9.184,9.241,9.276,9.077,34208.34
2010-07-27,9.22,9.133,9.297,9.103,24542.84
2010-07-28,9.128,9.745,10.026,9.113,112481.83
2010-07-29,9.7,9.642999999999999,9.756,9.531,69594.52
2010-07-30,9.628,9.919,9.943999999999999,9.536,98697.38
2010-08-02,9.802,9.919,9.99,9.781,81981.08
2010-08-03,9.943999999999999,9.664,9.985,9.649,57335.88
2010-08-04,9.664,9.664,9.756,9.434,44294.1
2010-08-05,9.638,9.49,9.684,9.424,34477.37
2010-08-06,9.501,9.613,9.684,9.347999999999999,43271.59
2010-08-09,9.562000000000001,9.72,9.756,9.511000000000001,47438.0
2010-08-10,9.71,9.383,9.766,9.347999999999999,44412.94
2010-08-11,9.373,9.531,9.618,9.357999999999999,26348.32
2010-08-12,9.439,9.658999999999999,9.715,9.408999999999999,53671.2
2010-08-13,9.654,9.847000000000001,9.857999999999999,9.531,60558.04
2010-08-16,9.817,9.832,9.892999999999999,9.658999999999999,56070.41
2010-08-17,9.857999999999999,9.919,10.077,9.837,58903.28
2010-08-18,9.892999999999999,9.822000000000001,9.919,9.71,38797.33
2010-08-19,9.842,9.766,9.863,9.633,42295.82
2010-08-20,9.689,9.46,9.689,9.439,40126.49
2010-08-24,9.46,9.567,9.715,9.332,25879.41
2010-08-25,9.526,9.465,9.679,9.445,32044.24
2010-08-26,9.475,9.46,9.613,9.424,18672.0
2010-08-27,9.526,9.541,9.623,9.475,17210.0
2010-08-30,9.567,9.674,9.705,9.562000000000001,32001.0
2010-08-31,9.628,9.46,9.628,9.419,37486.0
2010-09-01,9.46,9.241,9.521,9.179,31224.0
2010-09-02,9.332,9.302,9.424,9.225,38474.0
2010-09-03,9.312000000000001,9.246,9.337,9.179,28248.0
2010-09-06,9.271,9.373,9.388,9.261000000000001,31682.0
2010-09-07,9.363,9.312000000000001,9.394,9.271,23830.0
2010-09-08,9.312000000000001,9.266,9.332,9.235,21768.0
2010-09-09,9.297,9.031,9.332,9.026,39370.0
2010-09-10,9.031,8.908999999999997,9.113,8.828,23236.0
2010-09-13,8.908999999999997,9.067,9.107999999999999,8.873,24285.0
2010-09-14,9.072000000000001,8.95,9.097999999999999,8.908999999999997,19774.0
2010-09-15,8.96,9.139,9.332,8.863,47773.0
2010-09-16,9.174,8.71,9.174,8.675,30383.0
2010-09-17,8.726,8.761000000000001,8.97,8.669,22307.0
2010-09-20,8.761000000000001,8.649,8.873,8.644,19266.0
2010-09-21,8.68,8.787,8.863,8.654,16410.0
2010-09-27,8.787,8.782,8.812000000000003,8.629,20261.0
2010-09-28,8.782,8.603,8.782,8.597999999999999,16477.0
2010-09-29,8.593,8.476,8.658999999999999,8.465,18663.0
2010-09-30,8.435,8.731,8.787,8.394,26222.0
2010-10-08,8.669,8.828,8.899,8.618,30965.0
2010-10-11,8.833,9.107999999999999,9.225,8.797,58254.0
2010-10-12,9.052,9.088,9.154,8.975,33858.0
2010-10-13,9.088,9.302,9.485,9.031,80038.0
2010-10-14,9.332,9.475,9.526,9.322000000000001,142527.0
2010-10-15,9.434,9.592,9.679,9.337,77796.0
2010-10-18,9.679,9.756,10.072000000000001,9.587,111665.0
2010-10-19,9.745,9.842,10.041,9.445,97227.0
2010-10-20,9.434,9.531,9.735,9.322000000000001,86287.0
2010-10-21,9.516,9.399,9.689,9.368,53181.0
2010-10-22,9.399,9.276,9.48,9.235,48945.0
2010-10-25,9.322000000000001,9.455,9.501,9.322000000000001,41130.0
2010-10-26,9.521,9.613,9.74,9.445,59063.0
2010-10-28,9.521,9.434,9.613,9.332,40720.0
2010-10-29,9.434,9.378,9.511000000000001,9.241,35421.0
2010-11-01,9.429,9.771,9.832,9.429,87804.0
2010-11-02,9.71,9.888,9.924,9.679,89457.0
2010-11-03,9.924,10.138,10.352,9.842,146945.0
2010-11-04,10.352,10.041,10.49,9.934,122410.0
2010-11-05,10.276,11.046,11.046,10.199,275691.0
2010-11-08,11.474,11.575999999999999,12.147,11.464,322226.0
2010-11-09,11.398,11.28,11.505,11.173,133052.0
2010-11-10,11.214,10.908,11.214,10.776,131022.0
2010-11-11,10.800999999999998,10.796,11.040999999999999,10.75,87291.0
2010-11-12,10.74,9.914,10.74,9.715,126387.0
2010-11-15,9.908999999999999,10.107999999999999,10.113,9.745,56842.0
2010-11-16,10.077,9.552,10.077,9.465,63071.0
2010-11-17,9.48,9.781,9.943999999999999,9.394,71200.0
2010-11-18,9.892999999999999,9.735,9.943999999999999,9.628,84808.0
2010-11-19,9.745,9.689,9.781,9.399,60859.0
2010-11-22,9.536,9.628,9.684,9.475,50909.0
2010-11-23,9.638,9.22,9.638,9.042,55224.0
2010-11-24,9.179,9.337,9.383,9.118,33952.0
2010-11-25,9.424,9.547,9.628,9.281,57309.0
2010-11-26,9.511000000000001,9.317,9.511000000000001,9.266,39960.0
2010-11-29,9.302,9.378,9.48,9.19,33961.0
2010-11-30,9.332,9.037,9.368,8.828,49226.0
2010-12-01,9.052,9.026,9.103,8.97,18953.0
2010-12-02,9.174,9.026,9.174,9.026,25633.0
2010-12-03,9.026,9.23,9.327,9.006,42379.0
2010-12-06,9.195,8.996,9.23,8.965,29611.0
2010-12-07,9.042,9.154,9.23,8.884,33827.0
2010-12-08,9.103,9.042,9.169,9.016,25516.0
2010-12-09,9.021,8.761000000000001,9.021,8.731,32140.0
2010-12-10,8.761000000000001,8.847999999999997,8.899,8.731,14619.0
2010-12-13,8.924,9.067,9.097999999999999,8.904,28457.0
2010-12-14,9.077,9.158999999999999,9.251,9.001,33336.0
2010-12-15,9.169,9.225,9.286,9.077,31932.0
2010-12-16,9.22,9.144,9.256,9.103,21797.0
2010-12-17,9.149,9.103,9.205,9.082,17533.0
2010-12-20,9.158999999999999,8.965,9.179,8.802,23362.0
2010-12-21,9.001,9.332,9.475,8.899,60107.0
2010-12-22,9.307,9.072000000000001,9.363,9.047,35137.0
2010-12-23,9.088,9.026,9.174,8.975,18862.0
2010-12-24,9.021,9.097999999999999,9.174,8.929,23560.0
2010-12-27,8.929,8.705,9.093,8.658999999999999,27785.0
2010-12-28,8.669,8.527000000000001,8.756,8.516,22457.0
2010-12-29,8.562000000000001,8.573,8.629,8.506,14285.0
2010-12-30,8.567,8.481,8.618,8.404,18962.0
2010-12-31,8.496,8.567,8.573,8.445,15079.0
2011-01-04,8.607999999999999,8.802,8.924,8.527000000000001,33938.0
2011-01-05,8.822000000000003,8.822000000000003,8.868,8.746,21713.0
2011-01-06,8.929,8.965,9.164,8.924,31230.0
2011-01-07,9.016,8.996,9.123,8.924,33552.0
2011-01-10,9.006,8.731,9.067,8.726,19328.0
2011-01-11,8.72,8.822000000000003,8.863,8.685,15800.0
2011-01-12,8.853,8.95,9.026,8.812000000000003,22608.0
2011-01-13,8.919,8.797,9.026,8.797,17054.0
2011-01-14,8.797,8.669,8.797,8.649,17934.0
2011-01-17,8.607999999999999,8.353,8.736,8.323,21197.0
2011-01-18,8.363,8.343,8.394,8.267000000000001,11324.0
2011-01-19,8.343,8.455,8.465,8.287,13341.0
2011-01-20,8.496,8.506,8.975,8.43,36470.0
2011-01-21,8.414,8.562000000000001,8.746,8.307,24562.0
2011-01-24,8.527000000000001,8.353,8.583,8.297,15197.0
2011-01-25,8.357999999999999,8.414,8.516,8.357999999999999,11965.0
2011-01-26,8.45,8.455,8.501,8.389,8396.0
2011-01-27,8.389,8.465,8.476,8.165,23199.0
2011-01-28,8.404,8.45,8.557,8.404,14322.0
2011-01-31,8.45,8.45,8.527000000000001,8.363,15871.0
2011-02-01,8.455,8.639,8.669,8.435,22502.0
2011-02-09,8.516,8.43,8.649,8.414,16147.0
2011-02-10,8.369,8.557,8.562000000000001,8.338,13948.0
2011-02-11,8.603,8.802,8.884,8.522,43527.0
2011-02-14,8.766,8.899,8.919,8.669,41403.0
2011-02-15,8.899,8.894,9.001,8.838,41754.0
2011-02-16,8.899,8.95,8.955,8.822000000000003,30119.0
2011-02-17,8.98,8.986,9.062000000000001,8.853,36386.0
2011-02-18,8.975,9.077,9.179,8.899,43799.0
2011-02-21,9.016,9.047,9.062000000000001,8.924,32094.0
2011-02-22,9.042,8.669,9.072000000000001,8.664,38409.0
2011-02-23,8.664,8.72,8.797,8.583,22573.0
2011-02-24,8.7,8.751,8.797,8.618,23893.0
2011-02-25,8.761000000000001,8.751,8.792,8.664,15318.0
2011-02-28,8.746,8.833,8.863,8.69,21432.0
2011-03-01,8.843,8.908999999999997,8.965,8.797,36997.0
2011-03-02,8.863,8.822000000000003,8.884,8.69,23804.0
2011-03-03,8.797,8.847999999999997,8.975,8.777000000000001,30782.0
2011-03-04,8.889,9.562000000000001,9.669,8.889,160987.0
2011-03-07,9.567,9.475,9.649,9.434,91625.0
2011-03-08,9.506,9.547,9.705,9.404,68716.0
2011-03-09,9.587,9.526,9.613,9.434,36311.0
2011-03-10,9.587,9.638,9.817,9.536,89849.0
2011-03-11,9.521,9.347999999999999,9.649,9.332,49930.0
2011-03-14,9.256,9.445,9.485,9.19,35986.0
2011-03-15,9.373,9.154,9.373,9.011000000000001,58674.0
2011-03-16,9.077,9.169,9.215,9.021,23212.0
2011-03-17,9.077,9.021,9.123,8.95,23779.0
2011-03-18,9.097999999999999,9.281,9.317,9.011000000000001,44016.0
2011-03-21,9.276,9.373,9.414,9.205,39774.0
2011-03-22,9.373,9.394,9.434,9.23,21595.0
2011-03-23,9.373,9.475,9.607999999999999,9.322000000000001,31192.0
2011-03-24,9.485,9.414,9.638,9.408999999999999,21909.0
2011-03-25,9.521,9.399,9.521,9.363,30659.0
2011-03-28,9.414,9.251,9.48,9.22,31232.0
2011-03-29,9.22,9.2,9.368,9.179,27192.0
2011-03-30,9.2,9.026,9.251,9.016,22865.0
2011-03-31,9.052,8.904,9.067,8.873,22049.0
2011-04-01,8.924,9.123,9.174,8.924,19716.0
2011-04-06,9.434,9.337,9.766,9.174,99059.0
2011-04-07,9.343,9.353,9.363,9.088,58591.0
2011-04-08,9.357999999999999,9.256,9.47,9.179,84412.0
2011-04-11,9.276,9.042,9.302,9.031,41723.0
2011-04-12,9.047,9.082,9.103,8.98,40627.0
2011-04-13,9.047,9.327,9.383,8.986,61208.0
2011-04-14,9.281,9.205,9.281,9.067,44549.0
2011-04-15,9.179,9.144,9.205,9.057,44495.0
2011-04-18,9.082,9.21,9.266,9.067,41533.0
2011-04-19,9.154,9.082,9.154,9.031,30886.0
2011-04-20,9.077,9.133,9.22,9.057,27080.0
2011-04-21,9.133,9.22,9.312000000000001,9.128,43960.0
2011-04-22,9.246,9.093,9.251,9.042,26601.0
2011-04-25,8.95,8.491,8.95,8.486,59605.0
2011-04-26,8.501,8.455,8.583,8.389,24090.0
2011-04-27,8.471,8.323,8.557,8.241,24853.0
2011-04-28,8.328,8.21,8.465,8.2,20439.0
2011-04-29,8.21,8.312000000000001,8.333,8.21,11116.0
2011-05-03,8.338,8.282,8.353,8.154,17307.0
2011-05-04,8.241,8.017000000000001,8.272,7.9860000000000015,25505.0
2011-05-05,8.012,8.068,8.154,8.001,14936.0
2011-05-06,7.95,7.9910000000000005,8.027000000000001,7.91,19418.0
2011-05-09,7.9860000000000015,8.052,8.119,7.981,12349.0
2011-05-10,8.103,8.103,8.134,8.052,9288.0
2011-05-11,8.119,8.154,8.158999999999999,8.062999999999999,15059.0
2011-05-12,8.119,8.165,8.226,8.097999999999999,26630.0
2011-05-13,8.17,8.216000000000001,8.231,8.113999999999999,13878.0
2011-05-16,8.21,8.154,8.226,8.134,11656.0
2011-05-17,8.113999999999999,8.124,8.185,8.052,12727.0
2011-05-19,8.17,8.113999999999999,8.236,8.097999999999999,11486.0
2011-05-20,8.037,7.95,8.134,7.945,16974.0
2011-05-23,7.95,7.604,7.976,7.587999999999999,21812.0
2011-05-24,7.609,8.037,8.277000000000001,7.609,51658.0
2011-05-25,7.955,7.92,8.2,7.813,36517.0
2011-05-26,7.899,7.843,7.976,7.777,20636.0
2011-05-27,7.843,7.69,7.879,7.649,15316.0
2011-05-30,7.665,7.4510000000000005,7.7410000000000005,7.425,15493.0
2011-05-31,7.471,7.466,7.568,7.3439999999999985,24272.0
2011-06-01,7.466,7.4860000000000015,7.4910000000000005,7.4,14820.0
2011-06-02,7.405,7.461,7.598,7.383999999999999,18239.0
2011-06-03,7.4460000000000015,7.522,7.532,7.395,10992.0
2011-06-07,7.5120000000000005,7.5420000000000025,7.593,7.4510000000000005,8816.0
2011-06-08,7.517,7.563,7.572999999999999,7.42,13819.0
2011-06-09,7.572999999999999,7.5829999999999975,7.904,7.522,26748.0
2011-06-10,7.568,7.558,7.665,7.4460000000000015,13705.0
2011-06-13,7.4910000000000005,7.3329999999999975,7.532,7.2520000000000024,18270.0
2011-06-14,7.3329999999999975,7.415,7.5020000000000024,7.303,18854.0
2011-06-15,7.4,7.337999999999999,7.461,7.3329999999999975,16331.0
2011-06-16,7.2929999999999975,7.15,7.318,7.129,18672.0
2011-06-17,7.14,7.0829999999999975,7.267,7.077999999999999,14160.0
2011-06-20,7.099,6.9460000000000015,7.104,6.818,16597.0
2011-06-21,6.992999999999999,6.941,7.002999999999999,6.848,16104.0
2011-06-22,6.921,6.915,6.982,6.89,15101.0
2011-06-23,6.926,7.034,7.039,6.859,16780.0
2011-06-24,7.013,7.1579999999999995,7.199,6.9670000000000005,25898.0
2011-06-27,7.184,7.1679999999999975,7.24,7.1320000000000014,22120.0
2011-06-28,7.142,7.147,7.1679999999999975,7.06,26103.0
2011-06-29,7.472,7.271,7.657999999999999,7.251,67560.0
2011-06-30,7.194,7.209,7.343,7.117000000000001,50182.0
2011-07-01,7.261,7.261,7.312,7.194,24952.0
2011-07-04,7.2970000000000015,7.364,7.369,7.271,41961.0
2011-07-05,7.359,7.385,7.4670000000000005,7.3279999999999985,31129.0
2011-07-06,7.395,7.369,7.41,7.322999999999999,17902.0
2011-07-07,7.385,7.3020000000000005,7.39,7.276,22677.0
2011-07-08,7.2920000000000025,7.322999999999999,7.374,7.256,15243.0
2011-07-11,7.312,7.276,7.312,7.235,24066.0
2011-07-12,7.245,7.122000000000001,7.2920000000000025,7.117000000000001,20388.0
2011-07-13,7.153,7.225,7.245,7.1320000000000014,17761.0
2011-07-14,7.235,7.276,7.282,7.209,19648.0
2011-07-15,7.245,7.282,7.282,7.172999999999999,20818.0
2011-07-18,7.256,7.395,7.421,7.256,39401.0
2011-07-19,7.354,7.287000000000001,7.354,7.256,20916.0
2011-07-20,7.349,7.3279999999999985,7.41,7.261,22172.0
2011-07-21,7.3279999999999985,7.153,7.3279999999999985,7.147,20534.0
2011-07-22,7.153,7.142,7.204,7.1270000000000024,10685.0
2011-07-25,7.147,6.827999999999999,7.1579999999999995,6.7810000000000015,24387.0
2011-07-26,6.843,6.837999999999999,6.869,6.8020000000000005,11563.0
2011-07-27,6.812,6.931,6.936,6.807,12191.0
2011-07-28,6.8839999999999995,7.024,7.06,6.859,14714.0
2011-07-29,7.024,6.921,7.055,6.879,13004.0
2011-08-01,6.926,6.9,6.931,6.837999999999999,9056.0
2011-08-02,6.874,6.8020000000000005,6.874,6.745,13671.0
2011-08-03,6.745,6.827999999999999,6.854,6.745,7509.0
2011-08-04,6.854,6.848,6.905,6.827999999999999,8243.0
2011-08-05,6.678,6.6370000000000005,6.704,6.606,15041.0
2011-08-08,6.513,6.23,6.544,6.1370000000000005,26164.0
2011-08-09,6.0489999999999995,6.307,6.322,5.93,26115.0
2011-08-10,6.369,6.441,6.6370000000000005,6.317,41572.0
2011-08-11,6.204,6.472,6.4979999999999976,6.204,23069.0
2011-08-12,6.4979999999999976,6.5489999999999995,6.596,6.4670000000000005,19153.0
2011-08-15,6.5489999999999995,6.601,6.6110000000000015,6.518,13228.0
2011-08-16,6.6270000000000024,6.553999999999999,6.694,6.5489999999999995,18058.0
2011-08-17,6.529,6.56,6.725,6.405,24701.0
2011-08-18,6.436,6.327999999999999,6.56,6.327999999999999,14715.0
2011-08-19,6.178,6.235,6.24,6.126,15215.0
2011-08-22,6.235,6.23,6.2970000000000015,6.188,10078.0
2011-08-23,6.245,6.343,6.358,6.24,12647.0
2011-08-24,6.369,6.317,6.395,6.271,10679.0
2011-08-25,6.343,6.513,6.5489999999999995,6.3020000000000005,24217.0
2011-08-26,6.472,6.621,6.647,6.472,24291.0
2011-08-29,6.585,6.4979999999999976,6.585,6.436,15328.0
2011-08-30,6.518,6.42,6.575,6.42,12190.0
2011-08-31,6.477,6.388999999999999,6.477,6.348,8760.0
2011-09-01,6.4,6.348,6.4510000000000005,6.337999999999999,8708.0
2011-09-02,6.348,6.2810000000000015,6.4,6.266,9174.0
2011-09-05,6.245,6.172999999999999,6.26,6.152,9506.0
2011-09-06,6.183,6.218999999999999,6.266,6.152,7030.0
2011-09-07,6.24,6.3329999999999975,6.348,6.218999999999999,7794.0
2011-09-08,6.374,6.255,6.388999999999999,6.25,7260.0
2011-09-09,6.255,6.224,6.312,6.183,5472.0
2011-09-13,6.1679999999999975,6.1320000000000014,6.209,6.101,7131.0
2011-09-14,6.162999999999999,6.199,6.209,6.085,6487.0
2011-09-15,6.2139999999999995,6.224,6.276,6.193,9067.0
2011-09-16,6.26,6.209,6.2970000000000015,6.209,6028.0
2011-09-19,6.209,6.065,6.209,6.0489999999999995,6725.0
2011-09-20,6.085,6.07,6.126,6.0489999999999995,3469.0
2011-09-21,6.1160000000000005,6.291,6.395,6.059,16150.0
2011-09-22,6.26,6.126,6.2810000000000015,6.1160000000000005,9415.0
2011-09-23,6.075,6.162999999999999,6.188,6.002999999999999,7377.0
2011-09-26,6.09,6.059,6.172999999999999,6.039,5570.0
2011-09-27,6.1110000000000015,6.1160000000000005,6.172999999999999,6.065,8475.0
2011-09-28,6.1160000000000005,6.07,6.193,6.0489999999999995,6407.0
2011-09-29,6.07,6.1160000000000005,6.245,6.013,21286.0
2011-09-30,6.095,6.507999999999999,6.678,6.095,68153.0
2011-10-10,6.492999999999999,6.6320000000000014,6.6370000000000005,6.405,45716.0
2011-10-11,6.704,6.6370000000000005,6.766,6.523,30986.0
2011-10-12,6.601,6.879,6.941,6.4979999999999976,54728.0
2011-10-13,6.817,6.869,7.013,6.735,46593.0
2011-10-14,6.817,6.848,6.9460000000000015,6.683,38491.0
2011-10-17,6.817,6.7810000000000015,6.895,6.73,22482.0
2011-10-18,6.704,6.6370000000000005,6.7810000000000015,6.596,23072.0
2011-10-19,6.704,6.859,7.091,6.704,61717.0
2011-10-20,6.807,6.8329999999999975,6.941,6.735,56335.0
2011-10-21,6.827999999999999,6.74,6.859,6.601,34648.0
2011-10-24,6.776,7.23,7.322999999999999,6.601,82732.0
2011-10-25,7.1270000000000024,7.261,7.322999999999999,7.122000000000001,80730.0
2011-10-26,7.189,7.204,7.312,7.1679999999999975,58928.0
2011-10-27,7.322999999999999,7.235,7.374,7.204,43382.0
2011-10-28,7.322999999999999,7.343,7.57,7.235,61553.0
2011-10-31,7.276,7.22,7.2970000000000015,7.117000000000001,48234.0
2011-11-01,7.172999999999999,7.245,7.349,7.142,39787.0
2011-11-02,7.1579999999999995,7.349,7.359,7.055,41760.0
2011-11-03,7.354,7.312,7.405,7.276,47761.0
2011-11-04,7.2970000000000015,7.266,7.395,7.225,32710.0
2011-11-07,7.235,7.091,7.235,7.07,34000.0
2011-11-08,7.091,7.086,7.204,7.065,25201.0
2011-11-09,7.106,7.1270000000000024,7.162999999999999,6.992999999999999,25650.0
2011-11-10,7.034,7.024,7.096,7.013,16755.0
2011-11-11,7.039,7.101,7.364,7.039,31374.0
2011-11-14,7.117000000000001,7.209,7.215,7.07,29176.0
2011-11-15,7.172999999999999,7.162999999999999,7.225,7.147,16811.0
2011-11-16,7.162999999999999,6.936,7.194,6.91,22763.0
2011-11-17,6.9460000000000015,6.905,7.013,6.874,10947.0
2011-11-18,6.8839999999999995,6.718999999999999,6.936,6.704,14314.0
2011-11-21,6.709,6.761,6.771,6.704,8840.0
2011-11-22,6.718999999999999,6.7860000000000005,6.7920000000000025,6.683,7320.0
2011-11-23,6.817,6.647,6.817,6.642,10045.0
2011-11-24,6.56,6.58,6.694,6.4979999999999976,11342.0
2011-11-25,6.575,6.539,6.6370000000000005,6.529,7969.0
2011-11-28,6.529,6.513,6.6270000000000024,6.492999999999999,6278.0
2011-11-29,6.5489999999999995,6.6320000000000014,6.642,6.529,12362.0
2011-11-30,6.6320000000000014,6.3329999999999975,6.6320000000000014,6.327999999999999,13776.0
2011-12-01,6.472,6.431,6.591,6.426,18124.0
2011-12-02,6.405,6.343,6.41,6.266,16581.0
2011-12-05,6.312,6.337999999999999,6.405,6.245,9620.0
2011-12-06,6.312,6.41,6.436,6.291,10022.0
2011-12-07,6.41,6.4670000000000005,6.57,6.4,12155.0
2011-12-08,6.4510000000000005,6.492999999999999,6.596,6.426,10704.0
2011-12-09,6.4460000000000015,6.492999999999999,6.539,6.4460000000000015,7338.0
2011-12-12,6.518,6.327999999999999,6.518,6.322,10513.0
2011-12-13,6.291,6.209,6.291,6.188,4293.0
2011-12-14,6.245,6.224,6.343,6.224,11081.0
2011-12-15,6.188,6.188,6.24,6.1320000000000014,5285.0
2011-12-16,6.147,6.255,6.266,6.085,10937.0
2011-12-19,6.209,6.188,6.218999999999999,6.09,10033.0
2011-12-20,6.193,6.245,6.291,6.188,9884.0
2011-12-21,6.2860000000000005,6.1370000000000005,6.3329999999999975,6.1370000000000005,9125.0
2011-12-22,6.101,5.8629999999999995,6.142,5.672999999999999,15346.0
2011-12-23,5.8839999999999995,5.92,5.972,5.869,6937.0
2011-12-26,5.92,5.92,5.956,5.9,3413.0
2011-12-27,5.869,5.8020000000000005,5.93,5.791,4922.0
2011-12-28,5.7810000000000015,5.7860000000000005,5.807,5.672999999999999,8177.0
2011-12-29,5.7810000000000015,5.807,5.843,5.765,4919.0
2011-12-30,5.807,5.843,5.869,5.807,4991.0
2012-01-04,5.879,5.6979999999999995,5.894,5.688,5105.0
2012-01-05,5.672999999999999,5.569,5.688,5.559,6718.0
2012-01-06,5.6110000000000015,5.606,5.6370000000000005,5.528,6187.0
2012-01-09,5.631,5.791,5.796,5.497000000000001,11522.0
2012-01-10,5.7860000000000005,5.956,5.972,5.75,21382.0
2012-01-11,5.941,5.888999999999999,5.961,5.8839999999999995,11340.0
2012-01-12,5.936,5.977,6.178,5.936,22159.0
2012-01-13,5.961,5.771,6.013,5.693,15602.0
2012-01-16,5.771,5.683,5.837999999999999,5.672999999999999,7089.0
2012-01-17,5.718999999999999,5.9460000000000015,6.002999999999999,5.672999999999999,19036.0
2012-01-18,5.93,5.848,6.053999999999999,5.822,14913.0
2012-01-19,5.879,5.956,6.002999999999999,5.837999999999999,12675.0
2012-01-20,5.956,6.034,6.053999999999999,5.956,13577.0
2012-01-30,6.1110000000000015,6.018,6.1160000000000005,5.956,19950.0
2012-01-31,6.1110000000000015,6.034,6.147,5.982,19227.0
2012-02-01,6.034,5.956,6.095,5.941,14091.0
2012-02-02,5.982,6.039,6.044,5.93,9801.0
2012-02-03,6.039,6.08,6.09,6.023,25613.0
2012-02-06,6.053999999999999,6.0489999999999995,6.085,5.992000000000001,14170.0
2012-02-07,6.034,5.925,6.034,5.905,13281.0
2012-02-08,5.91,6.08,6.085,5.905,20878.0
2012-02-09,6.07,6.095,6.23,6.039,27690.0
2012-02-10,6.106,6.106,6.218999999999999,6.075,30640.0
2012-02-13,6.028,6.147,6.183,5.956,29273.0
2012-02-14,6.1320000000000014,6.059,6.1320000000000014,6.013,23125.0
2012-02-15,6.059,6.1320000000000014,6.147,6.018,52941.0
2012-02-16,6.142,6.08,6.172999999999999,6.023,37825.0
2012-02-17,6.126,6.044,6.1370000000000005,5.982,30630.0
2012-02-20,6.095,6.08,6.1320000000000014,6.07,37248.0
2012-02-21,6.065,6.121,6.1320000000000014,6.018,24458.0
2012-02-22,6.147,6.2860000000000005,6.343,6.147,79534.0
2012-02-23,6.255,6.255,6.307,6.204,42320.0
2012-02-24,6.26,6.513,6.601,6.218999999999999,101025.0
2012-02-27,6.513,6.456,6.596,6.4510000000000005,74669.0
2012-02-28,6.4510000000000005,6.364,6.518,6.2970000000000015,46003.0
2012-02-29,6.307,6.224,6.307,6.193,39877.0
2012-03-01,6.23,6.255,6.307,6.23,19998.0
2012-03-02,6.25,6.482,6.529,6.23,65865.0
2012-03-05,6.4979999999999976,6.405,6.513,6.3839999999999995,45665.0
2012-03-06,6.379,6.2970000000000015,6.436,6.26,29824.0
2012-03-07,6.26,6.255,6.358,6.245,26422.0
2012-03-08,6.276,6.405,6.456,6.276,45668.0
2012-03-09,6.441,6.709,6.827999999999999,6.42,141644.0
2012-03-12,6.652,6.652,6.704,6.5489999999999995,59601.0
2012-03-13,6.647,6.756,6.761,6.601,52865.0
2012-03-14,6.709,6.343,6.718999999999999,6.266,68911.0
2012-03-15,6.337999999999999,6.178,6.374,6.1320000000000014,31069.0
2012-03-16,6.224,6.26,6.291,6.126,25982.0
2012-03-19,6.23,6.2970000000000015,6.312,6.178,22344.0
2012-03-20,6.266,6.188,6.291,6.172999999999999,17523.0
2012-03-21,6.188,6.224,6.26,6.142,12907.0
2012-03-22,6.218999999999999,6.199,6.255,6.147,13657.0
2012-03-23,6.199,6.039,6.199,6.007999999999999,18658.0
2012-03-26,6.044,6.028,6.07,5.982,8687.0
2012-03-27,6.065,6.007999999999999,6.1110000000000015,5.992000000000001,8717.0
2012-03-28,6.028,5.765,6.028,5.76,21027.0
2012-03-29,5.765,5.76,5.837999999999999,5.718999999999999,11984.0
2012-03-30,5.776,5.807,5.843,5.745,8848.0
2012-04-05,5.827000000000001,5.91,5.93,5.817,15510.0
2012-04-06,5.91,5.8629999999999995,5.9510000000000005,5.8320000000000025,13300.0
2012-04-09,5.8629999999999995,5.76,5.874,5.76,7880.0
2012-04-10,5.765,5.905,5.936,5.76,18251.0
2012-04-11,5.827000000000001,6.007999999999999,6.085,5.822,24421.0
2012-04-12,6.075,6.1160000000000005,6.1370000000000005,5.982,28683.0
2012-04-13,6.162999999999999,6.188,6.291,6.095,30037.0
2012-04-17,6.343,6.529,6.807,6.291,190195.0
2012-04-18,6.4460000000000015,6.4670000000000005,6.539,6.255,119367.0
2012-04-19,6.395,6.492999999999999,6.6270000000000024,6.395,72419.0
2012-04-20,6.477,6.621,6.771,6.395,90877.0
2012-04-23,6.6110000000000015,6.683,6.905,6.575,103503.0
2012-04-24,6.601,6.6270000000000024,6.672999999999999,6.348,68172.0
2012-04-25,6.606,6.941,6.952000000000001,6.565,134294.0
2012-04-26,6.9670000000000005,6.854,6.9670000000000005,6.74,79735.0
2012-04-27,7.478,6.807,7.478,6.704,105392.0
2012-05-02,6.807,6.725,6.843,6.606,69914.0
2012-05-03,6.652,6.6679999999999975,6.7139999999999995,6.58,40621.0
2012-05-04,6.647,6.672999999999999,6.704,6.585,27647.0
2012-05-07,6.6320000000000014,6.58,6.672999999999999,6.529,41908.0
2012-05-08,6.6110000000000015,6.621,6.704,6.601,37113.0
2012-05-09,6.591,6.4510000000000005,6.596,6.4510000000000005,31898.0
2012-05-10,6.4460000000000015,6.472,6.513,6.436,18041.0
2012-05-11,6.4510000000000005,6.487,6.523,6.42,19891.0
2012-05-14,6.539,6.472,6.575,6.456,21625.0
2012-05-15,6.441,6.415,6.441,6.364,14487.0
2012-05-16,6.388999999999999,6.415,6.4620000000000015,6.388999999999999,9814.0
2012-05-17,6.41,6.544,6.553999999999999,6.41,20958.0
2012-05-18,6.4979999999999976,6.327999999999999,6.4979999999999976,6.317,24417.0
2012-05-21,6.3329999999999975,6.343,6.388999999999999,6.291,8345.0
2012-05-22,6.395,6.479,6.489,6.374,12353.0
2012-05-23,6.468,6.505,6.5360000000000005,6.432,12428.0
2012-05-24,6.494,6.479,6.593999999999999,6.4579999999999975,14163.0
2012-05-25,6.489,6.5,6.5360000000000005,6.447,14068.0
2012-05-28,6.5,6.599,6.614,6.374,20919.0
2012-05-29,6.718999999999999,6.766,6.8389999999999995,6.702999999999999,58707.0
2012-05-30,6.75,6.813,6.86,6.745,36844.0
2012-05-31,6.7970000000000015,6.735,6.8229999999999995,6.6770000000000005,27680.0
2012-06-01,6.7079999999999975,6.682,6.776,6.6770000000000005,18568.0
2012-06-04,6.599,6.364,6.599,6.348,33471.0
2012-06-05,6.374,6.312,6.432,6.27,19838.0
2012-06-06,6.327000000000001,6.212999999999999,6.369,6.192,21938.0
2012-06-07,6.28,6.228,6.327000000000001,6.212999999999999,10200.0
2012-06-08,6.296,6.0870000000000015,6.343,6.004,32465.0
2012-06-11,6.0870000000000015,6.202000000000001,6.239,6.045,21521.0
2012-06-12,6.202000000000001,6.181,6.239,6.098,21217.0
2012-06-13,6.218,6.265,6.291,6.16,18363.0
2012-06-14,6.265,6.197,6.28,6.192,17037.0
2012-06-15,6.197,6.254,6.2860000000000005,6.145,14422.0
2012-06-18,6.291,6.369,6.385,6.265,23769.0
2012-06-19,6.327000000000001,6.317,6.353,6.275,14379.0
2012-06-20,6.2860000000000005,6.374,6.447,6.28,10932.0
2012-06-21,6.327000000000001,6.327000000000001,6.369,6.181,18790.0
2012-06-25,6.312,6.181,6.317,6.108,10236.0
2012-06-26,6.108,6.176,6.223,6.098,9237.0
2012-06-27,6.181,6.212999999999999,6.223,6.16,7566.0
2012-06-28,6.568,6.265,6.7920000000000025,6.249,61773.0
2012-06-29,6.186,6.4060000000000015,6.4110000000000005,5.992999999999999,42538.0
2012-07-02,6.385,6.364,6.4,6.27,20951.0
2012-07-03,6.348,6.369,6.468,6.317,21162.0
2012-07-04,6.395,6.265,6.421,6.218,14103.0
2012-07-05,6.249,6.138999999999999,6.265,6.1339999999999995,12247.0
2012-07-06,6.197,6.26,6.2860000000000005,6.124,19992.0
2012-07-09,6.212999999999999,6.0870000000000015,6.239,6.0870000000000015,15283.0
2012-07-10,6.0870000000000015,6.045,6.108,5.9510000000000005,14729.0
2012-07-11,6.045,6.04,6.072,5.983,8328.0
2012-07-12,6.056,6.16,6.186,6.019,11809.0
2012-07-13,6.145,6.108,6.192,6.098,8289.0
2012-07-16,6.124,5.8729999999999976,6.155,5.847,16148.0
2012-07-17,5.8729999999999976,5.978,6.019,5.8629999999999995,7663.0
2012-07-18,5.9670000000000005,6.013999999999999,6.056,5.8729999999999976,10362.0
2012-07-19,6.108,6.202000000000001,6.343,6.04,31177.0
2012-07-20,6.239,6.275,6.317,6.16,23705.0
2012-07-23,6.212999999999999,6.212999999999999,6.223,6.0870000000000015,12500.0
2012-07-24,6.166,6.192,6.249,6.124,6345.0
2012-07-25,6.171,6.066,6.197,6.056,9976.0
2012-07-26,6.004,6.066,6.15,5.888999999999999,23182.0
2012-07-27,6.066,6.051,6.108,5.9460000000000015,11084.0
2012-07-30,6.072,5.899,6.0920000000000005,5.899,11150.0
2012-07-31,5.936,5.858,5.936,5.847,9459.0
2012-08-01,5.852,5.899,5.9510000000000005,5.847,6629.0
2012-08-02,5.899,5.763999999999999,5.925,5.757999999999999,10442.0
2012-08-03,5.795,5.831,5.8420000000000005,5.769,7467.0
2012-08-06,5.8370000000000015,5.931,5.941,5.8260000000000005,8761.0
2012-08-07,5.931,6.0820000000000025,6.138999999999999,5.931,27700.0
2012-08-08,6.061,5.9879999999999995,6.0820000000000025,5.9460000000000015,14417.0
2012-08-09,5.978,6.019,6.051,5.9620000000000015,10708.0
2012-08-10,6.03,5.9510000000000005,6.045,5.941,14120.0
2012-08-13,5.972,5.852,5.972,5.852,13784.0
2012-08-14,5.858,5.894,5.905,5.8210000000000015,7528.0
2012-08-15,5.888999999999999,5.8210000000000015,5.905,5.811,7028.0
2012-08-16,5.8210000000000015,5.8,5.8420000000000005,5.784,5410.0
2012-08-17,5.8260000000000005,5.805,5.8629999999999995,5.757999999999999,4753.0
2012-08-20,5.795,5.8,5.8420000000000005,5.752999999999999,5567.0
2012-08-21,5.8210000000000015,5.8370000000000015,5.8629999999999995,5.805,7641.0
2012-08-22,5.8370000000000015,5.784,5.8370000000000015,5.757999999999999,7991.0
2012-08-23,5.8210000000000015,5.8260000000000005,5.847,5.784,5996.0
2012-08-24,5.8260000000000005,5.784,5.8370000000000015,5.779,4938.0
2012-08-27,5.769,5.659,5.769,5.638,9840.0
2012-08-28,5.675,5.685,5.711,5.638,5090.0
2012-08-29,5.67,5.591,5.69,5.57,5934.0
2012-08-30,5.586,5.612,5.68,5.5760000000000005,10991.0
2012-08-31,5.596,5.607,5.654,5.586,4831.0
2012-09-03,5.607,5.7479999999999976,5.7479999999999976,5.607,15751.0
2012-09-04,5.742999999999999,5.643,5.742999999999999,5.6229999999999976,7992.0
2012-09-05,5.664,5.664,5.706,5.617000000000001,4028.0
2012-09-06,5.654,5.6960000000000015,5.727,5.654,5365.0
2012-09-07,5.7170000000000005,5.8260000000000005,5.925,5.675,27662.0
2012-09-10,5.8420000000000005,5.811,5.847,5.79,19455.0
2012-09-11,5.816,5.7170000000000005,5.816,5.659,18906.0
2012-09-12,5.752999999999999,5.779,5.805,5.722,15023.0
2012-09-13,5.779,5.732,5.8260000000000005,5.722,14635.0
2012-09-14,5.769,5.722,5.779,5.68,9215.0
2012-09-17,5.69,5.523,5.727,5.523,20871.0
2012-09-18,5.534,5.482,5.56,5.461,11415.0
2012-09-19,5.487,5.492000000000001,5.507999999999999,5.466,9162.0
2012-09-20,5.492000000000001,5.315,5.529,5.309,13207.0
2012-09-21,5.315,5.3820000000000014,5.398,5.315,12195.0
2012-09-24,5.33,5.3820000000000014,5.403,5.273,8513.0
2012-09-25,5.3770000000000024,5.33,5.3770000000000024,5.33,5721.0
2012-09-26,5.3770000000000024,5.247000000000001,5.3770000000000024,5.231,5916.0
2012-09-27,5.273,5.32,5.372000000000001,5.221,13257.0
2012-09-28,5.2989999999999995,5.372000000000001,5.3820000000000014,5.273,12481.0
2012-10-08,5.3820000000000014,5.341,5.398,5.33,6403.0
2012-10-09,5.356,5.45,5.456,5.356,9647.0
2012-10-10,5.409,5.487,5.507999999999999,5.409,9272.0
2012-10-11,5.523,5.445,5.56,5.428999999999999,9677.0
2012-10-12,5.409,5.419,5.502999999999999,5.388,7694.0
2012-10-15,5.428999999999999,5.513,5.523,5.356,16481.0
2012-10-16,5.492000000000001,5.507999999999999,5.555,5.476,11102.0
2012-10-17,5.482,5.476,5.529,5.44,4788.0
2012-10-18,5.476,5.55,5.57,5.476,11923.0
2012-10-19,5.55,5.555,5.722,5.544,22774.0
2012-10-22,5.471,5.544,5.565,5.461,9588.0
2012-10-23,5.555,5.534,5.649,5.513,14435.0
2012-10-24,5.497000000000001,5.502999999999999,5.544,5.492000000000001,6032.0
2012-10-25,5.555,5.482,5.555,5.476,6204.0
2012-10-26,5.513,5.2989999999999995,5.513,5.273,14523.0
2012-10-29,5.2989999999999995,5.2989999999999995,5.346,5.273,6677.0
2012-10-30,5.2989999999999995,5.287999999999999,5.372000000000001,5.247000000000001,7195.0
2012-10-31,5.2989999999999995,5.303999999999999,5.315,5.268,4382.0
2012-11-01,5.2989999999999995,5.461,5.482,5.2989999999999995,21379.0
2012-11-02,5.461,5.5760000000000005,5.602,5.428999999999999,22378.0
2012-11-05,5.55,5.497000000000001,5.581,5.456,11484.0
2012-11-06,5.482,5.435,5.497000000000001,5.372000000000001,8505.0
2012-11-07,5.466,5.428999999999999,5.476,5.4239999999999995,5189.0
2012-11-08,5.393,5.325,5.4239999999999995,5.325,7417.0
2012-11-09,5.32,5.33,5.372000000000001,5.303999999999999,5030.0
2012-11-12,5.351,5.435,5.45,5.2989999999999995,15008.0
2012-11-13,5.393,5.273,5.414,5.273,12779.0
2012-11-14,5.303999999999999,5.247000000000001,5.303999999999999,5.226,7530.0
2012-11-15,5.2360000000000015,5.21,5.2829999999999995,5.21,7687.0
2012-11-16,5.205,5.221,5.247000000000001,5.142,5725.0
2012-11-19,5.215,5.2620000000000005,5.471,5.21,6841.0
2012-11-20,5.2829999999999995,5.2570000000000014,5.294,5.252000000000002,3949.0
2012-11-21,5.2570000000000014,5.309,5.315,5.215,12523.0
2012-11-22,5.309,5.221,5.309,5.221,6418.0
2012-11-23,5.231,5.252000000000002,5.2829999999999995,5.231,3421.0
2012-11-26,5.303999999999999,5.309,5.44,5.303999999999999,20270.0
2012-11-27,5.247000000000001,5.221,5.372000000000001,5.2,17823.0
2012-11-28,5.21,5.043,5.2360000000000015,5.012,19780.0
2012-11-29,5.0169999999999995,4.9910000000000005,5.074,4.9910000000000005,8032.0
2012-11-30,5.059,5.064,5.1160000000000005,4.996,12951.0
2012-12-03,5.064,5.027,5.1160000000000005,5.022,9807.0
2012-12-04,5.038,5.012,5.038,4.886,12954.0
2012-12-05,5.007,5.162999999999999,5.215,4.98,23707.0
2012-12-06,5.167999999999998,5.1370000000000005,5.178999999999999,5.09,10150.0
2012-12-07,5.142,5.215,5.231,5.121,16811.0
2012-12-10,5.2570000000000014,5.2620000000000005,5.2829999999999995,5.195,19284.0
2012-12-11,5.2360000000000015,5.273,5.309,5.2360000000000015,18101.0
2012-12-12,5.2620000000000005,5.215,5.268,5.167999999999998,13272.0
2012-12-13,5.2,5.189,5.252000000000002,5.167999999999998,8784.0
2012-12-14,5.184,5.393,5.403,5.167999999999998,39763.0
2012-12-17,5.362,5.428999999999999,5.456,5.356,27329.0
2012-12-18,5.403,5.414,5.497000000000001,5.362,19326.0
2012-12-19,5.403,5.409,5.419,5.372000000000001,13671.0
2012-12-20,5.414,5.409,5.435,5.346,15977.0
2012-12-21,5.414,5.456,5.539,5.372000000000001,31796.0
2012-12-24,5.419,5.529,5.581,5.372000000000001,33725.0
2012-12-25,5.492000000000001,5.627999999999999,5.68,5.44,61108.0
2012-12-26,5.638,6.192,6.192,5.638,167861.0
2012-12-27,6.369,6.004,6.432,5.978,166372.0
2012-12-28,5.9510000000000005,6.291,6.359,5.9510000000000005,142139.0
2012-12-31,6.265,6.212999999999999,6.421,6.119,100700.0
2013-01-04,6.249,6.2070000000000025,6.369,6.176,63972.0
2013-01-07,6.181,6.155,6.186,6.051,47167.0
2013-01-08,6.181,6.2070000000000025,6.2860000000000005,6.1129999999999995,49133.0
2013-01-09,6.239,6.192,6.385,6.119,57925.0
2013-01-10,6.192,6.239,6.343,6.15,48303.0
2013-01-11,6.218,5.992999999999999,6.233,5.9879999999999995,38342.0
2013-01-14,5.983,6.197,6.202000000000001,5.9620000000000015,43771.0
2013-01-15,6.176,6.202000000000001,6.239,6.155,35675.0
2013-01-16,6.171,6.066,6.212999999999999,6.045,36476.0
2013-01-17,6.045,6.066,6.145,6.004,25305.0
2013-01-18,6.0820000000000025,6.244,6.27,6.056,47224.0
2013-01-21,6.301,6.212999999999999,6.359,6.197,64003.0
2013-01-22,6.186,6.4270000000000005,6.745,6.098,110360.0
2013-01-23,6.416,6.452999999999999,6.5520000000000005,6.265,82360.0
2013-01-24,6.4110000000000005,6.2070000000000025,6.468,6.16,51509.0
2013-01-25,6.212999999999999,6.0920000000000005,6.265,6.0820000000000025,25383.0
2013-01-28,6.181,6.322,6.327000000000001,6.15,37271.0
2013-01-29,6.337999999999999,6.3329999999999975,6.39,6.28,30336.0
2013-01-30,6.337999999999999,6.395,6.4060000000000015,6.317,33737.0
2013-01-31,6.39,6.254,6.462999999999999,6.212999999999999,34201.0
2013-02-01,6.254,6.254,6.317,6.181,19828.0
2013-02-04,6.2860000000000005,6.275,6.343,6.186,23482.0
2013-02-05,6.218,6.359,6.38,6.197,36726.0
2013-02-06,6.369,6.364,6.468,6.322,27407.0
2013-02-07,6.421,6.447,6.515,6.322,35167.0
2013-02-08,6.4110000000000005,6.489,6.5470000000000015,6.4,36491.0
2013-02-18,6.5310000000000015,6.521,6.5360000000000005,6.432,26937.0
2013-02-19,6.51,6.228,6.51,6.202000000000001,40765.0
2013-02-20,6.244,6.233,6.244,6.16,18812.0
2013-02-21,6.2070000000000025,6.098,6.239,6.004,34824.0
2013-02-22,6.103,6.176,6.395,6.056,32448.0
2013-02-25,6.16,6.218,6.301,6.155,20483.0
2013-02-26,6.16,6.056,6.228,6.035,24774.0
2013-02-27,6.0870000000000015,6.343,6.359,6.072,53721.0
2013-02-28,6.306,6.5520000000000005,6.587999999999999,6.254,100213.0
2013-03-01,6.541,6.484,6.541,6.369,42954.0
2013-03-04,6.301,5.9979999999999976,6.301,5.9510000000000005,64091.0
2013-03-05,5.899,6.03,6.0820000000000025,5.899,22313.0
2013-03-06,6.03,6.15,6.26,5.992999999999999,33011.0
2013-03-07,6.129,6.166,6.26,6.098,24646.0
2013-03-08,6.166,6.019,6.202000000000001,6.0089999999999995,32874.0
2013-03-11,6.061,6.051,6.124,6.019,13947.0
2013-03-12,6.03,5.9670000000000005,6.0920000000000005,5.92,18976.0
2013-03-13,5.992999999999999,5.852,6.004,5.805,14227.0
2013-03-14,5.8260000000000005,5.8420000000000005,5.899,5.8210000000000015,7951.0
2013-03-15,5.8729999999999976,5.795,5.899,5.752999999999999,14784.0
2013-03-18,5.79,5.7479999999999976,5.847,5.742999999999999,10879.0
2013-03-19,5.779,5.79,5.795,5.706,10581.0
2013-03-20,5.79,5.905,5.91,5.79,15993.0
2013-03-21,5.899,5.8839999999999995,5.925,5.847,12145.0
2013-03-22,5.899,5.91,5.972,5.867999999999999,13383.0
2013-03-25,5.905,5.8839999999999995,5.9510000000000005,5.847,12719.0
2013-03-26,5.8729999999999976,5.8370000000000015,5.9460000000000015,5.8,12292.0
2013-03-27,5.831,6.004,6.056,5.8210000000000015,30203.0
2013-03-28,5.9510000000000005,5.752999999999999,5.9510000000000005,5.732,22837.0
2013-03-29,5.8,5.858,6.025,5.706,24935.0
2013-04-01,5.769,5.811,5.888999999999999,5.769,12085.0
2013-04-02,5.811,5.894,5.978,5.79,20470.0
2013-04-03,5.899,5.811,5.9460000000000015,5.795,12565.0
2013-04-08,5.742999999999999,5.67,5.742999999999999,5.6229999999999976,15219.0
2013-04-09,5.7010000000000005,5.69,5.737,5.67,13321.0
2013-04-10,5.6960000000000015,5.68,5.727,5.638,9930.0
2013-04-11,5.69,5.654,5.7170000000000005,5.654,6093.0
2013-04-12,5.67,5.638,5.737,5.632999999999999,8878.0
2013-04-15,5.649,5.711,5.769,5.643,17381.0
2013-04-16,5.664,5.757999999999999,5.769,5.602,17721.0
2013-04-17,5.784,5.978,6.16,5.757999999999999,57307.0
2013-04-18,5.888999999999999,5.9460000000000015,6.0089999999999995,5.888999999999999,27141.0
2013-04-19,5.92,6.098,6.3329999999999975,5.92,63867.0
2013-04-22,6.056,6.1339999999999995,6.138999999999999,6.004,36553.0
2013-04-23,6.129,5.899,6.129,5.877999999999999,35405.0
2013-04-24,5.905,5.9620000000000015,5.978,5.888999999999999,19020.0
2013-04-25,5.9879999999999995,5.91,6.0089999999999995,5.899,21702.0
2013-04-26,5.9510000000000005,5.811,5.9510000000000005,5.795,13096.0
2013-05-02,5.805,5.847,5.888999999999999,5.742999999999999,11816.0
2013-05-03,5.852,5.9510000000000005,5.9879999999999995,5.852,14217.0
2013-05-06,5.9460000000000015,6.03,6.045,5.9460000000000015,20060.0
2013-05-07,6.025,5.978,6.045,5.9570000000000025,11272.0
2013-05-08,5.992999999999999,5.941,6.072,5.915,17089.0
2013-05-09,5.931,5.8839999999999995,5.972,5.8370000000000015,16711.0
2013-05-10,5.8729999999999976,5.9670000000000005,5.978,5.847,19986.0
2013-05-13,5.9510000000000005,5.978,5.9979999999999976,5.905,16267.0
2013-05-14,5.9979999999999976,6.051,6.1339999999999995,5.992999999999999,45936.0
2013-05-15,5.978,6.108,6.108,5.9510000000000005,24170.0
2013-05-16,6.098,6.249,6.265,6.066,48252.0
2013-05-17,6.233,6.249,6.348,6.181,41694.0
2013-05-20,6.244,6.218,6.306,6.212999999999999,40960.0
2013-05-21,6.249,6.166,6.249,6.145,37095.0
2013-05-22,6.16,6.239,6.337999999999999,6.16,46012.0
2013-05-23,6.212999999999999,6.145,6.244,6.138999999999999,26520.0
2013-05-24,6.1979999999999995,6.245,6.245,6.1610000000000005,14404.0
2013-05-27,6.272,6.272,6.287999999999999,6.212999999999999,18618.0
2013-05-28,6.256,6.382999999999999,6.388,6.256,32187.0
2013-05-29,6.393,6.33,6.404,6.303,28329.0
2013-05-30,6.314,6.303,6.325,6.256,19071.0
2013-05-31,6.319,6.245,6.335,6.235,17213.0
2013-06-03,6.272,6.287999999999999,6.33,6.235,21820.0
2013-06-04,6.282,6.138999999999999,6.282,6.124,19406.0
2013-06-05,6.145,6.33,6.335,6.102,21743.0
2013-06-06,6.245,6.202999999999999,6.309,6.182,14689.0
2013-06-07,6.245,6.171,6.266,6.124,17532.0
2013-06-13,6.039,5.891,6.06,5.837999999999999,25600.0
2013-06-14,5.88,5.912000000000001,5.933,5.88,10760.0
2013-06-17,5.9170000000000025,5.854,5.954,5.757999999999999,11698.0
2013-06-18,5.837999999999999,5.843,5.901,5.795,6409.0
2013-06-19,5.843,5.737,5.843,5.6739999999999995,8915.0
2013-06-20,5.752999999999999,5.662999999999999,5.774,5.6579999999999995,10869.0
2013-06-21,5.584,5.652,5.6739999999999995,5.525,10383.0
2013-06-24,5.662999999999999,5.605,5.801,5.525,30204.0
2013-06-25,5.51,5.435,5.568,5.107,25006.0
2013-06-26,5.425,5.4879999999999995,5.563,5.414,16739.0
2013-06-27,5.499,5.4620000000000015,5.5729999999999995,5.425,16267.0
2013-06-28,5.4620000000000015,5.5729999999999995,5.742000000000001,5.42,25188.0
2013-07-01,5.6370000000000005,5.822,5.8320000000000025,5.584,33899.0
2013-07-02,5.757999999999999,5.928,6.023,5.727,35973.0
2013-07-03,5.896,5.769,5.896,5.69,22447.0
2013-07-04,5.928,5.843,5.97,5.79,41468.0
2013-07-05,5.843,5.716,5.9220000000000015,5.716,21966.0
2013-07-08,5.662999999999999,5.42,5.662999999999999,5.414,21253.0
2013-07-09,5.425,5.4620000000000015,5.4670000000000005,5.388,10366.0
2013-07-10,5.4510000000000005,5.5729999999999995,5.584,5.4510000000000005,11153.0
2013-07-11,5.577999999999999,5.737,5.795,5.5729999999999995,19300.0
2013-07-12,5.716,5.61,5.737,5.6,13778.0
2013-07-15,5.6370000000000005,5.695,5.721,5.615,9360.0
2013-07-16,5.705,5.695,5.716,5.61,10589.0
2013-07-17,5.7,5.737,5.859,5.6679999999999975,25815.0
2013-07-18,5.763999999999999,5.605,5.763999999999999,5.6,12999.0
2013-07-19,5.593999999999999,5.4670000000000005,5.642,5.4570000000000025,15394.0
2013-07-22,5.4620000000000015,5.5360000000000005,5.5889999999999995,5.43,9476.0
2013-07-23,5.541,5.647,5.6579999999999995,5.515,13947.0
2013-07-24,5.626,5.577999999999999,5.647,5.5310000000000015,11948.0
2013-07-25,5.577999999999999,5.557,5.615,5.5360000000000005,7810.0
2013-07-26,5.568,5.563,5.593999999999999,5.5360000000000005,5932.0
2013-07-29,5.563,5.4570000000000025,5.563,5.441,11517.0
2013-07-30,5.4620000000000015,5.473,5.52,5.425,8075.0
2013-07-31,5.515,5.525,5.647,5.51,12450.0
2013-08-01,5.525,5.61,5.61,5.483,12320.0
2013-08-02,5.647,5.61,5.705,5.6,17216.0
2013-08-05,5.6,5.642,5.647,5.563,10740.0
2013-08-06,5.642,5.662999999999999,5.69,5.593999999999999,13427.0
2013-08-07,5.662999999999999,5.662999999999999,5.737,5.642,15535.0
2013-08-08,5.6679999999999975,5.69,5.737,5.6679999999999975,10539.0
2013-08-09,5.727,5.684,5.727,5.6370000000000005,9562.0
2013-08-12,5.69,5.806,5.827000000000001,5.678999999999999,27433.0
2013-08-13,5.848,5.806,5.848,5.79,14350.0
2013-08-14,5.806,6.102,6.325,5.801,61756.0
2013-08-15,6.039,5.9910000000000005,6.235,5.965,60228.0
2013-08-16,5.954,6.018,6.5889999999999995,5.891,58038.0
2013-08-19,5.949,6.251,6.33,5.944,53063.0
2013-08-20,6.202999999999999,6.171,6.325,6.1339999999999995,29999.0
2013-08-21,6.138999999999999,6.1339999999999995,6.218999999999999,6.065,22543.0
2013-08-22,6.155,6.117999999999999,6.235,6.097,24747.0
2013-08-23,6.297999999999999,6.346,6.6,6.182,106573.0
2013-08-26,6.341,6.981,6.981,6.245,226132.0
2013-08-27,7.0710000000000015,7.68,7.68,7.0710000000000015,348597.0
2013-08-28,7.727,8.447000000000001,8.447000000000001,7.515,355824.0
2013-08-29,8.627,9.294,9.294,8.426,441742.0
2013-08-30,9.744,10.225,10.225,9.568999999999999,361287.0
2013-09-02,10.818,9.537,11.247,9.267000000000001,594760.0
2013-09-03,9.828,9.823,10.141,9.474,427426.0
2013-09-04,9.685,9.939,10.479000000000001,9.527000000000001,470406.0
2013-09-05,9.552999999999999,9.521,9.707,9.283,315945.0
2013-09-06,9.453,10.474,10.474,9.453,531611.0
2013-09-09,10.474,10.051,10.474,9.855,397562.0
2013-09-10,9.897,10.717,11.056,9.744,502565.0
2013-09-11,10.665,10.448,10.665,9.966000000000001,355852.0
2013-09-12,10.342,10.283,10.543,10.097999999999999,218793.0
2013-09-13,10.305,9.913,10.469000000000001,9.775,204537.0
2013-09-16,9.881,10.432,10.902999999999999,9.797,470864.0
2013-09-17,10.187999999999999,9.887,10.267999999999999,9.802,247136.0
2013-09-18,9.749,10.876,10.876,9.648,468259.0
2013-09-23,11.353,11.966,11.966,11.325999999999999,260149.0
2013-09-24,13.163,13.163,13.163,13.025,270274.0
2013-09-25,14.48,14.48,14.48,13.856,307417.0
2013-09-26,14.395999999999999,14.242,15.449000000000002,13.761,748153.0
2013-09-27,14.130999999999998,12.819,14.602,12.819,615401.0
2013-09-30,12.543,12.67,12.946,12.220999999999998,428222.0
2013-10-08,12.543,12.808,12.834000000000001,11.972000000000001,355901.0
2013-10-09,12.57,12.829,13.078,12.411,361809.0
2013-10-10,12.702,12.215,12.977,11.982000000000001,315515.0
2013-10-11,12.469000000000001,13.437999999999999,13.437999999999999,12.31,333744.0
2013-10-14,14.66,13.850999999999999,14.782,13.634,620670.0
2013-10-15,13.284,13.401,13.655,13.115,336811.0
2013-10-16,13.115,12.062000000000001,13.152000000000001,12.062000000000001,281521.0
2013-10-17,12.078,11.315,12.315999999999999,11.114,268937.0
2013-10-18,11.368,11.49,11.532,10.913,147468.0
2013-10-21,11.485,11.787,11.956,11.357999999999999,184962.0
2013-10-22,11.644,11.453,11.686,11.009,195576.0
2013-10-23,11.474,11.595999999999998,11.935,11.114,204440.0
2013-10-24,11.718,11.357999999999999,12.067,11.353,184366.0
2013-10-25,11.114,10.294,11.114,10.22,288815.0
2013-10-28,10.294,10.442,10.595999999999998,10.097999999999999,177415.0
2013-10-29,10.41,10.241,10.41,9.552999999999999,227269.0
2013-10-30,10.066,10.125,10.187999999999999,9.971,129697.0
2013-10-31,10.32,10.066,10.792,10.051,230812.0
2013-11-01,9.759,10.156,10.479000000000001,9.568999999999999,171494.0
2013-11-04,10.014,9.966000000000001,10.151,9.834,92817.0
2013-11-05,9.897,10.262,10.273,9.818,136754.0
2013-11-06,10.22,9.828,10.442,9.775,157634.0
2013-11-07,9.632,9.749,10.051,9.537,112920.0
2013-11-08,9.775,10.167,10.522,9.632,245987.0
2013-11-11,9.945,9.273,10.014,9.251,173881.0
2013-11-12,9.288,9.505,9.622,9.177,107588.0
2013-11-13,9.32,9.267000000000001,9.59,9.257,88942.0
2013-11-14,9.151,9.352,9.357000000000001,8.918,135786.0
2013-11-15,9.326,9.537,9.834,9.304,195509.0
2013-11-18,9.58,9.807,9.818,9.378,160636.0
2013-11-19,9.765,10.187999999999999,10.425999999999998,9.701,258458.0
2013-11-20,10.135,10.082,10.135,9.887,117404.0
2013-11-21,10.104,10.156,10.294,10.003,132338.0
2013-11-22,10.167,9.828,10.193,9.765,107852.0
2013-11-25,9.68,9.664,9.871,9.479,85003.0
2013-11-26,9.611,9.58,9.738,9.527000000000001,63705.0
2013-11-27,9.58,9.685,9.844,9.564,72822.0
2013-11-28,9.786,9.712,9.818,9.658999999999999,69324.0
2013-11-29,9.749,9.834,9.871,9.664,81007.0
2013-12-02,9.585,9.024,9.622,8.934,131078.0
2013-12-03,9.113999999999999,9.236,9.288,9.061,67221.0
2013-12-04,9.246,10.162,10.162,9.183,196149.0
2013-12-05,10.162,10.187999999999999,10.373,10.008,261564.0
2013-12-06,10.097999999999999,9.924,10.097999999999999,9.797,92996.0
2013-12-09,9.992,10.077,10.13,9.823,73397.0
2013-12-10,10.056000000000001,10.32,10.575,10.024,144731.0
2013-12-11,10.31,10.077,10.31,9.902000000000001,81523.0
2013-12-12,10.008,9.966000000000001,10.162,9.95,64280.0
2013-12-13,9.871,10.014,10.077,9.86,66353.0
2013-12-16,10.056000000000001,9.691,10.109,9.595,72629.0
2013-12-17,9.664,9.701,9.892000000000001,9.627,34561.0
2013-12-18,9.648,9.41,9.775,9.341000000000001,49392.0
2013-12-19,9.5,9.209,9.527000000000001,9.167,42137.0
2013-12-20,9.214,9.161,9.368,9.109,37637.0
2013-12-23,9.167,8.939,9.251,8.854,38935.0
2013-12-24,8.992,8.823,9.045,8.256,40763.0
2013-12-25,8.865,8.96,8.966000000000003,8.669,32299.0
2013-12-26,8.943999999999997,8.828,9.156,8.764,53864.0
2013-12-27,8.764,8.923,8.997,8.706,34993.0
2013-12-30,8.939,8.929,9.024,8.897,28750.0
2013-12-31,8.918,8.992,9.029,8.754,29621.0
2014-01-02,8.997,9.093,9.14,8.96,37124.0
2014-01-03,9.05,8.876,9.05,8.775,44829.0
2014-01-06,8.833,8.299,8.833,8.262,57441.0
2014-01-07,8.283,8.632,8.918,8.235,88252.0
2014-01-08,8.532,8.463,8.712,8.362,45608.0
2014-01-09,8.405,8.701,9.209,8.405,72628.0
2014-01-10,8.6,8.701,8.817,8.526,41340.0
2014-01-13,8.759,8.759,8.955,8.6,42776.0
2014-01-14,8.833,8.902000000000003,8.929,8.648,46333.0
2014-01-15,8.87,8.807,8.918,8.696,35461.0
2014-01-16,8.839,8.802,8.923,8.706,49788.0
2014-01-17,8.722000000000001,8.468,8.722000000000001,8.447000000000001,47191.0
2014-01-20,8.426,8.442,8.547,8.415,20128.0
2014-01-21,8.415,8.552999999999999,8.595,8.415,34685.0
2014-01-22,8.59,8.992,9.04,8.59,94829.0
2014-01-23,8.981,8.876,8.981,8.823,58357.0
2014-01-24,8.812000000000003,9.008,9.251,8.791,78848.0
2014-01-27,8.934,9.066,9.167,8.892000000000003,58693.0
2014-01-28,9.056000000000001,9.426,9.595,9.033999999999999,120873.0
2014-01-29,9.331,9.368,9.431000000000001,9.246,60283.0
2014-01-30,9.426,9.384,9.58,9.288,61406.0
2014-02-07,9.262,9.204,9.262,8.997,56773.0
2014-02-10,9.262,9.458,9.521,9.214,67698.0
2014-02-11,9.527000000000001,9.617,9.658999999999999,9.363,99928.0
2014-02-12,9.642999999999999,9.558,9.642999999999999,9.431000000000001,66614.0
2014-02-13,9.527000000000001,9.701,9.945,9.447000000000001,111152.0
2014-02-14,9.606,9.828,9.892000000000001,9.606,75362.0
2014-02-17,9.86,9.77,9.934,9.642999999999999,72886.0
2014-02-18,9.749,9.505,9.754,9.474,80088.0
2014-02-19,9.568999999999999,9.568999999999999,9.675,9.49,57811.0
2014-02-20,9.568999999999999,9.552999999999999,9.786,9.341000000000001,82992.0
2014-02-21,9.5,9.251,9.505,9.183,50599.0
2014-02-24,9.193,8.706,9.193,8.5,83885.0
2014-02-25,8.717,8.405,8.749,8.346,61783.0
2014-02-26,8.299,8.42,8.442,8.161,36827.0
2014-02-27,8.579,8.368,8.764,8.304,52572.0
2014-02-28,8.283,8.42,8.436,8.256,27909.0
2014-03-03,8.42,8.59,8.701,8.378,43203.0
2014-03-04,8.552999999999999,8.579,8.652999999999999,8.436,35312.0
2014-03-05,8.664,8.542,8.696,8.521,27430.0
2014-03-06,8.574,8.669,8.786,8.562999999999999,46882.0
2014-03-07,8.675,8.568999999999999,8.701,8.505,33510.0
2014-03-10,8.463,8.235,8.463,8.156,33977.0
2014-03-11,8.172,8.225,8.315,8.145,22669.0
2014-03-12,8.225,8.272,8.309,8.161,23119.0
2014-03-13,8.256,8.537,8.611,8.219,52555.0
2014-03-14,8.447000000000001,8.362,8.516,8.293,23201.0
2014-03-17,8.463,8.532,8.558,8.378,29444.0
2014-03-18,8.579,8.558,8.732999999999999,8.547,25133.0
2014-03-19,8.526,8.558,8.59,8.415,25924.0
2014-03-20,8.59,8.484,8.632,8.394,31773.0
2014-03-21,8.463,8.675,8.727,8.362,50437.0
2014-03-24,8.68,8.706,8.77,8.6,52497.0
2014-03-25,8.727,9.58,9.58,8.727,247924.0
2014-03-26,9.77,9.32,9.834,9.262,201629.0
2014-03-27,9.32,9.341000000000001,9.511000000000001,9.146,101425.0
2014-03-28,9.288,9.066,9.564,8.955,93913.0
2014-03-31,9.029,8.627,9.156,8.574,68957.0
2014-04-01,8.616,8.712,8.759,8.526,42138.0
2014-04-02,8.706,8.828,8.934,8.706,52101.0
2014-04-03,8.876,8.685,8.876,8.59,41866.0
2014-04-04,8.675,9.071,9.262,8.622,87390.0
2014-04-08,8.971,9.097999999999999,9.151,8.923,61831.0
2014-04-09,9.236,9.135,9.315,9.061,54452.0
2014-04-10,9.103,9.14,9.204,9.082,50827.0
2014-04-11,9.103,9.013,9.14,8.939,39758.0
2014-04-14,9.04,9.056000000000001,9.097999999999999,8.997,27252.0
2014-04-15,9.024,9.14,9.442,8.997,74028.0
2014-04-16,9.024,9.056000000000001,9.172,9.003,33587.0
2014-04-17,9.087,9.341000000000001,9.505,9.087,139418.0
2014-04-18,9.262,9.437000000000001,9.447000000000001,9.172,62980.0
2014-04-21,9.347000000000001,9.484,10.003,9.283,166728.0
2014-04-22,9.68,10.162,10.209,9.527000000000001,247988.0
2014-04-23,10.045,9.86,10.183,9.765,142294.0
2014-04-24,9.797,9.405,9.897,9.4,104554.0
2014-04-25,9.447000000000001,9.177,9.453,9.156,77049.0
2014-04-28,9.097999999999999,8.562999999999999,9.146,8.468,89333.0
2014-04-29,8.616,8.78,8.87,8.616,53223.0
2014-04-30,8.732999999999999,8.833,8.934,8.669,39681.0
2014-05-05,8.812000000000003,8.764,8.839,8.579,38943.0
2014-05-06,8.791,8.854,8.939,8.712,45043.0
2014-05-07,8.764,8.664,8.828,8.632,35860.0
2014-05-08,8.632,8.685,8.844,8.6,30282.0
2014-05-09,8.706,8.632,8.727,8.579,25283.0
2014-05-12,8.743,8.839,8.881,8.69,42105.0
2014-05-13,8.865,8.876,8.923,8.738,30517.0
2014-05-14,8.892000000000003,8.839,8.976,8.823,32112.0
2014-05-15,8.854,8.881,8.971,8.817,49239.0
2014-05-16,8.854,8.839,8.892000000000003,8.706,29441.0
2014-05-19,8.812000000000003,8.669,8.865,8.585,30248.0
2014-05-20,8.764,8.669,8.812000000000003,8.642999999999999,26771.0
2014-05-21,8.627,8.68,8.685,8.532,30332.0
2014-05-22,8.685,8.722000000000001,8.934,8.632,44913.0
2014-05-23,8.706,8.849,8.865,8.652999999999999,34497.0
2014-05-26,8.87,8.812000000000003,8.939,8.732999999999999,38690.0
2014-05-27,8.786,8.754,8.849,8.722000000000001,18411.0
2014-05-28,8.791,8.828,8.839,8.764,23717.0
2014-05-29,8.828,8.992,9.198,8.759,85438.0
2014-05-30,8.923,8.844,8.934,8.78,35579.0
2014-06-03,8.833,8.791,8.87,8.786,22888.0
2014-06-04,8.812000000000003,8.764,8.929,8.69,23492.0
2014-06-05,8.759,8.786,8.823,8.69,23891.0
2014-06-06,8.812000000000003,8.796,8.992,8.732999999999999,58237.0
2014-06-09,8.732999999999999,8.701,8.881,8.69,42721.0
2014-06-10,8.712,8.77,8.796,8.675,31364.0
2014-06-11,8.78,8.775,8.791,8.732999999999999,18817.0
2014-06-12,8.829,8.754,8.856,8.722000000000001,60292.0
2014-06-13,8.727,8.77,8.802,8.706,34681.0
2014-06-16,8.77,8.759,8.791,8.711,31677.0
2014-06-17,8.759,8.679,8.765,8.641,31529.0
2014-06-18,8.652000000000001,8.512,8.695,8.48,41618.0
2014-06-19,8.512,8.517999999999999,8.732000000000001,8.48,36572.0
2014-06-20,8.523,8.437000000000001,8.523,8.351,24461.0
2014-06-23,8.443,8.448,8.523,8.41,15653.0
2014-06-24,8.432,8.523,8.533999999999999,8.405,18805.0
2014-06-25,8.491,8.464,8.577,8.443,12608.0
2014-06-26,8.475,8.539,8.561,8.469,18031.0
2014-06-27,8.527999999999999,8.486,8.545,8.437000000000001,27850.0
2014-06-30,8.496,8.502,8.527999999999999,8.453,20339.0
2014-07-01,8.527999999999999,8.566,8.566,8.469,25282.0
2014-07-02,8.609,8.55,8.625,8.475,20429.0
2014-07-03,8.507,8.657,8.748,8.507,52421.0
2014-07-04,8.647,8.609,8.668,8.561,27943.0
2014-07-07,8.63,8.597999999999999,8.722000000000001,8.539,27195.0
2014-07-08,8.597999999999999,8.55,8.597999999999999,8.405,24059.0
2014-07-09,8.577,8.367,8.577,8.351,36673.0
2014-07-10,8.367,8.426,8.491,8.367,20028.0
2014-07-11,8.475,8.378,8.475,8.249,57746.0
2014-07-14,8.362,8.373,8.394,8.244,43531.0
2014-07-15,8.378,8.421,8.459,8.346,45919.0
2014-07-16,8.437000000000001,8.448,8.527999999999999,8.373,33901.0
2014-07-17,8.486,8.437000000000001,8.533999999999999,8.394,26644.0
2014-07-18,8.405,8.48,8.587,8.384,50845.0
2014-07-21,8.545,8.486,8.55,8.432,28273.0
2014-07-22,8.502,8.496,8.539,8.453,40578.0
2014-07-23,8.496,8.469,8.517999999999999,8.453,29395.0
2014-07-24,8.48,8.555,8.641,8.351,52938.0
2014-07-25,8.587,8.679,8.684,8.517999999999999,69164.0
2014-07-28,8.91,8.872,9.006,8.748,118798.0
2014-07-29,8.85,9.387,9.758,8.808,208275.0
2014-07-30,9.177999999999999,9.274,9.307,9.156,107683.0
2014-07-31,9.323,9.339,9.366,9.232000000000001,69992.0
2014-08-01,9.328,9.189,9.376,9.177999999999999,69427.0
2014-08-04,9.205,9.242,9.334,9.172,69503.0
2014-08-05,9.205,9.151,9.264,9.087,52139.0
2014-08-06,9.124,9.151,9.193999999999999,9.097000000000001,34246.0
2014-08-07,9.177999999999999,9.027999999999999,9.193999999999999,9.011000000000001,45621.0
2014-08-08,9.027999999999999,9.049,9.092,8.963,35413.0
2014-08-11,9.097000000000001,9.221,9.242,9.06,58050.0
2014-08-12,9.193999999999999,9.193999999999999,9.232000000000001,9.113,43477.0
2014-08-13,9.183,9.408999999999999,9.488999999999999,9.13,138231.0
2014-08-14,9.339,9.151,9.392999999999999,9.135,81581.0
2014-08-15,9.172,9.242,9.334,9.081,52521.0
2014-08-18,9.285,9.274,9.317,9.232000000000001,40037.0
2014-08-19,9.285,9.269,9.317,9.177999999999999,59323.0
2014-08-20,9.269,9.301,9.366,9.226,44783.0
2014-08-21,9.285,9.317,9.334,9.177999999999999,57182.0
2014-08-22,9.317,9.441,9.488999999999999,9.307,102421.0
2014-08-25,9.408999999999999,9.307,9.472999999999999,9.285,47554.0
2014-08-26,9.301,9.06,9.317,9.001,51828.0
2014-08-27,9.071,8.969,9.113,8.931000000000003,44120.0
2014-08-28,8.963,9.065,9.285,8.85,76046.0
2014-08-29,9.001,9.027999999999999,9.071,8.936,28172.0
2014-09-01,9.049,9.124,9.146,9.033,32579.0
2014-09-02,9.124,9.226,9.232000000000001,9.097000000000001,62806.0
2014-09-03,9.226,9.291,9.317,9.205,50615.0
2014-09-04,9.28,9.36,9.371,9.258,59028.0
2014-09-05,9.387,9.554,9.741,9.328,144180.0
2014-09-09,9.548,9.554,9.596,9.425,70931.0
2014-09-10,9.554,9.488999999999999,9.554,9.414,51540.0
2014-09-11,9.488999999999999,9.376,9.586,9.344,64157.0
2014-09-12,9.392999999999999,9.457,9.495,9.339,40357.0
2014-09-15,9.457,9.629,9.682,9.398,102305.0
2014-09-16,9.758,9.741,10.359000000000002,9.661,249167.0
2014-09-17,9.929,9.795,9.929,9.488999999999999,113392.0
2014-09-18,9.795,9.822000000000001,9.886000000000001,9.687999999999999,86240.0
2014-09-19,9.822000000000001,9.715,9.843,9.613,79628.0
2014-09-22,9.677,9.446,9.677,9.414,61679.0
2014-09-23,9.468,9.472999999999999,9.548,9.441,49925.0
2014-09-24,9.468,9.602,9.698,9.435,65094.0
2014-09-25,9.656,9.559,9.715,9.527000000000001,64733.0
2014-09-26,9.532,9.575,9.634,9.511000000000001,35692.0
2014-09-29,9.731,9.704,9.87,9.645,80918.0
2014-09-30,9.709,9.698,9.752,9.666,58735.0
2014-10-08,9.741,9.8,9.838,9.715,77343.0
2014-10-09,9.811,9.806000000000001,9.929,9.709,87547.0
2014-10-10,9.767999999999999,9.838,9.865,9.58,91551.0
2014-10-13,9.795,9.961,10.096,9.767999999999999,113423.0
2014-10-14,9.961,9.924,10.058,9.876,68940.0
2014-10-15,9.929,9.935,9.999,9.881,50674.0
2014-10-16,9.854,9.747,9.961,9.741,61998.0
2014-10-17,9.709,9.602,9.779,9.505,58179.0
2014-10-20,9.596,9.629,9.704,9.591000000000001,35228.0
2014-10-21,9.656,9.543,9.677,9.537,32011.0
2014-10-22,9.516,9.462,9.586,9.446,30418.0
2014-10-23,9.452,9.301,9.58,9.232000000000001,35150.0
2014-10-24,9.382,9.741,9.902000000000001,9.339,103131.0
2014-10-27,9.672,9.554,9.822000000000001,9.5,75816.0
2014-10-28,9.645,9.817,9.87,9.613,91797.0
2014-10-29,9.854,10.466,10.729000000000001,9.817,268201.0
2014-10-30,10.632,11.513,11.513,10.552,374619.0
2014-10-31,11.325,11.421,11.738,11.137,270672.0
2014-11-03,11.411,11.565999999999999,12.022,11.314,223061.0
2014-11-04,11.432,11.507,11.684000000000001,11.232999999999999,145095.0
2014-11-05,11.325,11.270999999999999,11.625,11.265999999999998,112150.0
2014-11-06,11.276,11.495999999999999,11.582,11.18,122520.0
2014-11-07,11.448,11.722000000000001,12.13,11.357000000000001,192663.0
2014-11-10,11.727,12.119000000000002,12.275,11.582,155952.0
2014-11-11,12.259,11.985,12.667,11.7,239883.0
2014-11-12,12.001,13.182,13.182,11.915,163481.0
2014-11-13,14.164000000000001,14.502,14.502,14.008,501645.0
2014-11-14,14.164000000000001,14.636,15.769,14.159,533702.0
2014-11-17,14.599,15.715,16.101,13.955,556587.0
2014-11-18,15.092,15.833,16.37,15.05,407066.0
2014-11-19,15.725999999999999,15.725999999999999,16.155,15.42,274902.0
2014-11-20,15.49,15.565,16.026,15.468,242772.0
2014-11-21,15.672,15.747,16.305,15.511,356529.0
2014-11-24,16.064,17.32,17.32,15.515999999999998,525012.0
2014-11-25,17.11,17.867,18.973,16.933,537466.0
2014-11-26,17.712,18.055,18.302,17.497,347829.0
2014-11-27,17.873,17.91,18.114,17.594,258772.0
2014-11-28,17.733,17.755,18.887,17.701,346768.0
2014-12-01,17.347,16.354,17.551,16.252,410153.0
2014-12-02,16.262,16.74,17.089000000000002,16.107,301566.0
2014-12-03,16.762,16.901,17.094,16.418,296949.0
2014-12-04,16.750999999999998,17.615,17.695999999999994,16.637999999999998,336294.0
2014-12-05,17.442999999999998,16.746,17.497,16.327,303161.0
2014-12-08,17.1,17.272000000000002,17.894000000000005,16.805,331685.0
2014-12-09,16.96,17.340999999999998,18.57,16.44,514920.0
2014-12-10,17.497,19.075,19.075,17.442999999999998,450851.0
2014-12-11,19.322,19.622,20.180999999999997,18.882,397693.0
2014-12-12,19.644000000000002,19.145,19.649,18.785,245304.0
2014-12-15,19.375,19.408,20.009,18.678,257032.0
2014-12-16,19.22,19.139,19.37,18.785,192196.0
2014-12-17,19.107,19.177,19.820999999999998,18.833,214532.0
2014-12-18,19.257,19.316,19.74,18.945999999999998,217556.0
2014-12-19,19.032,20.395,21.029,19.032,336246.0
2014-12-22,20.046,18.951,20.299,18.737000000000002,280199.0
2014-12-23,18.962,18.35,19.553,18.248,194824.0
2014-12-24,18.452,18.549,18.742,17.873,163725.0
2014-12-25,18.458,18.667,18.705,18.232,155989.0
2014-12-26,18.758,20.245,20.535,18.629,337406.0
2014-12-29,20.771,19.869,21.619,19.687,393093.0
2014-12-30,19.59,19.343,19.783,19.016,177712.0
2014-12-31,19.402,20.127,20.395,19.214000000000002,169240.0
2015-01-05,20.073,20.121,20.605,19.805,181465.0
2015-01-06,19.750999999999998,19.971,20.68,19.59,160247.0
2015-01-07,19.708,20.304000000000002,20.664,19.708,198646.0
2015-01-08,20.374000000000002,19.875,20.857,19.750999999999998,200211.0
2015-01-09,19.595,19.032,19.74,17.98,204373.0
2015-01-12,18.785,18.737000000000002,18.833,18.302,136993.0
2015-01-13,18.71,18.468,18.945999999999998,18.345,95929.0
2015-01-14,18.511,18.232,18.678,18.102999999999998,83046.0
2015-01-15,18.195,18.613,18.747,18.168,93384.0
2015-01-16,18.678,18.957,19.021,18.517,104598.0
2015-01-19,18.195,17.288,18.581,17.062,192330.0
2015-01-20,17.502,17.669,17.921,17.336,124460.0
2015-01-21,17.781,18.726,18.78,17.604,183597.0
2015-01-22,19.451,19.612000000000002,20.062,19.365,257235.0
2015-01-23,19.965999999999998,19.697,20.127,19.236,179696.0
2015-01-26,19.644000000000002,20.524,20.825,19.295,319843.0
2015-01-27,20.358,19.928,20.358,19.467,196308.0
2015-01-28,19.680999999999997,19.467,19.842,19.322,106450.0
2015-01-29,19.188,18.892,19.316,18.801,94986.0
2015-01-30,19.160999999999998,18.447,19.279,18.383,100283.0
2015-02-02,17.98,18.527,18.919,17.926,82742.0
2015-02-03,18.774,18.688,18.892,18.452,75987.0
2015-02-04,18.57,18.323,18.635,18.264,97764.0
2015-02-05,18.683,18.018,18.764,17.996,91766.0
2015-02-06,17.873,17.701,18.285999999999998,17.588,77006.0
2015-02-09,17.712,17.647000000000006,17.899,17.551,57381.0
2015-02-10,17.712,18.034000000000002,18.114,17.61,58017.0
2015-02-11,18.012,18.066,18.168,17.964000000000006,52270.0
2015-02-12,18.077,18.554000000000002,18.726,18.077,87504.0
2015-02-13,18.730999999999998,18.549,19.08,18.522000000000002,91651.0
2015-02-16,18.56,18.436,18.667,18.35,69295.0
2015-02-17,18.522000000000002,18.726,19.0,18.468,95371.0
2015-02-25,18.758,18.586,18.908,18.259,77064.0
2015-02-26,18.527,18.737000000000002,18.785,18.254,79569.0
2015-02-27,18.737000000000002,18.78,18.973,18.624000000000002,74369.0
2015-03-02,18.973,19.07,19.08,18.705,102960.0
2015-03-03,19.0,18.355999999999998,19.0,18.334,126689.0
2015-03-04,18.361,18.538,18.807000000000002,18.345,93243.0
2015-03-05,18.597,18.527,18.737000000000002,18.184,78022.0
2015-03-06,18.683,18.506,18.758,18.495,76150.0
2015-03-09,18.415,18.35,18.436,18.034000000000002,82939.0
2015-03-10,18.355999999999998,18.35,18.544,18.211,65464.0
2015-03-11,18.345,18.189,18.517,18.093,68854.0
2015-03-12,18.264,18.366,18.517,18.141,76364.0
2015-03-13,18.313,18.275,18.399,18.109,68753.0
2015-03-16,18.264,20.105,20.105,18.254,334516.0
2015-03-17,20.368,20.121,20.76,19.756,300183.0
2015-03-18,19.88,20.191,20.395,19.88,164455.0
2015-03-19,20.03,20.046,20.154,19.676,150451.0
2015-03-20,20.025,20.009,20.256,19.805,143190.0
2015-03-23,20.079,20.154,20.245,19.869,160087.0
2015-03-24,20.25,20.936999999999998,21.226999999999997,19.977,316573.0
2015-03-25,20.932,20.315,21.447,20.299,240513.0
2015-03-26,20.121,19.52,20.121,19.488,168048.0
2015-03-27,19.563,19.746,19.848,19.515,97239.2
2015-03-30,19.875,20.54,20.712,19.750999999999998,194732.0
2015-03-31,20.884,20.132,21.296999999999997,20.079,195892.0
2015-04-01,20.336,20.401,20.658,20.143,128582.0
2015-04-02,20.449,20.476,20.712,20.180999999999997,136307.0
2015-04-03,20.39,20.932,21.034000000000002,20.266,187516.0
2015-04-07,21.011999999999997,21.678,21.941,20.717,248768.0
2015-04-08,21.662,22.252,22.488000000000003,20.905,276709.0
2015-04-09,21.962,21.662,22.274,21.19,203361.0
2015-04-10,21.785,21.919,22.22,21.415,140044.0
2015-04-13,22.14,23.245,23.476,21.823,247861.0
2015-04-14,23.02,24.066,25.059,22.864,260662.0
2015-04-15,24.002,22.541999999999998,24.002,22.488000000000003,176213.0
2015-04-16,22.07,22.494,22.901999999999997,21.741999999999997,137470.0
2015-04-17,22.488000000000003,22.429000000000002,23.288,22.397,175632.0
2015-04-20,22.478,21.635,23.02,21.570999999999998,218158.0
2015-04-21,21.603,22.054000000000002,22.22,21.581,116027.0
2015-04-22,22.354,22.59,22.831999999999997,22.086,155381.0
2015-04-23,22.63300000000001,22.521,23.288,22.435,162041.0
2015-04-24,22.113000000000003,23.197,23.283,21.978,224660.0
2015-04-27,23.454,22.906999999999996,23.695999999999998,22.616999999999997,188654.0
2015-04-28,23.1,22.29,23.401,22.247,156960.0
2015-04-29,22.08,22.424,22.805,22.059,97485.0
2015-04-30,22.541999999999998,22.401999999999997,22.91800000000001,22.386,111167.0
2015-05-04,22.016,21.570999999999998,22.252,21.469,141233.0
2015-05-05,21.474,20.561999999999998,21.474,20.491999999999997,127242.0
2015-05-06,20.733,20.358,21.168000000000006,20.25,106878.0
2015-05-07,20.304000000000002,20.54,20.878,20.288,86050.0
2015-05-08,21.039,20.862,21.081999999999997,20.545,92649.0
2015-05-11,21.093000000000004,21.453000000000007,21.624000000000002,20.866999999999997,136215.0
2015-05-12,21.881999999999998,23.599,23.599,21.881999999999998,216981.0
2015-05-13,25.923000000000002,25.961,25.961,24.31900000000001,556271.0
2015-05-14,25.761999999999997,25.199,25.761999999999997,24.769000000000002,262071.0
2015-05-15,24.956999999999997,27.721,27.721,24.313000000000002,332179.0
2015-05-18,27.69400000000001,28.322,29.519000000000002,27.12,319113.0
2015-05-19,27.641,26.991,29.67,26.836,445375.0
2015-05-20,26.514,26.433000000000003,27.206,25.95,328545.0
2015-05-21,26.44400000000001,26.476,26.669,25.982,207214.0
2015-05-22,26.755,26.851999999999997,27.158,26.44400000000001,205868.0
2015-05-25,26.605,27.426,27.63,26.46,223912.0
2015-05-26,27.432,30.169,30.169,27.432,319144.0
2015-05-27,30.7,31.956,32.696999999999996,29.568,400910.0
2015-05-28,32.686,28.763,32.992,28.763,333225.0
2015-05-29,28.945,30.416,31.468000000000004,27.372,267116.0
2015-06-01,30.432,32.342,32.626999999999995,30.432,232056.0
2015-06-02,33.153,35.579,35.579,32.745,294169.0
2015-06-03,36.067,36.105,37.355,34.291,268741.0
2015-06-04,36.158,34.844,36.336,32.568000000000005,194716.0
2015-06-05,35.426,34.875,36.172,33.67,171637.0
2015-06-08,34.578,35.31800000000001,36.139,33.503,193836.0
2015-06-09,35.118,35.626,37.101,34.583,185094.0
2015-06-10,36.134,38.906,39.187,35.875,266947.0
2015-06-11,38.906,38.668,39.219,38.128,182284.0
2015-06-12,40.521,38.009,41.303999999999995,37.766,244115.0
2015-06-15,37.171,35.394,37.171,34.578,230958.0
2015-06-16,35.01,35.129,36.469,34.416,158080.0
2015-06-17,35.118,35.183,35.38800000000001,32.865,150255.0
2015-06-18,35.118,35.075,36.674,34.659,169843.0
2015-06-19,34.351,33.135,35.604,32.633,127067.0
2015-06-23,33.497,31.904,33.605,29.824,180743.0
2015-06-24,32.406,34.443000000000005,34.578,30.45,241275.0
2015-06-25,33.973,31.342,33.973,31.066,165147.0
2015-06-26,28.673000000000002,28.208000000000002,30.391,28.208000000000002,145525.0
2015-06-29,29.218000000000004,25.388,29.283,25.388,191641.0
2015-06-30,24.799,26.874000000000002,27.83,22.84800000000001,274082.0
2015-07-01,26.474,24.518,27.526999999999997,24.188000000000002,197015.0
2015-07-02,25.112,22.065,25.123,22.065,213621.0
2015-07-03,21.076,20.077,23.162,19.872,229601.0
2015-07-06,22.087,20.99,22.087,18.467,293720.0
2015-07-07,20.207,20.52,20.795,18.894000000000002,340352.0
2015-07-08,18.467,18.467,19.05,18.467,214218.0
2015-07-09,18.461,20.315,20.315,16.749000000000002,267617.0
2015-07-10,21.070999999999998,22.346,22.346,21.006,165814.0
2015-07-13,23.378,24.583000000000002,24.583000000000002,22.789,243714.0
2015-07-14,24.475,25.291,26.447,23.772,291398.0
2015-07-15,24.421,22.761999999999997,24.853,22.761999999999997,187394.0
2015-07-16,22.761999999999997,23.724,24.285999999999998,21.076,165972.0
2015-07-17,23.934,25.074,25.339000000000002,23.934,189627.0
2015-07-20,25.06900000000001,25.717,26.451999999999998,24.421,252316.0
2015-07-21,24.961,25.101,25.663,24.712,149961.0
2015-07-22,25.041999999999998,25.307,25.815,24.745,156856.0
2015-07-23,25.45300000000001,26.344,26.739,25.45300000000001,206122.0
2015-07-24,26.371,26.409000000000002,27.326999999999998,25.695999999999998,288698.0
2015-07-27,25.874000000000002,23.886,27.814,23.799,278575.0
2015-07-28,23.166999999999998,25.42,25.869,22.676,296234.0
2015-07-29,25.906,26.83,26.949,24.248,211466.0
2015-07-30,26.744,25.955,27.284000000000002,25.776999999999997,187899.0
2015-07-31,25.506999999999998,24.496,25.79300000000001,24.01,154271.0
2015-08-03,23.708000000000002,23.221,24.269000000000002,22.221999999999998,149131.0
2015-08-04,23.502,24.896,24.934,23.313000000000002,120617.0
2015-08-05,25.06900000000001,24.685,25.879,24.506999999999998,132138.0
2015-08-06,23.772,24.031999999999996,24.772,23.502,80917.0
2015-08-07,24.178,25.123,25.404,24.178,110953.0
2015-08-10,25.72300000000001,26.851999999999997,27.014,25.230999999999998,185359.0
2015-08-11,27.025,27.009,28.089000000000002,26.840999999999998,179813.0
2015-08-12,26.695,29.601999999999997,29.71,26.42,314508.0
2015-08-13,28.9,30.915,32.233000000000004,28.7,337833.0
2015-08-14,31.255,30.930999999999997,32.417,29.878,260493.0
2015-08-17,30.796,31.493000000000002,31.974,30.148000000000003,184027.0
2015-08-18,31.011999999999997,28.343000000000004,31.385,28.343000000000004,220216.0
2015-08-19,26.733,29.235,29.705,26.717,193699.0
2015-08-20,28.095,27.009,28.796999999999997,26.895,120295.0
2015-08-21,26.15,25.874000000000002,27.344,24.84800000000001,154421.0
2015-08-24,24.853,23.285999999999998,25.381999999999998,23.285999999999998,118022.0
2015-08-25,20.958000000000002,20.958000000000002,22.081,20.958000000000002,137555.0
2015-08-26,21.281999999999996,20.758000000000006,22.206,19.234,205104.0
2015-08-27,21.287,22.535,22.584,20.801,181918.0
2015-08-28,23.281,24.513,24.583000000000002,22.546,214704.0
2015-08-31,24.475,22.881,24.475,22.811,128002.0
2015-09-01,22.686,21.914,22.686,20.596,214256.0
2015-09-02,19.774,22.935,23.048000000000002,19.774,251472.0
2015-09-07,23.232,23.162,24.615,22.784000000000002,163438.0
2015-09-08,22.70300000000001,25.301,25.393,22.09800000000001,182109.0
2015-09-09,25.609,25.426,27.122,24.729,253274.0
2015-09-10,24.61,24.906999999999996,25.717,24.464000000000002,120492.0
2015-09-11,24.906999999999996,27.398000000000003,27.398000000000003,24.837,222561.0
2015-09-14,26.998,25.241999999999997,27.284000000000002,24.658,281392.0
2015-09-15,24.04300000000001,22.908,25.28,22.8,142242.0
2015-09-16,22.756999999999998,25.199,25.199,22.756999999999998,166542.0
2015-09-17,25.230999999999998,24.323,26.42,24.313000000000002,172564.0
2015-09-18,24.464000000000002,23.87,24.84800000000001,23.243000000000002,103852.0
2015-09-21,23.88,26.25800000000001,26.25800000000001,23.636999999999997,304442.0
2015-09-22,26.311999999999998,27.219,27.445999999999998,25.961,309228.0
2015-09-23,26.506,26.938000000000002,27.906,26.506,265835.0
2015-09-24,26.636,26.458000000000002,27.009,25.869,168969.0
2015-09-25,26.474,26.02,27.279,25.663,146576.0
2015-09-28,26.42,25.62,26.42,24.475,98142.0
2015-09-29,25.123,25.42,26.096,24.858,72239.0
2015-09-30,25.528000000000002,25.026,25.874000000000002,24.891,60136.0
2015-10-08,25.825,26.13300000000001,26.404,25.669,98468.0
2015-10-09,25.94400000000001,26.186999999999998,26.451999999999998,25.869,72555.0
2015-10-12,26.355,26.186999999999998,27.81900000000001,26.105999999999998,436244.0
2015-10-13,25.879,26.322,26.451999999999998,25.393,217497.0
2015-10-14,26.252,25.706999999999997,26.66800000000001,25.669,142610.0
2015-10-15,25.485,26.49,26.581999999999997,25.485,162252.0
2015-10-16,26.776,29.136999999999997,29.136999999999997,26.776,360441.0
2015-10-19,29.607,29.175,31.228,28.678,380602.0
2015-10-20,28.813000000000002,29.316,29.699,28.785999999999998,182994.0
2015-10-21,29.289,27.079,29.289,26.479,267363.0
2015-10-22,27.554000000000002,28.095,28.149,27.014,216549.0
2015-10-23,28.095,28.20300000000001,29.320999999999998,27.5,245218.0
2015-10-26,28.47300000000001,27.824,28.47300000000001,27.144000000000002,145601.0
2015-10-27,27.403000000000002,27.916,28.17,26.965,111217.0
2015-10-28,27.862,26.609,28.354,26.447,142010.0
2015-10-29,26.949,26.771,27.273000000000003,26.570999999999998,82698.0
2015-10-30,26.884,27.176,28.1,26.587,96872.0
2015-11-02,27.014,27.814,28.905,26.857,174455.0
2015-11-03,27.614,28.089000000000002,29.186,26.96,170769.0
2015-11-04,27.987,28.954,29.002,27.933000000000003,201386.0
2015-11-05,28.855999999999998,28.592,28.97,28.322,164465.0
2015-11-06,28.581,28.796999999999997,29.267,28.47300000000001,141238.0
2015-11-09,28.629,28.662,29.326,28.095,158029.0
2015-11-10,28.705,27.079,28.855999999999998,26.836,209592.0
2015-11-11,27.5,27.371,27.549,27.116999999999997,136367.0
2015-11-12,27.295,27.03,27.392,26.83,105046.0
2015-11-13,27.019000000000002,27.408,28.601999999999997,26.906,183032.0
2015-11-16,27.003,27.279,27.326999999999998,26.744,84755.0
2015-11-17,27.651999999999997,27.111,27.81900000000001,27.073,108137.0
2015-11-18,27.03,27.138,27.689,27.03,97784.0
2015-11-19,27.284000000000002,27.268,27.392,26.857,70406.0
2015-11-20,27.392,27.386999999999997,27.868000000000002,27.284000000000002,86571.0
2015-11-23,27.445999999999998,26.895,27.603,26.721999999999998,86112.0
2015-11-24,26.851999999999997,26.879,27.105999999999998,26.581999999999997,51137.0
2015-11-25,26.749000000000002,27.014,27.111,26.651999999999997,60735.0
2015-11-26,27.344,26.868000000000002,27.371,26.798000000000002,64427.0
2015-11-27,26.836,24.756,26.840999999999998,24.555999999999997,129374.0
2015-11-30,24.776999999999997,25.318,25.393,23.616,94640.0
2015-12-01,25.274,25.674,26.247,24.983,69662.0
2015-12-02,25.761,25.35,25.761,24.691,50797.0
2015-12-03,25.663,25.631,25.717,25.361,46749.0
2015-12-04,25.441999999999997,25.334,25.539,25.166,46984.0
2015-12-07,25.393,25.701,25.998,25.128,56371.0
2015-12-08,25.474,24.588,25.555,24.572,58402.0
2015-12-09,24.636999999999997,24.264,24.79300000000001,24.253,44090.0
2015-12-10,24.302,24.783,26.041999999999998,24.107,95042.0
2015-12-11,24.361,24.448,25.041999999999998,24.361,41459.0
2015-12-14,23.799,24.718000000000004,24.734,23.799,37860.0
2015-12-15,24.583000000000002,24.88,25.366,24.572,42456.0
2015-12-16,25.096,24.745,25.096,24.734,29301.0
2015-12-17,24.95,25.269000000000002,25.636,24.853,67474.0
2015-12-18,25.291,25.517,26.035999999999998,25.285,73449.0
2015-12-21,25.500999999999998,25.576999999999998,25.685,25.241999999999997,47301.0
2015-12-22,25.609,25.566,25.761,25.366,34774.0
2015-12-23,25.653000000000002,25.496,25.755,25.42,51916.0
2015-12-24,25.496,25.409000000000002,25.636,25.345,34274.0
2015-12-25,25.500999999999998,25.593000000000004,25.739,25.415,41082.0
2015-12-28,25.825,25.588,26.25800000000001,25.528000000000002,88393.0
2015-12-29,25.555,25.404,25.609,25.015,46587.0
2015-12-30,25.49,25.658,25.712,25.447,42754.0
2015-12-31,25.706999999999997,27.09,27.554000000000002,25.69,190268.0
2016-01-04,26.82,25.388,27.526999999999997,24.91800000000001,112440.0
2016-01-05,25.085,26.955,27.419,24.799,180257.0
2016-01-06,26.798000000000002,27.522,27.824,26.684,181922.0
2016-01-07,26.955,24.815,27.23,24.772,40033.0
2016-01-08,25.851999999999997,26.263,26.771,22.708000000000002,157380.0
2016-01-11,25.15,25.647,27.219,25.118000000000002,188457.0
2016-01-12,25.615,26.468000000000004,27.824,25.615,180543.0
2016-01-13,27.068,23.853,27.726999999999997,23.826,274869.0
2016-01-14,21.676,22.561999999999998,23.059,21.471,195400.0
2016-01-15,22.514,22.324,22.789,21.428,126389.0
2016-01-18,21.644000000000002,22.151999999999997,22.611,21.53,64028.0
2016-01-19,22.561999999999998,22.892,22.903000000000002,22.33,80471.0
2016-01-20,22.691999999999997,22.243000000000002,22.886,22.206,55095.0
2016-01-21,22.09800000000001,20.86,22.151999999999997,20.693,65208.0
2016-05-18,22.945999999999998,22.945999999999998,22.945999999999998,22.805,50474.0
2016-05-19,24.188000000000002,22.708000000000002,24.188000000000002,22.546,165752.0
2016-05-20,22.206,22.967,23.281,21.654,106890.0
2016-05-23,22.57800000000001,22.784000000000002,23.378,22.57800000000001,64143.0
2016-05-24,22.638,22.249000000000002,22.73,22.054000000000002,53946.0
2016-05-25,22.368000000000002,22.13,22.627,22.09800000000001,34760.0
2016-05-26,22.146,21.719,22.265,21.509,43371.0
2016-05-27,21.935,21.968000000000004,22.296999999999997,21.795,39667.0
2016-05-30,21.816999999999997,21.563000000000002,21.816999999999997,21.476,34556.0
2016-05-31,21.611,22.395,22.476,21.611,67202.0
2016-06-01,22.459,22.465,22.680999999999997,22.340999999999998,51176.0
2016-06-02,22.503,22.97300000000001,23.34,22.373,66052.0
2016-06-03,23.016,22.945999999999998,23.166999999999998,22.789,44189.0
2016-06-06,22.913,23.048000000000002,23.373,22.897,37980.0
2016-06-07,23.285999999999998,23.19400000000001,23.448,23.075,44432.0
2016-06-08,23.232,24.334,24.669,23.19400000000001,108936.0
2016-06-13,24.41,24.906999999999996,25.581999999999997,24.318,114742.0
2016-06-14,24.84800000000001,24.436999999999998,24.95,23.837,68108.0
2016-06-15,24.201999999999998,25.303,25.647,23.877,95656.0
2016-06-16,24.72300000000001,23.956,25.076999999999998,23.866999999999997,163973.0
2016-06-17,23.897,23.395,24.162,23.11,129349.0
2016-06-20,23.307,22.874000000000002,23.375,22.372,82924.0
2016-06-21,23.385,22.835,23.592,22.658,94253.0
2016-06-22,22.56900000000001,22.913,22.913,22.421999999999997,55959.0
2016-06-23,22.815,22.971999999999998,23.561999999999998,22.618000000000002,79465.0
2016-06-24,22.726,22.136,23.169,21.517,107148.0
2016-06-27,22.096999999999998,22.461,22.589000000000002,21.93,60332.0
2016-06-28,22.412,22.401999999999997,22.805,22.156,104130.0
2016-06-29,22.401999999999997,22.430999999999997,22.608,22.304000000000002,73468.0
2016-06-30,22.441,22.372,22.53,22.343000000000004,56820.0
2016-07-01,22.480999999999998,22.245,22.49,22.195,44446.0
2016-07-04,22.107,22.451,22.49,21.999000000000002,61225.0
2016-07-05,22.451,22.549,22.618000000000002,22.421999999999997,62522.0
2016-07-06,22.471,22.766,22.894000000000002,22.471,69579.0
2016-07-07,22.766,22.430999999999997,22.795,22.274,73016.0
2016-07-08,22.430999999999997,22.264,22.51,22.245,48047.0
2016-07-11,22.274,22.215,22.471,22.146,47103.0
2016-07-12,22.333000000000002,22.421999999999997,22.441,21.94,62085.0
2016-07-13,22.52,22.608,22.717,22.363000000000003,80293.0
2016-07-14,22.628,22.480999999999998,22.697,22.372,55711.0
2016-07-15,22.471,23.031,23.238000000000003,22.284000000000002,155292.0
2016-07-18,23.051,22.686999999999998,23.061,22.628,65942.0
2016-07-19,22.717,22.52,22.805,22.372,49959.0
2016-07-20,22.52,22.49,22.686999999999998,22.430999999999997,36898.0
2016-07-21,22.49,22.933000000000003,23.355999999999998,22.441,161899.0
2016-07-22,22.913,22.795,23.248,22.628,77234.0
2016-07-25,22.864,22.766,23.09,22.54,63621.0
2016-07-26,22.864,22.835,22.933000000000003,22.628,54610.0
2016-07-27,22.835,22.756,23.011999999999997,22.127,134127.0
2016-07-28,22.56900000000001,22.333000000000002,22.726,22.127,84711.0
2016-07-29,22.381999999999998,22.009,22.658,21.989,82105.0
2016-08-01,22.028000000000002,21.526999999999997,22.176,21.389,58247.0
2016-08-02,21.655,21.753,21.811999999999998,21.221999999999998,70762.0
2016-08-03,21.72300000000001,21.871,22.009,21.537,51957.0
2016-08-04,21.871,21.811999999999998,21.881,21.615,36718.0
2016-08-05,21.851,21.635,22.087,21.586,70958.0
2016-08-08,21.664,21.891,21.969,21.555999999999997,49044.0
2016-08-09,21.891,21.93,22.028000000000002,21.753,47988.0
2016-08-10,21.95,21.92,22.068,21.881,42053.0
2016-08-11,21.92,21.586,21.969,21.566,50479.0
2016-08-12,21.566,22.076999999999998,22.127,21.566,68179.0
2016-08-15,22.116999999999997,24.29,24.29,21.979,445507.0
2016-08-16,24.959,26.316,26.719,24.339000000000002,689948.0
2016-08-17,25.519000000000002,25.785,26.719,25.372,388194.0
2016-08-18,25.873,25.951999999999998,27.201,25.686,413807.0
2016-08-19,25.765,26.375,27.024,25.381999999999998,302536.0
2016-08-22,26.454,26.826999999999998,27.093000000000004,25.941999999999997,298428.0
2016-08-23,26.463,26.44400000000001,27.388,26.16800000000001,230586.0
2016-08-24,26.355,25.656999999999996,26.886,25.47,214689.0
2016-08-25,25.441,24.89,25.441,24.428,204057.0
2016-08-26,25.057,24.674,25.264,24.585,109775.0
2016-08-29,24.86,25.066999999999997,25.136,24.585,99632.0
2016-08-30,24.978,24.741999999999997,25.155,24.674,59636.0
2016-08-31,25.076999999999998,25.549,26.198,24.752,200800.0
2016-09-01,25.549,24.674,25.549,24.634,121202.0
2016-09-02,24.595,24.713,24.939,24.467,70404.0
2016-09-05,24.86,24.575,24.87,24.555999999999997,50511.0
2016-09-06,24.388,24.398000000000003,24.565,23.866999999999997,74758.0
2016-09-07,24.29,24.487,24.88,24.28,57361.0
2016-09-08,24.388,24.959,25.155,24.388,97510.0
2016-09-09,24.781999999999996,25.529,25.677,24.781999999999996,149723.0
2016-09-12,25.096,26.129,26.149,24.851,196033.0
2016-09-13,26.16800000000001,25.814,26.336,25.677,107589.0
2016-09-14,25.677,25.313000000000002,26.021,25.037,90101.0
2016-09-19,25.401,25.430999999999997,25.785,25.185,41676.0
2016-09-20,25.441,25.175,25.608,25.125999999999998,36993.0
2016-09-21,25.234,25.037,25.273000000000003,24.86,41742.0
2016-09-22,25.254,25.273000000000003,25.656999999999996,25.125999999999998,71364.0
2016-09-23,25.283,24.595,25.666999999999998,24.339000000000002,101585.0
2016-09-26,24.388,23.936,24.605,23.897,56961.0
2016-09-27,23.798000000000002,24.211,24.388,23.798000000000002,33588.0
2016-09-28,24.369,24.054000000000002,24.369,23.945999999999998,24979.0
2016-09-29,24.054000000000002,24.054000000000002,24.191999999999997,23.945999999999998,20741.0
2016-09-30,24.005,24.211,24.31,23.975,21805.0
2016-10-10,24.29,23.71,24.349,23.326,55410.0
2016-10-11,23.71,23.956,24.27,23.71,41089.0
2016-10-12,23.926,23.84800000000001,23.926,23.7,26469.0
2016-10-13,23.886999999999997,23.82800000000001,23.995,23.72,25248.0
2016-10-14,23.769000000000002,23.611,23.808000000000003,23.405,39140.0
2016-10-17,23.611,23.208000000000002,23.67,23.159000000000002,32064.0
2016-10-18,23.425,23.425,23.523000000000003,23.238000000000003,33032.0
2016-12-19,24.585,24.88,25.765,24.113000000000003,362650.0
2016-12-20,24.054000000000002,23.434,24.555999999999997,23.316,170954.0
2016-12-21,23.434,23.159000000000002,23.552,22.835,90733.0
2016-12-22,23.031,22.549,23.041,22.430999999999997,101330.0
2016-12-23,22.579,22.549,22.776,22.430999999999997,52526.0
2016-12-26,22.451,22.018,22.451,21.625,59823.0
2016-12-27,22.028000000000002,22.353,22.815,21.91,63368.0
2016-12-28,22.127,22.156,22.648000000000003,22.058000000000003,42747.0
2016-12-29,22.058000000000003,21.969,22.343000000000004,21.95,44997.0
2016-12-30,21.92,21.763,22.146,21.517,71912.0
2017-01-03,21.781999999999996,21.840999999999998,21.959,21.664,31905.0
2017-01-04,21.9,21.95,21.959,21.714000000000002,43642.0
2017-01-05,21.999000000000002,21.861,21.999000000000002,21.811999999999998,39004.0
2017-01-06,21.861,22.107,22.205,21.773000000000003,58386.0
2017-01-09,22.107,21.999000000000002,22.107,21.861,38287.0
2017-01-10,21.979,22.018,22.215,21.979,30827.0
2017-01-11,22.018,21.753,22.107,21.69400000000001,31207.0
2017-01-12,21.733,21.369,21.822,21.32,32148.0
2017-01-13,21.34,21.566,21.625,21.32,36771.0
2017-01-16,21.537,21.999000000000002,22.028000000000002,21.045,109032.0
2017-01-17,21.999000000000002,21.871,22.009,21.586,25951.0
2017-01-18,21.851,21.871,22.028000000000002,21.655,21743.0
2017-01-19,21.861,21.596,21.861,21.497,25251.0
2017-01-20,21.586,21.714000000000002,21.733,21.468000000000004,17792.0
2017-01-23,21.811999999999998,21.791999999999998,21.831999999999997,21.69400000000001,23451.0
2017-01-24,21.791999999999998,21.733,21.831999999999997,21.714000000000002,19425.0
2017-01-25,21.566,21.72300000000001,21.811999999999998,21.566,14324.0
2017-01-26,21.791999999999998,21.773000000000003,21.840999999999998,21.72300000000001,18584.0
2017-02-03,21.781999999999996,21.704,21.831999999999997,21.684,11628.0
2017-02-06,21.72300000000001,21.881,21.91,21.655,18654.0
2017-02-07,21.92,21.92,22.009,21.773000000000003,21330.0
2017-02-08,21.92,21.979,21.999000000000002,21.840999999999998,27033.0
2017-02-09,21.979,22.323,22.608,21.979,52697.0
2017-02-10,22.264,22.294,22.51,22.166,33805.0
2017-02-13,22.186,22.363000000000003,22.471,22.107,35740.0
2017-02-14,22.284000000000002,22.5,22.894000000000002,22.205,48711.0
2017-02-15,22.471,23.601999999999997,24.349,22.471,173276.0
2017-02-16,23.592,23.346,23.945999999999998,23.179000000000002,86465.0
2017-02-17,23.256999999999998,22.835,23.256999999999998,22.776,61128.0
2017-02-20,22.95300000000001,22.991999999999997,23.208000000000002,22.776,42803.0
2017-02-21,22.894000000000002,23.08,23.248,22.835,36595.0
2017-02-22,23.139,22.825,23.208000000000002,22.776,35197.0
2017-02-23,22.726,22.658,23.002,22.461,42837.0
2017-02-24,22.618000000000002,22.736,22.854,22.480999999999998,21889.0
2017-02-27,22.815,22.628,22.903000000000002,22.549,26161.0
2017-02-28,22.549,22.658,22.736,22.54,23322.0
2017-03-01,22.658,22.658,22.756,22.599,28848.0
2017-03-02,22.618000000000002,22.323,22.717,22.313000000000002,35520.0
2017-03-03,22.225,22.333000000000002,22.372,22.136,22086.0
2017-03-06,22.343000000000004,22.363000000000003,22.451,22.254,22367.0
2017-03-07,22.480999999999998,22.392,22.480999999999998,22.333000000000002,20595.0
2017-03-08,22.441,22.304000000000002,22.441,22.215,25815.0
2017-03-09,22.294,22.274,22.294,21.95,27035.0
2017-03-10,22.274,22.096999999999998,22.392,22.087,17368.0
2017-03-13,21.959,22.068,22.087,21.881,27283.0
2017-03-14,22.076999999999998,22.146,22.304000000000002,21.979,28982.0
2017-03-15,22.274,22.136,22.274,21.999000000000002,25761.0
2017-03-16,22.116999999999997,22.235,22.254,22.038,26897.0
2017-03-17,22.225,22.028000000000002,22.304000000000002,21.95,31466.0
2017-03-20,22.038,22.038,22.058000000000003,21.881,20250.0
2017-03-21,22.018,22.304000000000002,22.323,21.891,35153.0
2017-03-22,22.254,22.107,22.294,21.979,29152.0
2017-03-23,22.068,22.215,22.323,22.028000000000002,39587.0
2017-03-24,22.136,22.254,22.304000000000002,22.127,28169.0
2017-03-27,22.254,22.726,23.415,22.235,84894.0
2017-03-28,22.686999999999998,23.011999999999997,23.276999999999997,22.421999999999997,75949.0
2017-03-29,23.149,22.815,23.415,22.785,89441.0
2017-03-30,22.815,22.589000000000002,23.1,22.372,64230.0
2017-03-31,22.480999999999998,22.618000000000002,22.874000000000002,22.480999999999998,45866.0
2017-04-05,22.52,22.913,23.09,22.52,62659.0
2017-04-06,22.913,22.589000000000002,22.95300000000001,22.52,51115.0
2017-04-07,22.52,22.5,22.844,22.480999999999998,49490.0
2017-04-10,22.49,22.127,22.56900000000001,22.127,49212.0
2017-04-11,22.166,22.53,22.549,22.136,50582.0
2017-04-12,22.51,23.276999999999997,23.395,22.333000000000002,140435.0
2017-04-13,23.316,23.070999999999998,23.355999999999998,23.011999999999997,71138.0
2017-04-14,23.169,22.923000000000002,23.169,22.628,59355.0
2017-04-17,22.913,22.933000000000003,22.95300000000001,22.421999999999997,43293.0
2017-04-18,22.913,23.581999999999997,24.29,22.666999999999998,111931.0
2017-04-19,23.276999999999997,23.1,23.395,22.54,88557.0
2017-04-20,22.962,23.71,23.749000000000002,22.825,126100.0
2017-04-21,23.601999999999997,23.897,23.945999999999998,23.385,108822.0
2017-04-24,23.897,23.995,24.015,23.208000000000002,111678.0
2017-04-25,23.749000000000002,23.355999999999998,23.956,23.307,81998.0
2017-04-26,23.336,23.149,23.523000000000003,23.09,47188.0
2017-04-27,23.198,23.238000000000003,23.454,22.825,55071.0
2017-04-28,23.11,23.208000000000002,23.256999999999998,22.844,45043.0
2017-05-02,23.09,22.412,23.159000000000002,22.225,80881.0
2017-05-03,22.323,22.372,22.599,22.076999999999998,38778.0
2017-05-04,22.235,22.381999999999998,22.392,22.087,27023.0
2017-05-05,22.225,22.461,22.480999999999998,22.127,39187.0
2017-05-08,22.401999999999997,22.54,22.579,22.195,41792.0
2017-05-09,22.421999999999997,22.480999999999998,22.785,22.372,25042.0
2017-05-10,22.480999999999998,22.480999999999998,22.706999999999997,22.323,25734.0
2017-05-11,22.412,22.53,22.666999999999998,21.93,46170.0
2017-05-12,22.372,22.441,22.697,22.333000000000002,16605.0
2017-05-15,22.618000000000002,22.666999999999998,22.706999999999997,22.323,32926.0
2017-05-16,22.618000000000002,22.717,22.717,22.430999999999997,28396.0
2017-05-17,22.666999999999998,22.372,22.805,22.353,34287.0
2017-05-18,22.254,22.392,22.471,22.028000000000002,39289.0
2017-05-19,22.323,22.372,22.471,22.205,18961.0
2017-05-22,22.274,22.579,22.599,22.127,36849.0
2017-05-23,22.51,22.864,22.884,22.195,69212.0
2017-05-24,22.766,22.982,23.051,22.559,45643.0
2017-05-25,22.982,23.011999999999997,23.08,22.825,37357.0
2017-05-26,22.962,22.962,23.011999999999997,22.697,30246.0
2017-05-31,23.11,23.307,23.434,22.982,47674.0
2017-06-01,23.159000000000002,23.641,23.67,23.041,76131.0
2017-06-02,23.533,23.464000000000002,23.857,23.267,50438.0
2017-06-05,23.503,23.415,23.552,23.316,22182.0
2017-06-06,23.355999999999998,23.523000000000003,23.552,23.248,20500.0
2017-06-07,23.484,23.54300000000001,23.651,23.366,26757.0
2017-06-08,23.464000000000002,23.307,23.641,23.08,52524.0
2017-06-09,23.248,22.874000000000002,23.572,22.815,73339.0
2017-06-12,22.894000000000002,22.991999999999997,23.179000000000002,22.766,39350.0
2017-06-13,23.002,23.11,23.189,22.913,25211.0
2017-06-14,23.22,22.99,23.22,22.88,24596.0
2017-06-15,22.99,22.92,23.07,22.9,27005.0
2017-06-16,22.88,22.85,22.92,22.77,21497.0
2017-06-19,22.97,23.52,23.55,22.95,57177.0
2017-06-20,23.7,23.38,23.76,23.25,41682.0
2017-06-21,23.52,23.41,23.57,23.21,31432.0
2017-06-22,23.53,23.58,23.83,23.32,64668.0
2017-06-23,23.51,23.71,23.76,23.21,46621.0
2017-06-26,23.85,23.71,23.85,23.52,34583.0
2017-06-27,23.7,23.58,23.97,23.56,33398.0
2017-06-28,23.51,23.61,23.85,23.42,35061.0
2017-06-29,23.58,23.49,23.8,23.42,24820.0
2017-06-30,23.48,23.64,23.65,23.26,31713.0
2017-07-03,23.63,23.65,23.72,23.42,21942.0
2017-07-04,23.54,23.81,23.98,23.51,43079.0
2017-07-05,23.78,23.65,23.8,23.53,31047.0
2017-07-06,23.65,23.69,23.75,23.54,27047.0
2017-07-07,23.67,23.73,23.84,23.51,33743.0
2017-07-10,23.7,23.92,24.06,23.65,50797.0
2017-07-11,23.99,23.86,23.99,23.75,34306.0
2017-07-12,23.87,24.21,24.36,23.82,87547.0
2017-07-13,24.1,24.31,24.37,24.01,60410.0
2017-07-14,24.32,24.32,24.47,24.2,59819.0
2017-07-17,24.31,23.62,24.31,21.89,90446.0
2017-07-18,23.3,23.54,23.65,23.26,29268.0
2017-07-19,23.54,23.55,23.69,23.32,36009.0
2017-07-20,23.63,23.42,23.69,23.39,28148.0
2017-07-21,23.39,23.06,23.55,23.0,36095.0
2017-07-24,23.06,22.75,23.06,22.6,44554.0
2017-07-25,22.61,22.71,22.8,22.61,22124.0
2017-07-26,22.64,22.82,22.88,22.63,19150.0
2017-07-27,22.8,22.97,23.06,22.65,20763.0
2017-07-28,22.97,22.82,23.05,22.75,16136.0
2017-07-31,24.1,23.65,24.3,23.5,80923.0
2017-08-01,23.56,24.79,25.45,23.56,146493.0
2017-08-02,24.71,24.07,24.71,23.98,92427.0
2017-08-03,24.06,24.66,24.98,24.03,89598.0
2017-08-04,24.49,24.45,24.9,24.35,52638.0
2017-08-07,24.45,24.46,24.68,24.16,41349.0
2017-08-08,24.4,24.2,24.49,24.17,41983.0
2017-08-09,24.28,24.63,24.78,24.19,53947.0
2017-08-10,24.6,24.86,24.98,24.22,78182.0
2017-08-11,24.58,24.98,24.99,24.46,86411.0
2017-08-14,25.01,24.77,25.76,24.71,104349.0
2017-08-15,24.6,24.48,24.8,24.38,50661.0
2017-08-16,24.47,24.49,24.83,24.37,29468.0
2017-08-17,24.53,24.54,24.69,24.38,30772.0
2017-08-18,24.48,24.24,24.49,24.2,43090.0
2017-08-21,24.39,24.5,24.8,24.39,29704.0
2017-08-22,24.7,24.3,24.7,24.24,27499.0
2017-08-23,24.2,24.17,24.42,24.16,25427.0
2017-08-24,24.21,24.3,24.7,24.12,26896.0
2017-08-25,24.3,24.33,24.39,24.13,19906.0
2017-08-28,24.37,24.52,24.66,24.26,39141.0
2017-08-29,24.51,24.58,24.66,24.37,24442.0
2017-08-30,24.62,24.64,24.92,24.58,34119.0
2017-08-31,24.65,24.48,24.75,24.32,25363.0
2017-09-01,24.53,24.34,24.56,24.25,31734.0
2017-09-04,24.26,24.27,24.4,24.2,25418.0
2017-09-05,24.2,24.0,24.28,23.91,35635.0
2017-09-06,23.88,23.71,24.0,23.64,38661.0
2017-09-07,23.7,23.84,24.02,23.7,24343.0
2017-09-08,23.72,23.76,24.0,23.68,23190.0
2017-09-11,23.8,23.61,23.87,23.55,28521.0
2017-09-12,23.65,23.43,23.71,23.37,33662.0
2017-09-13,23.5,23.35,23.51,23.24,25352.0
2017-09-14,23.36,23.28,23.4,23.2,29206.0
2017-09-15,23.25,23.48,23.62,23.21,46473.0
2017-09-18,23.5,23.32,23.5,23.2,34062.0
2017-09-19,23.33,23.3,23.78,23.24,56812.0
2017-09-20,23.32,23.12,23.35,22.99,50825.0
2017-09-21,23.18,22.92,23.2,22.92,37862.0
2017-09-22,22.9,23.08,23.11,22.84,30043.0
2017-09-25,22.87,23.24,23.28,22.65,59400.0
2017-09-26,23.11,22.95,23.17,22.76,27759.0
2017-09-27,22.94,22.68,23.01,22.66,32918.0
2017-09-28,22.7,22.5,22.77,22.32,40715.0
2017-09-29,22.49,22.36,22.58,22.3,32845.0
2017-10-09,22.55,22.47,22.63,22.4,26035.0
2017-10-10,22.45,22.73,22.75,22.45,26222.0
2017-10-11,22.78,22.72,22.84,22.62,19032.0
2017-10-12,22.72,22.72,22.82,22.6,18816.0
2017-10-13,22.75,22.76,22.87,22.68,18589.0
2017-10-16,22.76,22.75,22.85,22.65,27963.0
2017-10-17,22.8,22.74,22.93,22.65,21747.0
2017-10-18,22.75,23.04,23.07,22.7,51822.0
2017-10-19,22.97,23.21,23.23,22.86,43607.0
2017-10-20,23.68,24.11,24.83,23.68,155134.0
2017-10-23,24.0,23.39,24.0,23.31,82489.0
2017-10-24,23.35,23.62,23.77,23.12,72437.0
2017-10-25,23.52,23.47,23.75,23.25,34958.0
2017-10-26,23.53,23.19,23.62,23.14,52903.0
2017-10-27,23.19,22.84,23.36,22.78,34450.0
2017-10-30,22.81,22.92,22.95,22.38,52393.0
2017-10-31,22.8,23.31,23.49,22.7,50789.0
2017-11-01,23.17,22.94,23.17,22.87,29163.0
2017-11-02,22.91,22.97,23.25,22.81,25741.0
2017-11-03,23.0,23.01,23.05,22.46,51556.0
2017-11-06,22.91,22.8,22.93,22.71,16341.0
2017-11-07,22.82,22.64,22.97,22.52,22119.0
2017-11-08,22.58,22.58,22.75,22.53,24878.0
2017-11-09,22.6,22.56,22.68,22.41,24999.0
2017-11-10,22.55,22.43,22.61,22.4,24270.0
2017-11-13,22.51,22.56,22.7,22.42,26420.0
2017-11-14,22.55,22.48,22.65,22.44,16197.0
2017-11-15,22.48,22.47,22.54,22.35,19463.0
2017-11-16,22.51,22.03,22.63,22.0,32494.0
2017-11-17,22.1,22.71,22.75,21.81,86573.0
2017-11-20,22.41,22.63,22.78,22.4,27385.0
2017-11-21,22.66,22.7,22.73,22.53,19495.0
2017-11-22,22.7,22.58,22.79,22.56,17487.0
2017-11-23,22.53,22.09,22.62,21.91,31074.0
2017-11-24,22.08,22.15,22.29,21.9,27893.0
2017-11-27,22.1,22.19,22.2,21.96,25142.0
2017-11-28,22.18,22.08,22.2,22.03,11870.0
2017-11-29,22.08,21.94,22.19,21.87,24669.0
2017-11-30,21.9,21.94,22.1,21.87,18352.0
2017-12-01,21.94,21.99,22.03,21.71,23857.0
2017-12-04,21.78,21.98,21.98,21.71,27745.0
2017-12-05,21.98,22.58,22.64,21.88,83588.0
2017-12-06,22.4,22.52,22.62,22.23,27409.0
2017-12-07,22.35,22.18,22.52,21.84,34030.0
2017-12-08,22.11,21.88,22.14,21.8,42931.0
2017-12-11,21.7,21.56,21.87,21.41,46889.0
2017-12-12,21.59,21.45,21.63,21.4,16983.0
2017-12-13,21.43,21.22,21.53,21.13,25048.0
2017-12-14,21.19,20.76,21.27,20.58,41232.0
2017-12-15,20.65,20.0,20.76,19.58,66395.0
2017-12-18,19.99,20.06,20.1,19.82,30608.0
2017-12-19,20.22,19.79,20.23,19.65,29682.0
2017-12-20,19.8,19.86,19.89,19.68,19166.0
2017-12-21,19.79,19.28,19.89,18.93,61261.0
2017-12-22,19.26,18.8,19.34,18.77,41501.0
2017-12-25,18.8,19.35,19.4,18.7,42049.0
2017-12-26,19.65,19.8,20.48,19.6,65052.0
2017-12-27,19.59,19.16,19.59,18.98,40989.0
2017-12-28,19.14,19.02,19.25,18.91,22937.0
2017-12-29,18.96,19.03,19.16,18.95,15958.0
2018-01-02,19.11,19.27,19.5,19.04,22961.0
2018-01-03,19.31,19.38,19.45,19.22,25328.0
2018-01-04,19.4,21.32,21.32,19.37,61491.0
2018-01-05,21.05,20.67,21.23,20.34,92424.0
2018-01-08,20.68,20.6,20.99,20.32,49379.0
2018-01-09,20.56,20.31,20.84,20.23,37895.0
2018-01-10,20.32,20.04,20.49,19.98,34047.0
2018-01-11,19.99,20.04,20.33,19.96,24310.0
2018-01-12,19.96,20.33,20.9,19.92,49666.0
2018-01-15,20.26,20.0,20.37,19.88,30134.0
2018-01-16,19.97,20.84,20.92,19.97,62437.0
2018-01-17,20.8,20.76,21.2,20.38,54475.0
2018-01-18,20.7,20.5,20.85,20.45,20659.0
2018-01-19,20.6,20.42,20.9,20.36,31038.0
2018-01-22,20.3,20.35,20.51,20.17,21279.0
2018-01-23,20.4,20.53,20.78,20.23,22627.0
2018-01-24,20.48,20.65,20.86,20.45,25195.0
2018-01-25,20.65,20.64,20.85,20.52,19636.0
2018-01-26,20.62,20.73,20.86,20.56,29770.0
2018-01-29,20.73,20.29,20.85,20.18,23925.0
2018-01-30,20.21,19.95,20.39,19.94,20544.0
2018-01-31,19.9,19.57,20.65,19.4,36217.0
2018-02-01,19.58,19.87,19.9,19.01,41246.0
2018-02-02,19.59,19.64,19.85,19.34,12752.0
2018-02-05,19.5,19.38,19.72,19.35,12126.0
2018-02-06,18.9,19.38,19.5,18.84,43911.0
2018-02-07,19.35,19.39,19.61,19.26,25706.0
2018-02-08,19.39,19.39,19.57,19.1,20602.0
2018-02-09,19.1,18.69,19.37,17.83,44634.0
2018-02-12,18.7,18.7,18.85,18.39,13939.0
2018-02-13,18.75,18.71,18.91,18.61,11682.0
2018-02-14,18.85,18.67,18.86,18.62,7219.0
2018-02-22,18.75,18.91,19.1,18.75,12674.0
2018-02-23,18.99,19.42,19.58,18.91,27310.0
2018-02-26,19.42,19.45,19.65,19.3,14574.0
2018-02-27,19.44,19.45,19.55,19.37,14156.0
2018-02-28,19.41,19.26,19.48,19.2,10652.0
2018-03-01,19.26,19.48,19.52,19.14,14896.0
2018-03-02,19.4,19.32,19.42,19.23,10047.0
2018-03-05,19.35,19.47,19.53,19.22,10314.0
2018-03-06,19.52,19.82,19.88,19.52,18661.0
2018-03-07,19.97,20.08,20.5,19.72,25862.0
2018-03-08,20.11,19.89,20.16,19.77,14800.0
2018-03-09,19.89,20.09,20.17,19.78,18594.0
2018-03-12,20.17,20.1,20.18,19.98,14175.0
2018-03-13,20.06,19.98,20.33,19.93,17199.0
2018-03-14,20.04,19.88,20.15,19.88,10502.0
2018-03-15,19.88,19.93,20.22,19.76,12318.0
2018-03-16,19.83,19.89,20.09,19.83,11000.0
2018-03-19,19.85,19.93,20.08,19.82,9410.0
2018-03-20,19.88,19.93,20.07,19.8,9796.0
2018-03-21,19.93,19.94,20.12,19.82,25325.0
2018-03-22,19.91,19.72,19.91,19.48,27378.0
2018-03-23,19.47,19.72,19.87,19.02,40696.0
2018-03-26,19.6,19.24,19.6,18.74,21038.0
2018-03-27,19.28,19.21,19.42,19.14,14845.0
2018-03-28,19.15,18.98,19.18,18.82,18231.0
2018-03-29,18.98,18.84,19.09,18.74,32308.0
2018-03-30,18.94,18.88,19.0,18.78,18536.0
2018-04-02,18.87,19.04,19.1,18.85,19837.0
2018-04-03,18.94,19.0,19.08,18.76,15262.0
2018-04-04,19.0,18.81,19.1,18.75,16577.0
2018-04-09,18.81,19.08,19.19,18.66,17203.0
2018-04-10,19.24,19.03,19.24,18.96,14950.0
2018-04-11,19.19,19.09,19.59,19.04,28121.0
2018-04-12,19.2,18.9,19.2,18.88,16400.0
2018-04-13,18.92,18.75,19.18,18.71,12381.0
2018-04-16,18.7,18.32,18.7,18.23,23361.0
2018-04-17,18.33,18.01,18.45,17.98,18724.0
2018-04-18,18.09,17.87,18.23,17.78,24021.0
2018-04-19,17.9,17.85,17.94,17.8,19345.0
2018-04-20,17.93,17.85,17.93,17.64,18412.0
